
###############################################################################
#
# This file contains modified crystal structure data generated from the
# MOF subset of the Cambridge Structural Database (CSD) v543 
# hosted by the Cambridge Crystallographic Data Centre (CCDC).
#
# This work is licensed under the Creative Commons
# Attribution-NonCommercial-ShareAlike 4.0 International License.
# To view a copy of this license, visit
# http://creativecommons.org/licenses/by-nc-sa/4.0/
# or send a letter to
# Creative Commons, PO Box 1866, Mountain View, CA 94042, USA.
#
# CIF created using the CSD Python API on 29 September 2022
# The structure has been converted into the P1 space group
# The structure has a 3D framework
# The original CSD entry BINROH is in the cubic crystal system
# The framework has been calculated to contain at least 10.0% void space
# The void calculation uses a probe of radius 1.32A, grid spacing 0.4
# H atom positions have been added when not included in the experimental data
# Generated hydrogen atom positions removed from atoms on special positions
#
###############################################################################

data_BINROH
_chemical_formula_moiety         '(C624 H528 Cu24 O102)n'
_symmetry_cell_setting           triclinic
_symmetry_space_group_name_H-M   'P 1'
_symmetry_Int_Tables_number      1
_space_group_name_Hall           'P 1'
loop_
_symmetry_equiv_pos_site_id
_symmetry_equiv_pos_as_xyz
1 x,y,z
_cell_length_a                   32.990(2)
_cell_length_b                   32.990(2)
_cell_length_c                   32.990(2)
_cell_angle_alpha                90
_cell_angle_beta                 90
_cell_angle_gamma                90
_cell_volume                     35904.3
loop_
_atom_site_label
_atom_site_type_symbol
_atom_site_fract_x
_atom_site_fract_y
_atom_site_fract_z
O2 O 0.03575(11) 0.30010(9) 0.71802(9)
C1 C 0.00197(18) 0.31368(13) 0.71057(13)
C2 C 0.00094(17) 0.35146(14) 0.68294(13)
C5 C 0.00207(17) 0.41866(15) 0.63203(14)
C6 C 0.03819(17) 0.40237(17) 0.64519(15)
H2 H 0.0625 0.4143 0.6374
C7 C 0.03862(18) 0.36786(16) 0.67033(15)
H3 H 0.0630 0.3562 0.6784
C11 C 0.00073(18) 0.45340(17) 0.60536(16)
H6 H 0.0250 0.4647 0.5964
O6 O 0.19957(8) 0.71821(9) 0.53334(11)
O7 O 0.19990(9) 0.71802(9) 0.46425(11)
C27 C 0.18632(13) 0.71057(13) 0.49803(18)
C28 C 0.14854(14) 0.68294(13) 0.49906(17)
C29 C 0.13237(15) 0.67160(13) 0.53285(17)
H15 H 0.1438 0.6804 0.5571
C30 C 0.09710(15) 0.64560(14) 0.53423(17)
C31 C 0.08134(15) 0.63203(14) 0.49793(17)
C32 C 0.09763(17) 0.64519(15) 0.46181(17)
H16 H 0.0857 0.6374 0.4375
C33 C 0.13214(16) 0.67033(15) 0.46138(18)
H17 H 0.1438 0.6784 0.4370
C34 C 0.07877(17) 0.63307(16) 0.57102(18)
H18 H 0.0890 0.6424 0.5956
C35 C 0.04650(17) 0.60756(17) 0.57072(19)
H19 H 0.0350 0.5995 0.5951
C36 C 0.03022(18) 0.59315(18) 0.5340(2)
C37 C 0.04660(17) 0.60536(16) 0.49927(18)
H20 H 0.0353 0.5964 0.4750
H21 H 0.0156 0.5333 0.5842
O9 O 0.03575(11) 0.19990(9) 0.78198(9)
C40 C 0.00197(18) 0.18632(13) 0.78943(13)
C41 C 0.00094(17) 0.14854(14) 0.81706(13)
C44 C 0.00207(17) 0.08134(15) 0.86797(14)
C45 C 0.03819(17) 0.09763(17) 0.85481(15)
H23 H 0.0625 0.0857 0.8626
C46 C 0.03862(18) 0.13214(16) 0.82967(15)
H24 H 0.0630 0.1438 0.8216
C50 C 0.00073(18) 0.04660(17) 0.89464(16)
H27 H 0.0250 0.0353 0.9036
Cu2 Cu 0.03974(3) 0.2500 0.7500
O14 O 0.1055(2) 0.2500 0.7500
Cu6 Cu 0.2500 0.7500 0.53974(3)
Cu9 Cu 0.2500 0.7500 0.46026(3)
O17 O 0.03334(11) 0.21821(9) 0.69957(8)
O18 O 0.03334(11) 0.28179(9) 0.80043(8)
O13 O 0.19990(9) 0.78198(9) 0.03575(11)
C66 C 0.18632(13) 0.78943(13) 0.00197(18)
C67 C 0.14854(14) 0.81706(13) 0.00094(17)
C70 C 0.08134(15) 0.86797(14) 0.00207(17)
C71 C 0.09763(17) 0.85481(15) 0.03819(17)
H37 H 0.0857 0.8626 0.0625
C72 C 0.13214(16) 0.82967(15) 0.03862(18)
H38 H 0.1438 0.8216 0.0630
C76 C 0.04660(17) 0.89464(16) 0.00073(18)
H41 H 0.0353 0.9036 0.0250
Cu10 Cu 0.2500 0.7500 0.03974(3)
O12 O 0.19957(8) 0.78179(9) 0.96666(11)
C68 C 0.13237(15) 0.82840(13) 0.96715(17)
H36 H 0.1438 0.8196 0.9429
C69 C 0.09710(15) 0.85440(14) 0.96577(17)
C73 C 0.07877(17) 0.86693(16) 0.92898(18)
H39 H 0.0890 0.8576 0.9044
C74 C 0.04650(17) 0.89244(17) 0.92928(19)
H40 H 0.0350 0.9005 0.9049
C75 C 0.03022(18) 0.90685(18) 0.9660(2)
H42 H 0.0156 0.9667 0.9158
Cu5 Cu 0.2500 0.7500 0.96026(3)
O11 O 0.78198(9) 0.03575(11) 0.19990(9)
C53 C 0.78943(13) 0.00197(18) 0.18632(13)
C54 C 0.81706(13) 0.00094(17) 0.14854(14)
C57 C 0.86797(14) 0.00207(17) 0.08134(15)
C58 C 0.85481(15) 0.03819(17) 0.09763(17)
H30 H 0.8626 0.0625 0.0857
C59 C 0.82967(15) 0.03862(18) 0.13214(16)
H31 H 0.8216 0.0630 0.1438
C63 C 0.89464(16) 0.00073(18) 0.04660(17)
H34 H 0.9036 0.0250 0.0353
Cu7 Cu 0.7500 0.03974(3) 0.2500
Cu1 Cu 0.96026(3) 0.2500 0.7500
O1 O 0.96666(11) 0.30043(8) 0.71821(9)
O3 O 0.8945(2) 0.2500 0.7500
C3 C 0.96715(17) 0.36763(15) 0.67160(13)
H1 H 0.9429 0.3562 0.6804
C4 C 0.96577(17) 0.40290(15) 0.64560(14)
C8 C 0.92898(18) 0.42123(17) 0.63307(16)
H4 H 0.9044 0.4110 0.6424
C9 C 0.92928(19) 0.45350(17) 0.60756(17)
H5 H 0.9049 0.4650 0.5995
C10 C 0.9660(2) 0.46978(18) 0.59315(18)
C12 C 0.96552(16) 0.50306(17) 0.56358(17)
C13 C 0.93606(19) 0.50397(19) 0.53350(18)
H7 H 0.9158 0.4844 0.5333
O4 O 0.78179(9) 0.53334(11) 0.30043(8)
O5 O 0.78198(9) 0.46425(11) 0.30010(9)
C14 C 0.78943(13) 0.49803(18) 0.31368(13)
C15 C 0.81706(13) 0.49906(17) 0.35146(14)
C16 C 0.82840(13) 0.53285(17) 0.36763(15)
H8 H 0.8196 0.5571 0.3562
C17 C 0.85440(14) 0.53423(17) 0.40290(15)
C18 C 0.86797(14) 0.49793(17) 0.41866(15)
C19 C 0.85481(15) 0.46181(17) 0.40237(17)
H9 H 0.8626 0.4375 0.4143
C20 C 0.82967(15) 0.46138(18) 0.36786(16)
H10 H 0.8216 0.4370 0.3562
C21 C 0.86693(16) 0.57102(18) 0.42123(17)
H11 H 0.8576 0.5956 0.4110
C22 C 0.89244(17) 0.57072(19) 0.45350(17)
H12 H 0.9005 0.5951 0.4650
C23 C 0.90685(18) 0.5340(2) 0.46978(18)
C24 C 0.89464(16) 0.49927(18) 0.45340(17)
H13 H 0.9036 0.4750 0.4647
C25 C 0.93642(17) 0.53448(16) 0.50306(17)
C26 C 0.96650(18) 0.56394(19) 0.50397(19)
H14 H 0.9667 0.5842 0.4844
C38 C 0.99694(17) 0.56358(17) 0.53448(16)
C39 C 0.99603(19) 0.53350(18) 0.56394(19)
O8 O 0.96666(11) 0.19957(8) 0.78179(9)
C42 C 0.96715(17) 0.13237(15) 0.82840(13)
H22 H 0.9429 0.1438 0.8196
C43 C 0.96577(17) 0.09710(15) 0.85440(14)
C47 C 0.92898(18) 0.07877(17) 0.86693(16)
H25 H 0.9044 0.0890 0.8576
C48 C 0.92928(19) 0.04650(17) 0.89244(17)
H26 H 0.9049 0.0350 0.9005
C49 C 0.9660(2) 0.03022(18) 0.90685(18)
H28 H 0.9158 0.0156 0.9667
Cu3 Cu 0.7500 0.53974(3) 0.2500
O15 O 0.7500 0.6055(2) 0.2500
Cu8 Cu 0.7500 0.46026(3) 0.2500
O16 O 0.71821(9) 0.53334(11) 0.19957(8)
O19 O 0.69990(9) 0.53575(11) 0.28198(9)
O20 O 0.80010(9) 0.53575(11) 0.21802(9)
O21 O 0.96425(11) 0.21802(9) 0.69990(9)
O22 O 0.96425(11) 0.28198(9) 0.80010(9)
O10 O 0.78179(9) 0.96666(11) 0.19957(8)
C55 C 0.82840(13) 0.96715(17) 0.13237(15)
H29 H 0.8196 0.9429 0.1438
C56 C 0.85440(14) 0.96577(17) 0.09710(15)
C60 C 0.86693(16) 0.92898(18) 0.07877(17)
H32 H 0.8576 0.9044 0.0890
C61 C 0.89244(17) 0.92928(19) 0.04650(17)
H33 H 0.9005 0.9049 0.0350
C62 C 0.90685(18) 0.9660(2) 0.03022(18)
H35 H 0.9667 0.9158 0.0156
Cu4 Cu 0.7500 0.96026(3) 0.2500
O11_2 O 0.71802(9) 0.46425(11) 0.19990(9)
C53_2 C 0.71057(13) 0.49803(18) 0.18632(13)
C54_2 C 0.68294(13) 0.49906(17) 0.14854(14)
C55_2 C 0.67160(13) 0.53285(17) 0.13237(15)
H29_2 H 0.6804 0.5571 0.1438
C56_2 C 0.64560(14) 0.53423(17) 0.09710(15)
C57_2 C 0.63203(14) 0.49793(17) 0.08134(15)
C58_2 C 0.64519(15) 0.46181(17) 0.09763(17)
H30_2 H 0.6374 0.4375 0.0857
C59_2 C 0.67033(15) 0.46138(18) 0.13214(16)
H31_2 H 0.6784 0.4370 0.1438
C60_2 C 0.63307(16) 0.57102(18) 0.07877(17)
H32_2 H 0.6424 0.5956 0.0890
C61_2 C 0.60756(17) 0.57072(19) 0.04650(17)
H33_2 H 0.5995 0.5951 0.0350
C62_2 C 0.59315(18) 0.5340(2) 0.03022(18)
C63_2 C 0.60536(16) 0.49927(18) 0.04660(17)
H34_2 H 0.5964 0.4750 0.0353
H35_2 H 0.5333 0.5842 0.0156
O13_2 O 0.30010(9) 0.71802(9) 0.03575(11)
C66_2 C 0.31368(13) 0.71057(13) 0.00197(18)
C67_2 C 0.35146(14) 0.68294(13) 0.00094(17)
C70_2 C 0.41866(15) 0.63203(14) 0.00207(17)
C71_2 C 0.40237(17) 0.64519(15) 0.03819(17)
H37_2 H 0.4143 0.6374 0.0625
C72_2 C 0.36786(16) 0.67033(15) 0.03862(18)
H38_2 H 0.3562 0.6784 0.0630
C76_2 C 0.45340(17) 0.60536(16) 0.00073(18)
H41_2 H 0.4647 0.5964 0.0250
Cu1_2 Cu 0.53974(3) 0.2500 0.7500
O1_2 O 0.53334(11) 0.19957(8) 0.71821(9)
O2_2 O 0.46425(11) 0.19990(9) 0.71802(9)
O3_2 O 0.6055(2) 0.2500 0.7500
C1_2 C 0.49803(18) 0.18632(13) 0.71057(13)
C2_2 C 0.49906(17) 0.14854(14) 0.68294(13)
C3_2 C 0.53285(17) 0.13237(15) 0.67160(13)
H1_2 H 0.5571 0.1438 0.6804
C4_2 C 0.53423(17) 0.09710(15) 0.64560(14)
C5_2 C 0.49793(17) 0.08134(15) 0.63203(14)
C6_2 C 0.46181(17) 0.09763(17) 0.64519(15)
H2_2 H 0.4375 0.0857 0.6374
C7_2 C 0.46138(18) 0.13214(16) 0.67033(15)
H3_2 H 0.4370 0.1438 0.6784
C8_2 C 0.57102(18) 0.07877(17) 0.63307(16)
H4_2 H 0.5956 0.0890 0.6424
C9_2 C 0.57072(19) 0.04650(17) 0.60756(17)
H5_2 H 0.5951 0.0350 0.5995
C10_2 C 0.5340(2) 0.03022(18) 0.59315(18)
C11_2 C 0.49927(18) 0.04660(17) 0.60536(16)
H6_2 H 0.4750 0.0353 0.5964
H7_2 H 0.5842 0.0156 0.5333
O5_2 O 0.71802(9) 0.03575(11) 0.30010(9)
C14_2 C 0.71057(13) 0.00197(18) 0.31368(13)
C15_2 C 0.68294(13) 0.00094(17) 0.35146(14)
C18_2 C 0.63203(14) 0.00207(17) 0.41866(15)
C19_2 C 0.64519(15) 0.03819(17) 0.40237(17)
H9_2 H 0.6374 0.0625 0.4143
C20_2 C 0.67033(15) 0.03862(18) 0.36786(16)
H10_2 H 0.6784 0.0630 0.3562
C24_2 C 0.60536(16) 0.00073(18) 0.45340(17)
H13_2 H 0.5964 0.0250 0.4647
O8_2 O 0.53334(11) 0.30043(8) 0.78179(9)
O9_2 O 0.46425(11) 0.30010(9) 0.78198(9)
C40_2 C 0.49803(18) 0.31368(13) 0.78943(13)
C41_2 C 0.49906(17) 0.35146(14) 0.81706(13)
C42_2 C 0.53285(17) 0.36763(15) 0.82840(13)
H22_2 H 0.5571 0.3562 0.8196
C43_2 C 0.53423(17) 0.40290(15) 0.85440(14)
C44_2 C 0.49793(17) 0.41866(15) 0.86797(14)
C45_2 C 0.46181(17) 0.40237(17) 0.85481(15)
H23_2 H 0.4375 0.4143 0.8626
C46_2 C 0.46138(18) 0.36786(16) 0.82967(15)
H24_2 H 0.4370 0.3562 0.8216
C47_2 C 0.57102(18) 0.42123(17) 0.86693(16)
H25_2 H 0.5956 0.4110 0.8576
C48_2 C 0.57072(19) 0.45350(17) 0.89244(17)
H26_2 H 0.5951 0.4650 0.9005
C49_2 C 0.5340(2) 0.46978(18) 0.90685(18)
C50_2 C 0.49927(18) 0.45340(17) 0.89464(16)
H27_2 H 0.4750 0.4647 0.9036
C51 C 0.53448(16) 0.50306(17) 0.93642(17)
C52 C 0.56394(19) 0.50397(19) 0.96650(18)
H28_2 H 0.5842 0.4844 0.9667
C64 C 0.56358(17) 0.53448(16) 0.99694(17)
C65 C 0.53350(18) 0.56394(19) 0.99603(19)
O12_2 O 0.30043(8) 0.71821(9) 0.96666(11)
C68_2 C 0.36763(15) 0.67160(13) 0.96715(17)
H36_2 H 0.3562 0.6804 0.9429
C69_2 C 0.40290(15) 0.64560(14) 0.96577(17)
C73_2 C 0.42123(17) 0.63307(16) 0.92898(18)
H39_2 H 0.4110 0.6424 0.9044
C74_2 C 0.45350(17) 0.60756(17) 0.92928(19)
H40_2 H 0.4650 0.5995 0.9049
C75_2 C 0.46978(18) 0.59315(18) 0.9660(2)
C77 C 0.50306(17) 0.56358(17) 0.96552(16)
C78 C 0.50397(19) 0.53350(18) 0.93606(19)
H42_2 H 0.4844 0.5333 0.9158
Cu2_2 Cu 0.46026(3) 0.2500 0.7500
O14_2 O 0.3945(2) 0.2500 0.7500
O17_2 O 0.46666(11) 0.28179(9) 0.69957(8)
O18_2 O 0.46666(11) 0.21821(9) 0.80043(8)
O21_2 O 0.53575(11) 0.28198(9) 0.69990(9)
O22_2 O 0.53575(11) 0.21802(9) 0.80010(9)
C12_2 C 0.53448(16) 0.99694(17) 0.56358(17)
C13_2 C 0.56394(19) 0.99603(19) 0.53350(18)
O4_2 O 0.71821(9) 0.96666(11) 0.30043(8)
C16_2 C 0.67160(13) 0.96715(17) 0.36763(15)
H8_2 H 0.6804 0.9429 0.3562
C17_2 C 0.64560(14) 0.96577(17) 0.40290(15)
C21_2 C 0.63307(16) 0.92898(18) 0.42123(17)
H11_2 H 0.6424 0.9044 0.4110
C22_2 C 0.60756(17) 0.92928(19) 0.45350(17)
H12_2 H 0.5995 0.9049 0.4650
C23_2 C 0.59315(18) 0.9660(2) 0.46978(18)
C25_2 C 0.56358(17) 0.96552(16) 0.50306(17)
C26_2 C 0.53350(18) 0.93606(19) 0.50397(19)
H14_2 H 0.5333 0.9158 0.4844
O6_2 O 0.30043(8) 0.78179(9) 0.53334(11)
O7_2 O 0.30010(9) 0.78198(9) 0.46425(11)
C27_2 C 0.31368(13) 0.78943(13) 0.49803(18)
C28_2 C 0.35146(14) 0.81706(13) 0.49906(17)
C29_2 C 0.36763(15) 0.82840(13) 0.53285(17)
H15_2 H 0.3562 0.8196 0.5571
C30_2 C 0.40290(15) 0.85440(14) 0.53423(17)
C31_2 C 0.41866(15) 0.86797(14) 0.49793(17)
C32_2 C 0.40237(17) 0.85481(15) 0.46181(17)
H16_2 H 0.4143 0.8626 0.4375
C33_2 C 0.36786(16) 0.82967(15) 0.46138(18)
H17_2 H 0.3562 0.8216 0.4370
C34_2 C 0.42123(17) 0.86693(16) 0.57102(18)
H18_2 H 0.4110 0.8576 0.5956
C35_2 C 0.45350(17) 0.89244(17) 0.57072(19)
H19_2 H 0.4650 0.9005 0.5951
C36_2 C 0.46978(18) 0.90685(18) 0.5340(2)
C37_2 C 0.45340(17) 0.89464(16) 0.49927(18)
H20_2 H 0.4647 0.9036 0.4750
C38_2 C 0.50306(17) 0.93642(17) 0.53448(16)
C39_2 C 0.50397(19) 0.96650(18) 0.56394(19)
H21_2 H 0.4844 0.9667 0.5842
O15_2 O 0.7500 0.8945(2) 0.2500
O19_2 O 0.80010(9) 0.96425(11) 0.28198(9)
O20_2 O 0.69990(9) 0.96425(11) 0.21802(9)
O14_3 O 0.7500 0.1055(2) 0.2500
O17_3 O 0.69957(8) 0.03334(11) 0.21821(9)
O18_3 O 0.80043(8) 0.03334(11) 0.28179(9)
O15_3 O 0.2500 0.7500 0.6055(2)
O19_3 O 0.28198(9) 0.69990(9) 0.53575(11)
O20_3 O 0.21802(9) 0.80010(9) 0.53575(11)
O14_4 O 0.7500 0.3945(2) 0.2500
O17_4 O 0.80043(8) 0.46666(11) 0.21821(9)
O18_4 O 0.69957(8) 0.46666(11) 0.28179(9)
O15_4 O 0.2500 0.7500 0.8945(2)
O19_4 O 0.28198(9) 0.80010(9) 0.96425(11)
O20_4 O 0.21802(9) 0.69990(9) 0.96425(11)
O14_5 O 0.2500 0.7500 0.1055(2)
O17_5 O 0.21821(9) 0.69957(8) 0.03334(11)
O18_5 O 0.28179(9) 0.80043(8) 0.03334(11)
O14_6 O 0.2500 0.7500 0.3945(2)
O17_6 O 0.21821(9) 0.80043(8) 0.46666(11)
O18_6 O 0.28179(9) 0.69957(8) 0.46666(11)
C12_3 C 0.00306(17) 0.03448(16) 0.43642(17)
C13_3 C 0.00397(19) 0.06394(19) 0.46650(18)
C16_3 C 0.03285(17) 0.17160(13) 0.63237(15)
H8_3 H 0.0571 0.1804 0.6438
C17_3 C 0.03423(17) 0.14560(14) 0.59710(15)
C21_3 C 0.07102(18) 0.13307(16) 0.57877(17)
H11_3 H 0.0956 0.1424 0.5890
C22_3 C 0.07072(19) 0.10756(17) 0.54650(17)
H12_3 H 0.0951 0.0995 0.5350
C23_3 C 0.0340(2) 0.09315(18) 0.53022(18)
C25_3 C 0.03448(16) 0.06358(17) 0.49694(17)
C26_3 C 0.06394(19) 0.03350(18) 0.49603(19)
H14_3 H 0.0842 0.0333 0.5156
C38_3 C 0.06358(17) 0.00306(17) 0.46552(16)
C39_3 C 0.03350(18) 0.00397(19) 0.43606(19)
C27_3 C 0.21057(13) 0.81368(13) 0.50197(18)
C28_3 C 0.18294(13) 0.85146(14) 0.50094(17)
C29_3 C 0.17160(13) 0.86763(15) 0.46715(17)
H15_3 H 0.1804 0.8562 0.4429
C30_3 C 0.14560(14) 0.90290(15) 0.46577(17)
C31_3 C 0.13203(14) 0.91866(15) 0.50207(17)
C32_3 C 0.14519(15) 0.90237(17) 0.53819(17)
H16_3 H 0.1374 0.9143 0.5625
C33_3 C 0.17033(15) 0.86786(16) 0.53862(18)
H17_3 H 0.1784 0.8562 0.5630
C34_3 C 0.13307(16) 0.92123(17) 0.42898(18)
H18_3 H 0.1424 0.9110 0.4044
C35_3 C 0.10756(17) 0.95350(17) 0.42928(19)
H19_3 H 0.0995 0.9650 0.4049
C36_3 C 0.09315(18) 0.96978(18) 0.4660(2)
C37_3 C 0.10536(16) 0.95340(17) 0.50073(18)
H20_3 H 0.0964 0.9647 0.5250
H21_3 H 0.0333 0.9844 0.4158
C3_3 C 0.86763(15) 0.03285(17) 0.32840(13)
H1_3 H 0.8562 0.0571 0.3196
C4_3 C 0.90290(15) 0.03423(17) 0.35440(14)
C8_3 C 0.92123(17) 0.07102(18) 0.36693(16)
H4_3 H 0.9110 0.0956 0.3576
C9_3 C 0.95350(17) 0.07072(19) 0.39244(17)
H5_3 H 0.9650 0.0951 0.4005
C10_3 C 0.96978(18) 0.0340(2) 0.40685(18)
H7_3 H 0.9844 0.0842 0.4667
C14_3 C 0.99803(18) 0.21057(13) 0.68632(13)
C15_3 C 0.99906(17) 0.18294(13) 0.64854(14)
C18_3 C 0.99793(17) 0.13203(14) 0.58134(15)
C19_3 C 0.96181(17) 0.14519(15) 0.59763(17)
H9_3 H 0.9375 0.1374 0.5857
C20_3 C 0.96138(18) 0.17033(15) 0.63214(16)
H10_3 H 0.9370 0.1784 0.6438
C24_3 C 0.99927(18) 0.10536(16) 0.54660(17)
H13_3 H 0.9750 0.0964 0.5353
C42_3 C 0.63237(15) 0.03285(17) 0.17160(13)
H22_3 H 0.6438 0.0571 0.1804
C43_3 C 0.59710(15) 0.03423(17) 0.14560(14)
C47_3 C 0.57877(17) 0.07102(18) 0.13307(16)
H25_3 H 0.5890 0.0956 0.1424
C48_3 C 0.54650(17) 0.07072(19) 0.10756(17)
H26_3 H 0.5350 0.0951 0.0995
C49_3 C 0.53022(18) 0.0340(2) 0.09315(18)
C51_2 C 0.49694(17) 0.03448(16) 0.06358(17)
C52_2 C 0.49603(19) 0.06394(19) 0.03350(18)
H28_3 H 0.5156 0.0842 0.0333
C64_2 C 0.46552(16) 0.06358(17) 0.00306(17)
C65_2 C 0.43606(19) 0.03350(18) 0.00397(19)
C77_2 C 0.43642(17) 0.00306(17) 0.03448(16)
C78_2 C 0.46650(18) 0.00397(19) 0.06394(19)
C53_3 C 0.50197(18) 0.21057(13) 0.81368(13)
C54_3 C 0.50094(17) 0.18294(13) 0.85146(14)
C55_3 C 0.46715(17) 0.17160(13) 0.86763(15)
H29_3 H 0.4429 0.1804 0.8562
C56_3 C 0.46577(17) 0.14560(14) 0.90290(15)
C57_3 C 0.50207(17) 0.13203(14) 0.91866(15)
C58_3 C 0.53819(17) 0.14519(15) 0.90237(17)
H30_3 H 0.5625 0.1374 0.9143
C59_3 C 0.53862(18) 0.17033(15) 0.86786(16)
H31_3 H 0.5630 0.1784 0.8562
C60_3 C 0.42898(18) 0.13307(16) 0.92123(17)
H32_3 H 0.4044 0.1424 0.9110
C61_3 C 0.42928(19) 0.10756(17) 0.95350(17)
H33_3 H 0.4049 0.0995 0.9650
C62_3 C 0.4660(2) 0.09315(18) 0.96978(18)
C63_3 C 0.50073(18) 0.10536(16) 0.95340(17)
H34_3 H 0.5250 0.0964 0.9647
H35_3 H 0.4158 0.0333 0.9844
C1_3 C 0.81368(13) 0.99803(18) 0.28943(13)
C2_3 C 0.85146(14) 0.99906(17) 0.31706(13)
C5_3 C 0.91866(15) 0.99793(17) 0.36797(14)
C6_3 C 0.90237(17) 0.96181(17) 0.35481(15)
H2_3 H 0.9143 0.9375 0.3626
C7_3 C 0.86786(16) 0.96138(18) 0.32967(15)
H3_3 H 0.8562 0.9370 0.3216
C11_3 C 0.95340(17) 0.99927(18) 0.39464(16)
H6_3 H 0.9647 0.9750 0.4036
C40_3 C 0.68632(13) 0.99803(18) 0.21057(13)
C41_3 C 0.64854(14) 0.99906(17) 0.18294(13)
C44_3 C 0.58134(15) 0.99793(17) 0.13203(14)
C45_3 C 0.59763(17) 0.96181(17) 0.14519(15)
H23_3 H 0.5857 0.9375 0.1374
C46_3 C 0.63214(16) 0.96138(18) 0.17033(15)
H24_3 H 0.6438 0.9370 0.1784
C50_3 C 0.54660(17) 0.99927(18) 0.10536(16)
H27_3 H 0.5353 0.9750 0.0964
C68_3 C 0.32840(13) 0.86763(15) 0.03285(17)
H36_3 H 0.3196 0.8562 0.0571
C69_3 C 0.35440(14) 0.90290(15) 0.03423(17)
C73_3 C 0.36693(16) 0.92123(17) 0.07102(18)
H39_3 H 0.3576 0.9110 0.0956
C74_3 C 0.39244(17) 0.95350(17) 0.07072(19)
H40_3 H 0.4005 0.9650 0.0951
C75_3 C 0.40685(18) 0.96978(18) 0.0340(2)
H42_3 H 0.4667 0.9844 0.0842
C66_3 C 0.28943(13) 0.81368(13) 0.99803(18)
C67_3 C 0.31706(13) 0.85146(14) 0.99906(17)
C70_3 C 0.36797(14) 0.91866(15) 0.99793(17)
C71_3 C 0.35481(15) 0.90237(17) 0.96181(17)
H37_3 H 0.3626 0.9143 0.9375
C72_3 C 0.32967(15) 0.86786(16) 0.96138(18)
H38_3 H 0.3216 0.8562 0.9370
C76_3 C 0.39464(16) 0.95340(17) 0.99927(18)
H41_3 H 0.4036 0.9647 0.9750
C51_3 C 0.00306(17) 0.46552(16) 0.06358(17)
C52_3 C 0.00397(19) 0.43606(19) 0.03350(18)
C64_3 C 0.03448(16) 0.43642(17) 0.00306(17)
C65_3 C 0.06394(19) 0.46650(18) 0.00397(19)
C68_4 C 0.17160(13) 0.63237(15) 0.03285(17)
H36_4 H 0.1804 0.6438 0.0571
C69_4 C 0.14560(14) 0.59710(15) 0.03423(17)
C73_4 C 0.13307(16) 0.57877(17) 0.07102(18)
H39_4 H 0.1424 0.5890 0.0956
C74_4 C 0.10756(17) 0.54650(17) 0.07072(19)
H40_4 H 0.0995 0.5350 0.0951
C75_4 C 0.09315(18) 0.53022(18) 0.0340(2)
C77_3 C 0.06358(17) 0.49694(17) 0.03448(16)
C78_3 C 0.03350(18) 0.49603(19) 0.06394(19)
H42_4 H 0.0333 0.5156 0.0842
C55_4 C 0.03285(17) 0.32840(13) 0.86763(15)
H29_4 H 0.0571 0.3196 0.8562
C56_4 C 0.03423(17) 0.35440(14) 0.90290(15)
C60_4 C 0.07102(18) 0.36693(16) 0.92123(17)
H32_4 H 0.0956 0.3576 0.9110
C61_4 C 0.07072(19) 0.39244(17) 0.95350(17)
H33_4 H 0.0951 0.4005 0.9650
C62_4 C 0.0340(2) 0.40685(18) 0.96978(18)
H35_4 H 0.0842 0.4667 0.9844
C66_4 C 0.21057(13) 0.68632(13) 0.99803(18)
C67_4 C 0.18294(13) 0.64854(14) 0.99906(17)
C70_4 C 0.13203(14) 0.58134(15) 0.99793(17)
C71_4 C 0.14519(15) 0.59763(17) 0.96181(17)
H37_4 H 0.1374 0.5857 0.9375
C72_4 C 0.17033(15) 0.63214(16) 0.96138(18)
H38_4 H 0.1784 0.6438 0.9370
C76_4 C 0.10536(16) 0.54660(17) 0.99927(18)
H41_4 H 0.0964 0.5353 0.9750
C1_4 C 0.68632(13) 0.50197(18) 0.28943(13)
C2_4 C 0.64854(14) 0.50094(17) 0.31706(13)
C3_4 C 0.63237(15) 0.46715(17) 0.32840(13)
H1_4 H 0.6438 0.4429 0.3196
C4_4 C 0.59710(15) 0.46577(17) 0.35440(14)
C5_4 C 0.58134(15) 0.50207(17) 0.36797(14)
C6_4 C 0.59763(17) 0.53819(17) 0.35481(15)
H2_4 H 0.5857 0.5625 0.3626
C7_4 C 0.63214(16) 0.53862(18) 0.32967(15)
H3_4 H 0.6438 0.5630 0.3216
C8_4 C 0.57877(17) 0.42898(18) 0.36693(16)
H4_4 H 0.5890 0.4044 0.3576
C9_4 C 0.54650(17) 0.42928(19) 0.39244(17)
H5_4 H 0.5350 0.4049 0.4005
C10_4 C 0.53022(18) 0.4660(2) 0.40685(18)
C11_4 C 0.54660(17) 0.50073(18) 0.39464(16)
H6_4 H 0.5353 0.5250 0.4036
C12_4 C 0.49694(17) 0.46552(16) 0.43642(17)
C13_4 C 0.49603(19) 0.43606(19) 0.46650(18)
H7_4 H 0.5156 0.4158 0.4667
C14_4 C 0.50197(18) 0.28943(13) 0.68632(13)
C15_4 C 0.50094(17) 0.31706(13) 0.64854(14)
C16_4 C 0.46715(17) 0.32840(13) 0.63237(15)
H8_4 H 0.4429 0.3196 0.6438
C17_4 C 0.46577(17) 0.35440(14) 0.59710(15)
C18_4 C 0.50207(17) 0.36797(14) 0.58134(15)
C19_4 C 0.53819(17) 0.35481(15) 0.59763(17)
H9_4 H 0.5625 0.3626 0.5857
C20_4 C 0.53862(18) 0.32967(15) 0.63214(16)
H10_4 H 0.5630 0.3216 0.6438
C21_4 C 0.42898(18) 0.36693(16) 0.57877(17)
H11_4 H 0.4044 0.3576 0.5890
C22_4 C 0.42928(19) 0.39244(17) 0.54650(17)
H12_4 H 0.4049 0.4005 0.5350
C23_4 C 0.4660(2) 0.40685(18) 0.53022(18)
C24_4 C 0.50073(18) 0.39464(16) 0.54660(17)
H13_4 H 0.5250 0.4036 0.5353
C25_4 C 0.46552(16) 0.43642(17) 0.49694(17)
C26_4 C 0.43606(19) 0.46650(18) 0.49603(19)
H14_4 H 0.4158 0.4667 0.5156
C27_4 C 0.28943(13) 0.68632(13) 0.50197(18)
C28_4 C 0.31706(13) 0.64854(14) 0.50094(17)
C29_4 C 0.32840(13) 0.63237(15) 0.46715(17)
H15_4 H 0.3196 0.6438 0.4429
C30_4 C 0.35440(14) 0.59710(15) 0.46577(17)
C31_4 C 0.36797(14) 0.58134(15) 0.50207(17)
C32_4 C 0.35481(15) 0.59763(17) 0.53819(17)
H16_4 H 0.3626 0.5857 0.5625
C33_4 C 0.32967(15) 0.63214(16) 0.53862(18)
H17_4 H 0.3216 0.6438 0.5630
C34_4 C 0.36693(16) 0.57877(17) 0.42898(18)
H18_4 H 0.3576 0.5890 0.4044
C35_4 C 0.39244(17) 0.54650(17) 0.42928(19)
H19_4 H 0.4005 0.5350 0.4049
C36_4 C 0.40685(18) 0.53022(18) 0.4660(2)
C37_4 C 0.39464(16) 0.54660(17) 0.50073(18)
H20_4 H 0.4036 0.5353 0.5250
C38_4 C 0.43642(17) 0.49694(17) 0.46552(16)
C39_4 C 0.46650(18) 0.49603(19) 0.43606(19)
H21_4 H 0.4667 0.5156 0.4158
C40_4 C 0.81368(13) 0.50197(18) 0.21057(13)
C41_4 C 0.85146(14) 0.50094(17) 0.18294(13)
C42_4 C 0.86763(15) 0.46715(17) 0.17160(13)
H22_4 H 0.8562 0.4429 0.1804
C43_4 C 0.90290(15) 0.46577(17) 0.14560(14)
C44_4 C 0.91866(15) 0.50207(17) 0.13203(14)
C45_4 C 0.90237(17) 0.53819(17) 0.14519(15)
H23_4 H 0.9143 0.5625 0.1374
C46_4 C 0.86786(16) 0.53862(18) 0.17033(15)
H24_4 H 0.8562 0.5630 0.1784
C47_4 C 0.92123(17) 0.42898(18) 0.13307(16)
H25_4 H 0.9110 0.4044 0.1424
C48_4 C 0.95350(17) 0.42928(19) 0.10756(17)
H26_4 H 0.9650 0.4049 0.0995
C49_4 C 0.96978(18) 0.4660(2) 0.09315(18)
C50_4 C 0.95340(17) 0.50073(18) 0.10536(16)
H27_4 H 0.9647 0.5250 0.0964
H28_4 H 0.9844 0.4158 0.0333
C53_4 C 0.99803(18) 0.28943(13) 0.81368(13)
C54_4 C 0.99906(17) 0.31706(13) 0.85146(14)
C57_4 C 0.99793(17) 0.36797(14) 0.91866(15)
C58_4 C 0.96181(17) 0.35481(15) 0.90237(17)
H30_4 H 0.9375 0.3626 0.9143
C59_4 C 0.96138(18) 0.32967(15) 0.86786(16)
H31_4 H 0.9370 0.3216 0.8562
C63_4 C 0.99927(18) 0.39464(16) 0.95340(17)
H34_4 H 0.9750 0.4036 0.9647
C51_4 C 0.96552(16) 0.99694(17) 0.93642(17)
C52_4 C 0.93606(19) 0.99603(19) 0.96650(18)
C64_4 C 0.93642(17) 0.96552(16) 0.99694(17)
C65_4 C 0.96650(18) 0.93606(19) 0.99603(19)
C77_4 C 0.99694(17) 0.93642(17) 0.96552(16)
C78_4 C 0.99603(19) 0.96650(18) 0.93606(19)
O13_3 O 0.71802(9) 0.19990(9) 0.03575(11)
C66_5 C 0.71057(13) 0.18632(13) 0.00197(18)
C67_5 C 0.68294(13) 0.14854(14) 0.00094(17)
C70_5 C 0.63203(14) 0.08134(15) 0.00207(17)
C71_5 C 0.64519(15) 0.09763(17) 0.03819(17)
H37_5 H 0.6374 0.0857 0.0625
C72_5 C 0.67033(15) 0.13214(16) 0.03862(18)
H38_5 H 0.6784 0.1438 0.0630
C76_5 C 0.60536(16) 0.04660(17) 0.00073(18)
H41_5 H 0.5964 0.0353 0.0250
Cu10_2 Cu 0.7500 0.2500 0.03974(3)
O2_3 O 0.19990(9) 0.03575(11) 0.71802(9)
C1_5 C 0.18632(13) 0.00197(18) 0.71057(13)
C2_5 C 0.14854(14) 0.00094(17) 0.68294(13)
C5_5 C 0.08134(15) 0.00207(17) 0.63203(14)
C6_5 C 0.09763(17) 0.03819(17) 0.64519(15)
H2_5 H 0.0857 0.0625 0.6374
C7_5 C 0.13214(16) 0.03862(18) 0.67033(15)
H3_5 H 0.1438 0.0630 0.6784
C11_5 C 0.04660(17) 0.00073(18) 0.60536(16)
H6_5 H 0.0353 0.0250 0.5964
O9_3 O 0.30010(9) 0.03575(11) 0.78198(9)
C40_5 C 0.31368(13) 0.00197(18) 0.78943(13)
C41_5 C 0.35146(14) 0.00094(17) 0.81706(13)
C44_5 C 0.41866(15) 0.00207(17) 0.86797(14)
C45_5 C 0.40237(17) 0.03819(17) 0.85481(15)
H23_5 H 0.4143 0.0625 0.8626
C46_5 C 0.36786(16) 0.03862(18) 0.82967(15)
H24_5 H 0.3562 0.0630 0.8216
C50_5 C 0.45340(17) 0.00073(18) 0.89464(16)
H27_5 H 0.4647 0.0250 0.9036
O12_3 O 0.71821(9) 0.19957(8) 0.96666(11)
C68_5 C 0.67160(13) 0.13237(15) 0.96715(17)
H36_5 H 0.6804 0.1438 0.9429
C69_5 C 0.64560(14) 0.09710(15) 0.96577(17)
C73_5 C 0.63307(16) 0.07877(17) 0.92898(18)
H39_5 H 0.6424 0.0890 0.9044
C74_5 C 0.60756(17) 0.04650(17) 0.92928(19)
H40_5 H 0.5995 0.0350 0.9049
C75_5 C 0.59315(18) 0.03022(18) 0.9660(2)
H42_5 H 0.5333 0.0156 0.9158
Cu2_3 Cu 0.2500 0.03974(3) 0.7500
O14_7 O 0.2500 0.1055(2) 0.7500
Cu5_2 Cu 0.7500 0.2500 0.96026(3)
O17_7 O 0.28179(9) 0.03334(11) 0.69957(8)
O18_7 O 0.21821(9) 0.03334(11) 0.80043(8)
O10_2 O 0.53334(11) 0.78179(9) 0.19957(8)
O11_3 O 0.46425(11) 0.78198(9) 0.19990(9)
C53_5 C 0.49803(18) 0.78943(13) 0.18632(13)
C54_5 C 0.49906(17) 0.81706(13) 0.14854(14)
C55_5 C 0.53285(17) 0.82840(13) 0.13237(15)
H29_5 H 0.5571 0.8196 0.1438
C56_5 C 0.53423(17) 0.85440(14) 0.09710(15)
C57_5 C 0.49793(17) 0.86797(14) 0.08134(15)
C58_5 C 0.46181(17) 0.85481(15) 0.09763(17)
H30_5 H 0.4375 0.8626 0.0857
C59_5 C 0.46138(18) 0.82967(15) 0.13214(16)
H31_5 H 0.4370 0.8216 0.1438
C60_5 C 0.57102(18) 0.86693(16) 0.07877(17)
H32_5 H 0.5956 0.8576 0.0890
C61_5 C 0.57072(19) 0.89244(17) 0.04650(17)
H33_5 H 0.5951 0.9005 0.0350
C62_5 C 0.5340(2) 0.90685(18) 0.03022(18)
C63_5 C 0.49927(18) 0.89464(16) 0.04660(17)
H34_5 H 0.4750 0.9036 0.0353
H35_5 H 0.5842 0.9667 0.0156
Cu4_2 Cu 0.53974(3) 0.7500 0.2500
Cu7_2 Cu 0.46026(3) 0.7500 0.2500
Cu1_3 Cu 0.2500 0.96026(3) 0.7500
O1_3 O 0.19957(8) 0.96666(11) 0.71821(9)
O3_3 O 0.2500 0.8945(2) 0.7500
C3_5 C 0.13237(15) 0.96715(17) 0.67160(13)
H1_5 H 0.1438 0.9429 0.6804
C4_5 C 0.09710(15) 0.96577(17) 0.64560(14)
C8_5 C 0.07877(17) 0.92898(18) 0.63307(16)
H4_5 H 0.0890 0.9044 0.6424
C9_5 C 0.04650(17) 0.92928(19) 0.60756(17)
H5_5 H 0.0350 0.9049 0.5995
C10_5 C 0.03022(18) 0.9660(2) 0.59315(18)
H7_5 H 0.0156 0.9158 0.5333
O5_3 O 0.03575(11) 0.78198(9) 0.30010(9)
C14_5 C 0.00197(18) 0.78943(13) 0.31368(13)
C15_5 C 0.00094(17) 0.81706(13) 0.35146(14)
C18_5 C 0.00207(17) 0.86797(14) 0.41866(15)
C19_5 C 0.03819(17) 0.85481(15) 0.40237(17)
H9_5 H 0.0625 0.8626 0.4143
C20_5 C 0.03862(18) 0.82967(15) 0.36786(16)
H10_5 H 0.0630 0.8216 0.3562
C24_5 C 0.00073(18) 0.89464(16) 0.45340(17)
H13_5 H 0.0250 0.9036 0.4647
O8_3 O 0.30043(8) 0.96666(11) 0.78179(9)
C42_5 C 0.36763(15) 0.96715(17) 0.82840(13)
H22_5 H 0.3562 0.9429 0.8196
C43_5 C 0.40290(15) 0.96577(17) 0.85440(14)
C47_5 C 0.42123(17) 0.92898(18) 0.86693(16)
H25_5 H 0.4110 0.9044 0.8576
C48_5 C 0.45350(17) 0.92928(19) 0.89244(17)
H26_5 H 0.4650 0.9049 0.9005
C49_5 C 0.46978(18) 0.9660(2) 0.90685(18)
C51_5 C 0.50306(17) 0.96552(16) 0.93642(17)
C52_5 C 0.50397(19) 0.93606(19) 0.96650(18)
H28_5 H 0.4844 0.9158 0.9667
C64_5 C 0.53448(16) 0.93642(17) 0.99694(17)
C65_5 C 0.56394(19) 0.96650(18) 0.99603(19)
C77_5 C 0.56358(17) 0.99694(17) 0.96552(16)
C78_5 C 0.53350(18) 0.99603(19) 0.93606(19)
Cu8_2 Cu 0.03974(3) 0.7500 0.2500
O21_3 O 0.28198(9) 0.96425(11) 0.69990(9)
O22_3 O 0.21802(9) 0.96425(11) 0.80010(9)
O6_3 O 0.78179(9) 0.19957(8) 0.53334(11)
O7_3 O 0.78198(9) 0.19990(9) 0.46425(11)
C27_5 C 0.78943(13) 0.18632(13) 0.49803(18)
C28_5 C 0.81706(13) 0.14854(14) 0.49906(17)
C29_5 C 0.82840(13) 0.13237(15) 0.53285(17)
H15_5 H 0.8196 0.1438 0.5571
C30_5 C 0.85440(14) 0.09710(15) 0.53423(17)
C31_5 C 0.86797(14) 0.08134(15) 0.49793(17)
C32_5 C 0.85481(15) 0.09763(17) 0.46181(17)
H16_5 H 0.8626 0.0857 0.4375
C33_5 C 0.82967(15) 0.13214(16) 0.46138(18)
H17_5 H 0.8216 0.1438 0.4370
C34_5 C 0.86693(16) 0.07877(17) 0.57102(18)
H18_5 H 0.8576 0.0890 0.5956
C35_5 C 0.89244(17) 0.04650(17) 0.57072(19)
H19_5 H 0.9005 0.0350 0.5951
C36_5 C 0.90685(18) 0.03022(18) 0.5340(2)
C37_5 C 0.89464(16) 0.04660(17) 0.49927(18)
H20_5 H 0.9036 0.0353 0.4750
H21_5 H 0.9667 0.0156 0.5842
Cu6_2 Cu 0.7500 0.2500 0.53974(3)
Cu9_2 Cu 0.7500 0.2500 0.46026(3)
C12_5 C 0.99694(17) 0.96552(16) 0.56358(17)
C13_5 C 0.99603(19) 0.93606(19) 0.53350(18)
O4_3 O 0.96666(11) 0.78179(9) 0.30043(8)
C16_5 C 0.96715(17) 0.82840(13) 0.36763(15)
H8_5 H 0.9429 0.8196 0.3562
C17_5 C 0.96577(17) 0.85440(14) 0.40290(15)
C21_5 C 0.92898(18) 0.86693(16) 0.42123(17)
H11_5 H 0.9044 0.8576 0.4110
C22_5 C 0.92928(19) 0.89244(17) 0.45350(17)
H12_5 H 0.9049 0.9005 0.4650
C23_5 C 0.9660(2) 0.90685(18) 0.46978(18)
C25_5 C 0.96552(16) 0.93642(17) 0.50306(17)
C26_5 C 0.93606(19) 0.96650(18) 0.50397(19)
H14_5 H 0.9158 0.9667 0.4844
C38_5 C 0.93642(17) 0.99694(17) 0.53448(16)
C39_5 C 0.96650(18) 0.99603(19) 0.56394(19)
Cu3_2 Cu 0.96026(3) 0.7500 0.2500
O15_5 O 0.8945(2) 0.7500 0.2500
O16_2 O 0.96666(11) 0.71821(9) 0.19957(8)
O19_5 O 0.96425(11) 0.69990(9) 0.28198(9)
O20_5 O 0.96425(11) 0.80010(9) 0.21802(9)
O11_4 O 0.03575(11) 0.71802(9) 0.19990(9)
C53_6 C 0.00197(18) 0.71057(13) 0.18632(13)
C54_6 C 0.00094(17) 0.68294(13) 0.14854(14)
C57_6 C 0.00207(17) 0.63203(14) 0.08134(15)
C58_6 C 0.03819(17) 0.64519(15) 0.09763(17)
H30_6 H 0.0625 0.6374 0.0857
C59_6 C 0.03862(18) 0.67033(15) 0.13214(16)
H31_6 H 0.0630 0.6784 0.1438
C63_6 C 0.00073(18) 0.60536(16) 0.04660(17)
H34_6 H 0.0250 0.5964 0.0353
Cu1_4 Cu 0.2500 0.53974(3) 0.7500
O1_4 O 0.30043(8) 0.53334(11) 0.71821(9)
O2_4 O 0.30010(9) 0.46425(11) 0.71802(9)
O3_4 O 0.2500 0.6055(2) 0.7500
C1_6 C 0.31368(13) 0.49803(18) 0.71057(13)
C2_6 C 0.35146(14) 0.49906(17) 0.68294(13)
C3_6 C 0.36763(15) 0.53285(17) 0.67160(13)
H1_6 H 0.3562 0.5571 0.6804
C4_6 C 0.40290(15) 0.53423(17) 0.64560(14)
C5_6 C 0.41866(15) 0.49793(17) 0.63203(14)
C6_6 C 0.40237(17) 0.46181(17) 0.64519(15)
H2_6 H 0.4143 0.4375 0.6374
C7_6 C 0.36786(16) 0.46138(18) 0.67033(15)
H3_6 H 0.3562 0.4370 0.6784
C8_6 C 0.42123(17) 0.57102(18) 0.63307(16)
H4_6 H 0.4110 0.5956 0.6424
C9_6 C 0.45350(17) 0.57072(19) 0.60756(17)
H5_6 H 0.4650 0.5951 0.5995
C10_6 C 0.46978(18) 0.5340(2) 0.59315(18)
C11_6 C 0.45340(17) 0.49927(18) 0.60536(16)
H6_6 H 0.4647 0.4750 0.5964
C12_6 C 0.50306(17) 0.53448(16) 0.56358(17)
C13_6 C 0.50397(19) 0.56394(19) 0.53350(18)
H7_6 H 0.4844 0.5842 0.5333
O4_4 O 0.53334(11) 0.71821(9) 0.30043(8)
O5_4 O 0.46425(11) 0.71802(9) 0.30010(9)
C14_6 C 0.49803(18) 0.71057(13) 0.31368(13)
C15_6 C 0.49906(17) 0.68294(13) 0.35146(14)
C16_6 C 0.53285(17) 0.67160(13) 0.36763(15)
H8_6 H 0.5571 0.6804 0.3562
C17_6 C 0.53423(17) 0.64560(14) 0.40290(15)
C18_6 C 0.49793(17) 0.63203(14) 0.41866(15)
C19_6 C 0.46181(17) 0.64519(15) 0.40237(17)
H9_6 H 0.4375 0.6374 0.4143
C20_6 C 0.46138(18) 0.67033(15) 0.36786(16)
H10_6 H 0.4370 0.6784 0.3562
C21_6 C 0.57102(18) 0.63307(16) 0.42123(17)
H11_6 H 0.5956 0.6424 0.4110
C22_6 C 0.57072(19) 0.60756(17) 0.45350(17)
H12_6 H 0.5951 0.5995 0.4650
C23_6 C 0.5340(2) 0.59315(18) 0.46978(18)
C24_6 C 0.49927(18) 0.60536(16) 0.45340(17)
H13_6 H 0.4750 0.5964 0.4647
C25_6 C 0.53448(16) 0.56358(17) 0.50306(17)
C26_6 C 0.56394(19) 0.53350(18) 0.50397(19)
H14_6 H 0.5842 0.5333 0.4844
O6_4 O 0.71821(9) 0.30043(8) 0.53334(11)
O7_4 O 0.71802(9) 0.30010(9) 0.46425(11)
C27_6 C 0.71057(13) 0.31368(13) 0.49803(18)
C28_6 C 0.68294(13) 0.35146(14) 0.49906(17)
C29_6 C 0.67160(13) 0.36763(15) 0.53285(17)
H15_6 H 0.6804 0.3562 0.5571
C30_6 C 0.64560(14) 0.40290(15) 0.53423(17)
C31_6 C 0.63203(14) 0.41866(15) 0.49793(17)
C32_6 C 0.64519(15) 0.40237(17) 0.46181(17)
H16_6 H 0.6374 0.4143 0.4375
C33_6 C 0.67033(15) 0.36786(16) 0.46138(18)
H17_6 H 0.6784 0.3562 0.4370
C34_6 C 0.63307(16) 0.42123(17) 0.57102(18)
H18_6 H 0.6424 0.4110 0.5956
C35_6 C 0.60756(17) 0.45350(17) 0.57072(19)
H19_6 H 0.5995 0.4650 0.5951
C36_6 C 0.59315(18) 0.46978(18) 0.5340(2)
C37_6 C 0.60536(16) 0.45340(17) 0.49927(18)
H20_6 H 0.5964 0.4647 0.4750
C38_6 C 0.56358(17) 0.50306(17) 0.53448(16)
C39_6 C 0.53350(18) 0.50397(19) 0.56394(19)
H21_6 H 0.5333 0.4844 0.5842
O8_4 O 0.19957(8) 0.53334(11) 0.78179(9)
O9_4 O 0.19990(9) 0.46425(11) 0.78198(9)
C40_6 C 0.18632(13) 0.49803(18) 0.78943(13)
C41_6 C 0.14854(14) 0.49906(17) 0.81706(13)
C42_6 C 0.13237(15) 0.53285(17) 0.82840(13)
H22_6 H 0.1438 0.5571 0.8196
C43_6 C 0.09710(15) 0.53423(17) 0.85440(14)
C44_6 C 0.08134(15) 0.49793(17) 0.86797(14)
C45_6 C 0.09763(17) 0.46181(17) 0.85481(15)
H23_6 H 0.0857 0.4375 0.8626
C46_6 C 0.13214(16) 0.46138(18) 0.82967(15)
H24_6 H 0.1438 0.4370 0.8216
C47_6 C 0.07877(17) 0.57102(18) 0.86693(16)
H25_6 H 0.0890 0.5956 0.8576
C48_6 C 0.04650(17) 0.57072(19) 0.89244(17)
H26_6 H 0.0350 0.5951 0.9005
C49_6 C 0.03022(18) 0.5340(2) 0.90685(18)
C50_6 C 0.04660(17) 0.49927(18) 0.89464(16)
H27_6 H 0.0353 0.4750 0.9036
H28_6 H 0.0156 0.5842 0.9667
Cu2_4 Cu 0.2500 0.46026(3) 0.7500
O14_8 O 0.2500 0.3945(2) 0.7500
O15_6 O 0.6055(2) 0.7500 0.2500
O17_8 O 0.21821(9) 0.46666(11) 0.69957(8)
O18_8 O 0.28179(9) 0.46666(11) 0.80043(8)
O19_6 O 0.53575(11) 0.80010(9) 0.28198(9)
O20_6 O 0.53575(11) 0.69990(9) 0.21802(9)
O21_4 O 0.21802(9) 0.53575(11) 0.69990(9)
O22_4 O 0.28198(9) 0.53575(11) 0.80010(9)
C55_6 C 0.96715(17) 0.67160(13) 0.13237(15)
H29_6 H 0.9429 0.6804 0.1438
C56_6 C 0.96577(17) 0.64560(14) 0.09710(15)
C60_6 C 0.92898(18) 0.63307(16) 0.07877(17)
H32_6 H 0.9044 0.6424 0.0890
C61_6 C 0.92928(19) 0.60756(17) 0.04650(17)
H33_6 H 0.9049 0.5995 0.0350
C62_6 C 0.9660(2) 0.59315(18) 0.03022(18)
H35_6 H 0.9158 0.5333 0.0156
O13_4 O 0.78198(9) 0.30010(9) 0.03575(11)
C66_6 C 0.78943(13) 0.31368(13) 0.00197(18)
C67_6 C 0.81706(13) 0.35146(14) 0.00094(17)
C70_6 C 0.86797(14) 0.41866(15) 0.00207(17)
C71_6 C 0.85481(15) 0.40237(17) 0.03819(17)
H37_6 H 0.8626 0.4143 0.0625
C72_6 C 0.82967(15) 0.36786(16) 0.03862(18)
H38_6 H 0.8216 0.3562 0.0630
C76_6 C 0.89464(16) 0.45340(17) 0.00073(18)
H41_6 H 0.9036 0.4647 0.0250
C51_6 C 0.99694(17) 0.53448(16) 0.93642(17)
C52_6 C 0.99603(19) 0.56394(19) 0.96650(18)
C64_6 C 0.96552(16) 0.56358(17) 0.99694(17)
C65_6 C 0.93606(19) 0.53350(18) 0.99603(19)
O12_4 O 0.78179(9) 0.30043(8) 0.96666(11)
C68_6 C 0.82840(13) 0.36763(15) 0.96715(17)
H36_6 H 0.8196 0.3562 0.9429
C69_6 C 0.85440(14) 0.40290(15) 0.96577(17)
C73_6 C 0.86693(16) 0.42123(17) 0.92898(18)
H39_6 H 0.8576 0.4110 0.9044
C74_6 C 0.89244(17) 0.45350(17) 0.92928(19)
H40_6 H 0.9005 0.4650 0.9049
C75_6 C 0.90685(18) 0.46978(18) 0.9660(2)
C77_6 C 0.93642(17) 0.50306(17) 0.96552(16)
C78_6 C 0.96650(18) 0.50397(19) 0.93606(19)
H42_6 H 0.9667 0.4844 0.9158
O14_9 O 0.3945(2) 0.7500 0.2500
O15_7 O 0.7500 0.2500 0.6055(2)
O17_9 O 0.46666(11) 0.69957(8) 0.21821(9)
O18_9 O 0.46666(11) 0.80043(8) 0.28179(9)
O19_7 O 0.80010(9) 0.28198(9) 0.53575(11)
O20_7 O 0.69990(9) 0.21802(9) 0.53575(11)
O14_10 O 0.1055(2) 0.7500 0.2500
O17_10 O 0.03334(11) 0.80043(8) 0.21821(9)
O18_10 O 0.03334(11) 0.69957(8) 0.28179(9)
O15_8 O 0.7500 0.2500 0.8945(2)
O19_8 O 0.69990(9) 0.28198(9) 0.96425(11)
O20_8 O 0.80010(9) 0.21802(9) 0.96425(11)
O14_11 O 0.7500 0.2500 0.3945(2)
O17_11 O 0.80043(8) 0.28179(9) 0.46666(11)
O18_11 O 0.69957(8) 0.21821(9) 0.46666(11)
O14_12 O 0.7500 0.2500 0.1055(2)
O17_12 O 0.80043(8) 0.21821(9) 0.03334(11)
O18_12 O 0.69957(8) 0.28179(9) 0.03334(11)
C55_7 C 0.17160(13) 0.03285(17) 0.86763(15)
H29_7 H 0.1804 0.0571 0.8562
C56_7 C 0.14560(14) 0.03423(17) 0.90290(15)
C60_7 C 0.13307(16) 0.07102(18) 0.92123(17)
H32_7 H 0.1424 0.0956 0.9110
C61_7 C 0.10756(17) 0.07072(19) 0.95350(17)
H33_7 H 0.0995 0.0951 0.9650
C62_7 C 0.09315(18) 0.0340(2) 0.96978(18)
H35_7 H 0.0333 0.0842 0.9844
C3_7 C 0.03285(17) 0.63237(15) 0.32840(13)
H1_7 H 0.0571 0.6438 0.3196
C4_7 C 0.03423(17) 0.59710(15) 0.35440(14)
C8_7 C 0.07102(18) 0.57877(17) 0.36693(16)
H4_7 H 0.0956 0.5890 0.3576
C9_7 C 0.07072(19) 0.54650(17) 0.39244(17)
H5_7 H 0.0951 0.5350 0.4005
C10_7 C 0.0340(2) 0.53022(18) 0.40685(18)
C12_7 C 0.03448(16) 0.49694(17) 0.43642(17)
C13_7 C 0.06394(19) 0.49603(19) 0.46650(18)
H7_7 H 0.0842 0.5156 0.4667
C14_7 C 0.21057(13) 0.50197(18) 0.68632(13)
C15_7 C 0.18294(13) 0.50094(17) 0.64854(14)
C16_7 C 0.17160(13) 0.46715(17) 0.63237(15)
H8_7 H 0.1804 0.4429 0.6438
C17_7 C 0.14560(14) 0.46577(17) 0.59710(15)
C18_7 C 0.13203(14) 0.50207(17) 0.58134(15)
C19_7 C 0.14519(15) 0.53819(17) 0.59763(17)
H9_7 H 0.1374 0.5625 0.5857
C20_7 C 0.17033(15) 0.53862(18) 0.63214(16)
H10_7 H 0.1784 0.5630 0.6438
C21_7 C 0.13307(16) 0.42898(18) 0.57877(17)
H11_7 H 0.1424 0.4044 0.5890
C22_7 C 0.10756(17) 0.42928(19) 0.54650(17)
H12_7 H 0.0995 0.4049 0.5350
C23_7 C 0.09315(18) 0.4660(2) 0.53022(18)
C24_7 C 0.10536(16) 0.50073(18) 0.54660(17)
H13_7 H 0.0964 0.5250 0.5353
C25_7 C 0.06358(17) 0.46552(16) 0.49694(17)
C26_7 C 0.03350(18) 0.43606(19) 0.49603(19)
H14_7 H 0.0333 0.4158 0.5156
C38_7 C 0.00306(17) 0.43642(17) 0.46552(16)
C39_7 C 0.00397(19) 0.46650(18) 0.43606(19)
C42_7 C 0.03285(17) 0.86763(15) 0.17160(13)
H22_7 H 0.0571 0.8562 0.1804
C43_7 C 0.03423(17) 0.90290(15) 0.14560(14)
C47_7 C 0.07102(18) 0.92123(17) 0.13307(16)
H25_7 H 0.0956 0.9110 0.1424
C48_7 C 0.07072(19) 0.95350(17) 0.10756(17)
H26_7 H 0.0951 0.9650 0.0995
C49_7 C 0.0340(2) 0.96978(18) 0.09315(18)
H28_7 H 0.0842 0.9844 0.0333
C53_7 C 0.21057(13) 0.99803(18) 0.81368(13)
C54_7 C 0.18294(13) 0.99906(17) 0.85146(14)
C57_7 C 0.13203(14) 0.99793(17) 0.91866(15)
C58_7 C 0.14519(15) 0.96181(17) 0.90237(17)
H30_7 H 0.1374 0.9375 0.9143
C59_7 C 0.17033(15) 0.96138(18) 0.86786(16)
H31_7 H 0.1784 0.9370 0.8562
C63_7 C 0.10536(16) 0.99927(18) 0.95340(17)
H34_7 H 0.0964 0.9750 0.9647
C68_7 C 0.86763(15) 0.17160(13) 0.03285(17)
H36_7 H 0.8562 0.1804 0.0571
C69_7 C 0.90290(15) 0.14560(14) 0.03423(17)
C73_7 C 0.92123(17) 0.13307(16) 0.07102(18)
H39_7 H 0.9110 0.1424 0.0956
C74_7 C 0.95350(17) 0.10756(17) 0.07072(19)
H40_7 H 0.9650 0.0995 0.0951
C75_7 C 0.96978(18) 0.09315(18) 0.0340(2)
H42_7 H 0.9844 0.0333 0.0842
C66_7 C 0.81368(13) 0.21057(13) 0.99803(18)
C67_7 C 0.85146(14) 0.18294(13) 0.99906(17)
C70_7 C 0.91866(15) 0.13203(14) 0.99793(17)
C71_7 C 0.90237(17) 0.14519(15) 0.96181(17)
H37_7 H 0.9143 0.1374 0.9375
C72_7 C 0.86786(16) 0.17033(15) 0.96138(18)
H38_7 H 0.8562 0.1784 0.9370
C76_7 C 0.95340(17) 0.10536(16) 0.99927(18)
H41_7 H 0.9647 0.0964 0.9750
C1_7 C 0.99803(18) 0.68632(13) 0.28943(13)
C2_7 C 0.99906(17) 0.64854(14) 0.31706(13)
C5_7 C 0.99793(17) 0.58134(15) 0.36797(14)
C6_7 C 0.96181(17) 0.59763(17) 0.35481(15)
H2_7 H 0.9375 0.5857 0.3626
C7_7 C 0.96138(18) 0.63214(16) 0.32967(15)
H3_7 H 0.9370 0.6438 0.3216
C11_7 C 0.99927(18) 0.54660(17) 0.39464(16)
H6_7 H 0.9750 0.5353 0.4036
C27_7 C 0.81368(13) 0.28943(13) 0.50197(18)
C28_7 C 0.85146(14) 0.31706(13) 0.50094(17)
C29_7 C 0.86763(15) 0.32840(13) 0.46715(17)
H15_7 H 0.8562 0.3196 0.4429
C30_7 C 0.90290(15) 0.35440(14) 0.46577(17)
C31_7 C 0.91866(15) 0.36797(14) 0.50207(17)
C32_7 C 0.90237(17) 0.35481(15) 0.53819(17)
H16_7 H 0.9143 0.3626 0.5625
C33_7 C 0.86786(16) 0.32967(15) 0.53862(18)
H17_7 H 0.8562 0.3216 0.5630
C34_7 C 0.92123(17) 0.36693(16) 0.42898(18)
H18_7 H 0.9110 0.3576 0.4044
C35_7 C 0.95350(17) 0.39244(17) 0.42928(19)
H19_7 H 0.9650 0.4005 0.4049
C36_7 C 0.96978(18) 0.40685(18) 0.4660(2)
C37_7 C 0.95340(17) 0.39464(16) 0.50073(18)
H20_7 H 0.9647 0.4036 0.5250
H21_7 H 0.9844 0.4667 0.4158
C40_7 C 0.99803(18) 0.81368(13) 0.21057(13)
C41_7 C 0.99906(17) 0.85146(14) 0.18294(13)
C44_7 C 0.99793(17) 0.91866(15) 0.13203(14)
C45_7 C 0.96181(17) 0.90237(17) 0.14519(15)
H23_7 H 0.9375 0.9143 0.1374
C46_7 C 0.96138(18) 0.86786(16) 0.17033(15)
H24_7 H 0.9370 0.8562 0.1784
C50_7 C 0.99927(18) 0.95340(17) 0.10536(16)
H27_7 H 0.9750 0.9647 0.0964
C12_8 C 0.46552(16) 0.00306(17) 0.43642(17)
C13_8 C 0.43606(19) 0.00397(19) 0.46650(18)
C16_8 C 0.32840(13) 0.03285(17) 0.63237(15)
H8_8 H 0.3196 0.0571 0.6438
C17_8 C 0.35440(14) 0.03423(17) 0.59710(15)
C21_8 C 0.36693(16) 0.07102(18) 0.57877(17)
H11_8 H 0.3576 0.0956 0.5890
C22_8 C 0.39244(17) 0.07072(19) 0.54650(17)
H12_8 H 0.4005 0.0951 0.5350
C23_8 C 0.40685(18) 0.0340(2) 0.53022(18)
C25_8 C 0.43642(17) 0.03448(16) 0.49694(17)
C26_8 C 0.46650(18) 0.06394(19) 0.49603(19)
H14_8 H 0.4667 0.0842 0.5156
C27_8 C 0.68632(13) 0.21057(13) 0.50197(18)
C28_8 C 0.64854(14) 0.18294(13) 0.50094(17)
C29_8 C 0.63237(15) 0.17160(13) 0.46715(17)
H15_8 H 0.6438 0.1804 0.4429
C30_8 C 0.59710(15) 0.14560(14) 0.46577(17)
C31_8 C 0.58134(15) 0.13203(14) 0.50207(17)
