
###############################################################################
#
# This file contains modified crystal structure data generated from the
# MOF subset of the Cambridge Structural Database (CSD) v543 
# hosted by the Cambridge Crystallographic Data Centre (CCDC).
#
# This work is licensed under the Creative Commons
# Attribution-NonCommercial-ShareAlike 4.0 International License.
# To view a copy of this license, visit
# http://creativecommons.org/licenses/by-nc-sa/4.0/
# or send a letter to
# Creative Commons, PO Box 1866, Mountain View, CA 94042, USA.
#
# CIF created using the CSD Python API on 29 September 2022
# The structure has been converted into the P1 space group
# The structure has a 3D framework
# The original CSD entry BINSAU is in the cubic crystal system
# The framework has been calculated to contain at least 10.0% void space
# The void calculation uses a probe of radius 1.32A, grid spacing 0.4
# H atom positions have been added when not included in the experimental data
# Generated hydrogen atom positions removed from atoms on special positions
#
###############################################################################

data_BINSAU
_chemical_formula_moiety         '(C624 H528 Mn24 O100)n'
_symmetry_cell_setting           triclinic
_symmetry_space_group_name_H-M   'P 1'
_symmetry_Int_Tables_number      1
_space_group_name_Hall           'P 1'
loop_
_symmetry_equiv_pos_site_id
_symmetry_equiv_pos_as_xyz
1 x,y,z
_cell_length_a                   33.5118(18)
_cell_length_b                   33.5118(18)
_cell_length_c                   33.5118(18)
_cell_angle_alpha                90
_cell_angle_beta                 90
_cell_angle_gamma                90
_cell_volume                     37635.1
loop_
_atom_site_label
_atom_site_type_symbol
_atom_site_fract_x
_atom_site_fract_y
_atom_site_fract_z
O13 O 0.02369(8) 0.20009(6) 0.71713(6)
H39 H 0.0231 0.0395 0.5943
C75 C 0.03249(10) 0.10056(10) 0.64415(10)
H40 H 0.0574 0.0892 0.6382
C76 C 0.03055(11) 0.13405(10) 0.66767(9)
H41 H 0.0542 0.1465 0.6762
Mn6 Mn 0.048937(19) 0.2500 0.7500
O10 O 0.19818(6) 0.78464(6) 0.54244(8)
O11 O 0.20009(6) 0.78287(6) 0.47631(8)
C53 C 0.18503(10) 0.79366(10) 0.50887(12)
C54 C 0.14973(9) 0.82099(9) 0.50627(10)
C55 C 0.13254(9) 0.83360(8) 0.53994(10)
H29 H 0.1431 0.8255 0.5646
C56 C 0.09866(8) 0.85891(8) 0.53914(9)
C57 C 0.08060(9) 0.87384(9) 0.57469(10)
H30 H 0.0910 0.8662 0.5996
C58 C 0.04788(10) 0.89953(10) 0.57354(10)
H31 H 0.0364 0.9091 0.5973
C59 C 0.03217(8) 0.91097(8) 0.53603(8)
C60 C 0.04983(9) 0.89734(9) 0.50162(9)
H32 H 0.0395 0.9057 0.4769
C61 C 0.08328(8) 0.87100(8) 0.50212(9)
C62 C 0.10056(10) 0.85585(10) 0.46751(10)
H33 H 0.0892 0.8618 0.4426
C63 C 0.13405(10) 0.83233(9) 0.46945(11)
H34 H 0.1465 0.8238 0.4458
H35 H 0.0148 0.9726 0.5828
Mn5 Mn 0.2500 0.7500 0.451063(19)
Mn10 Mn 0.2500 0.7500 0.548937(19)
Mn1 Mn 0.7500 0.048937(19) 0.2500
O2 O 0.71713(6) 0.02369(8) 0.20009(6)
H4 H 0.5943 0.0231 0.0395
C10 C 0.64415(10) 0.03249(10) 0.10056(10)
H5 H 0.6382 0.0574 0.0892
C11 C 0.66767(9) 0.03055(11) 0.13405(10)
H6 H 0.6762 0.0542 0.1465
O3 O 0.7500 0.11152(12) 0.2500
O9 O 0.78287(6) 0.02369(8) 0.29991(6)
H25 H 0.9057 0.0231 0.4605
C49 C 0.85585(10) 0.03249(10) 0.39944(10)
H26 H 0.8618 0.0574 0.4108
C50 C 0.83233(9) 0.03055(11) 0.36595(10)
H27 H 0.8238 0.0542 0.3535
O12 O 0.95756(8) 0.19818(6) 0.71536(6)
C66 C 0.99113(12) 0.18503(10) 0.70634(10)
C67 C 0.99373(10) 0.14973(9) 0.67901(9)
C68 C 0.96006(10) 0.13254(9) 0.66640(8)
H36 H 0.9354 0.1431 0.6745
C69 C 0.96086(9) 0.09866(8) 0.64109(8)
C70 C 0.92531(10) 0.08060(9) 0.62616(9)
H37 H 0.9004 0.0910 0.6338
C71 C 0.92646(10) 0.04788(10) 0.60047(10)
H38 H 0.9027 0.0364 0.5909
C72 C 0.96397(8) 0.03217(8) 0.58903(8)
C73 C 0.99838(9) 0.04983(9) 0.60266(9)
C74 C 0.99788(9) 0.08328(8) 0.62900(8)
H42 H 0.9172 0.0148 0.5274
Mn8 Mn 0.951063(19) 0.2500 0.7500
O17 O 0.80182(6) 0.04244(8) 0.21536(6)
O18 O 0.69818(6) 0.04244(8) 0.28464(6)
O6 O 0.54244(8) 0.19818(6) 0.78464(6)
O7 O 0.47631(8) 0.20009(6) 0.78287(6)
C27 C 0.50887(12) 0.18503(10) 0.79366(10)
C28 C 0.50627(10) 0.14973(9) 0.82099(9)
C29 C 0.53994(10) 0.13254(9) 0.83360(8)
H15 H 0.5646 0.1431 0.8255
C30 C 0.53914(9) 0.09866(8) 0.85891(8)
C31 C 0.57469(10) 0.08060(9) 0.87384(9)
H16 H 0.5996 0.0910 0.8662
C32 C 0.57354(10) 0.04788(10) 0.89953(10)
H17 H 0.5973 0.0364 0.9091
C33 C 0.53603(8) 0.03217(8) 0.91097(8)
C34 C 0.50162(9) 0.04983(9) 0.89734(9)
H18 H 0.4769 0.0395 0.9057
C35 C 0.50212(9) 0.08328(8) 0.87100(8)
C36 C 0.46751(10) 0.10056(10) 0.85585(10)
H19 H 0.4426 0.0892 0.8618
C37 C 0.46945(11) 0.13405(10) 0.83233(9)
H20 H 0.4458 0.1465 0.8238
H21 H 0.5828 0.0148 0.9726
Mn7 Mn 0.451063(19) 0.2500 0.7500
Mn9 Mn 0.548937(19) 0.2500 0.7500
O1 O 0.71536(6) 0.95756(8) 0.19818(6)
C1 C 0.70634(10) 0.99113(12) 0.18503(10)
C2 C 0.67901(9) 0.99373(10) 0.14973(9)
C3 C 0.66640(8) 0.96006(10) 0.13254(9)
H1 H 0.6745 0.9354 0.1431
C4 C 0.64109(8) 0.96086(9) 0.09866(8)
C5 C 0.62616(9) 0.92531(10) 0.08060(9)
H2 H 0.6338 0.9004 0.0910
C6 C 0.60047(10) 0.92646(10) 0.04788(10)
H3 H 0.5909 0.9027 0.0364
C7 C 0.58903(8) 0.96397(8) 0.03217(8)
C8 C 0.60266(9) 0.99838(9) 0.04983(9)
C9 C 0.62900(8) 0.99788(9) 0.08328(8)
H7 H 0.5274 0.9172 0.0148
O5 O 0.29991(6) 0.78287(6) 0.02369(8)
H11 H 0.4605 0.9057 0.0231
C23 C 0.39944(10) 0.85585(10) 0.03249(10)
H12 H 0.4108 0.8618 0.0574
C24 C 0.36595(10) 0.83233(9) 0.03055(11)
H13 H 0.3535 0.8238 0.0542
O8 O 0.78464(6) 0.95756(8) 0.30182(6)
C40 C 0.79366(10) 0.99113(12) 0.31497(10)
C41 C 0.82099(9) 0.99373(10) 0.35027(9)
C42 C 0.83360(8) 0.96006(10) 0.36746(9)
H22 H 0.8255 0.9354 0.3569
C43 C 0.85891(8) 0.96086(9) 0.40134(8)
C44 C 0.87384(9) 0.92531(10) 0.41940(9)
H23 H 0.8662 0.9004 0.4090
C45 C 0.89953(10) 0.92646(10) 0.45212(10)
H24 H 0.9091 0.9027 0.4636
C46 C 0.91097(8) 0.96397(8) 0.46783(8)
C47 C 0.89734(9) 0.99838(9) 0.45017(9)
C48 C 0.87100(8) 0.99788(9) 0.41672(8)
C51 C 0.93994(8) 0.96627(8) 0.50077(8)
C52 C 0.97109(10) 0.93800(9) 0.50396(9)
H28 H 0.9726 0.9172 0.4852
C64 C 0.99923(8) 0.93994(8) 0.53373(8)
C65 C 0.99604(9) 0.97109(10) 0.56200(9)
C77 C 0.96627(8) 0.99923(8) 0.56006(8)
C78 C 0.93800(9) 0.99604(9) 0.52891(10)
Mn2 Mn 0.7500 0.951063(19) 0.2500
O14 O 0.7500 0.88848(12) 0.2500
Mn4 Mn 0.2500 0.7500 0.048937(19)
O21 O 0.79991(6) 0.97631(8) 0.21713(6)
O22 O 0.70009(6) 0.97631(8) 0.28287(6)
C12 C 0.56006(8) 0.96627(8) 0.99923(8)
C13 C 0.52891(10) 0.93800(9) 0.99604(9)
O4 O 0.30182(6) 0.78464(6) 0.95756(8)
C14 C 0.31497(10) 0.79366(10) 0.99113(12)
C15 C 0.35027(9) 0.82099(9) 0.99373(10)
C16 C 0.36746(9) 0.83360(8) 0.96006(10)
H8 H 0.3569 0.8255 0.9354
C17 C 0.40134(8) 0.85891(8) 0.96086(9)
C18 C 0.41940(9) 0.87384(9) 0.92531(10)
H9 H 0.4090 0.8662 0.9004
C19 C 0.45212(10) 0.89953(10) 0.92646(10)
H10 H 0.4636 0.9091 0.9027
C20 C 0.46783(8) 0.91097(8) 0.96397(8)
C21 C 0.45017(9) 0.89734(9) 0.99838(9)
C22 C 0.41672(8) 0.87100(8) 0.99788(9)
C25 C 0.50077(8) 0.93994(8) 0.96627(8)
C26 C 0.50396(9) 0.97109(10) 0.93800(9)
H14 H 0.4852 0.9726 0.9172
C38 C 0.53373(8) 0.99923(8) 0.93994(8)
C39 C 0.56200(9) 0.99604(9) 0.97109(10)
Mn3 Mn 0.2500 0.7500 0.951063(19)
O15 O 0.2500 0.7500 0.88848(12)
O16 O 0.19818(6) 0.71536(6) 0.95756(8)
O19 O 0.21713(6) 0.79991(6) 0.97631(8)
O20 O 0.28287(6) 0.70009(6) 0.97631(8)
O5_2 O 0.20009(6) 0.71713(6) 0.02369(8)
H11_2 H 0.0395 0.5943 0.0231
C23_2 C 0.10056(10) 0.64415(10) 0.03249(10)
H12_2 H 0.0892 0.6382 0.0574
C24_2 C 0.13405(10) 0.66767(9) 0.03055(11)
H13_2 H 0.1465 0.6762 0.0542
C14_2 C 0.18503(10) 0.70634(10) 0.99113(12)
C15_2 C 0.14973(9) 0.67901(9) 0.99373(10)
C16_2 C 0.13254(9) 0.66640(8) 0.96006(10)
H8_2 H 0.1431 0.6745 0.9354
C17_2 C 0.09866(8) 0.64109(8) 0.96086(9)
C18_2 C 0.08060(9) 0.62616(9) 0.92531(10)
H9_2 H 0.0910 0.6338 0.9004
C19_2 C 0.04788(10) 0.60047(10) 0.92646(10)
H10_2 H 0.0364 0.5909 0.9027
C20_2 C 0.03217(8) 0.58903(8) 0.96397(8)
C21_2 C 0.04983(9) 0.60266(9) 0.99838(9)
C22_2 C 0.08328(8) 0.62900(8) 0.99788(9)
H14_2 H 0.0148 0.5274 0.9172
O7_2 O 0.02369(8) 0.29991(6) 0.78287(6)
H18_2 H 0.0231 0.4605 0.9057
C36_2 C 0.03249(10) 0.39944(10) 0.85585(10)
H19_2 H 0.0574 0.4108 0.8618
C37_2 C 0.03055(11) 0.36595(10) 0.83233(9)
H20_2 H 0.0542 0.3535 0.8238
Mn1_2 Mn 0.7500 0.451063(19) 0.2500
O1_2 O 0.78464(6) 0.54244(8) 0.19818(6)
O2_2 O 0.78287(6) 0.47631(8) 0.20009(6)
C1_2 C 0.79366(10) 0.50887(12) 0.18503(10)
C2_2 C 0.82099(9) 0.50627(10) 0.14973(9)
C3_2 C 0.83360(8) 0.53994(10) 0.13254(9)
H1_2 H 0.8255 0.5646 0.1431
C4_2 C 0.85891(8) 0.53914(9) 0.09866(8)
C5_2 C 0.87384(9) 0.57469(10) 0.08060(9)
H2_2 H 0.8662 0.5996 0.0910
C6_2 C 0.89953(10) 0.57354(10) 0.04788(10)
H3_2 H 0.9091 0.5973 0.0364
C7_2 C 0.91097(8) 0.53603(8) 0.03217(8)
C8_2 C 0.89734(9) 0.50162(9) 0.04983(9)
H4_2 H 0.9057 0.4769 0.0395
C9_2 C 0.87100(8) 0.50212(9) 0.08328(8)
C10_2 C 0.85585(10) 0.46751(10) 0.10056(10)
H5_2 H 0.8618 0.4426 0.0892
C11_2 C 0.83233(9) 0.46945(11) 0.13405(10)
H6_2 H 0.8238 0.4458 0.1465
H7_2 H 0.9726 0.5828 0.0148
O3_2 O 0.7500 0.38848(12) 0.2500
O8_2 O 0.71536(6) 0.54244(8) 0.30182(6)
O9_2 O 0.71713(6) 0.47631(8) 0.29991(6)
C40_2 C 0.70634(10) 0.50887(12) 0.31497(10)
C41_2 C 0.67901(9) 0.50627(10) 0.35027(9)
C42_2 C 0.66640(8) 0.53994(10) 0.36746(9)
H22_2 H 0.6745 0.5646 0.3569
C43_2 C 0.64109(8) 0.53914(9) 0.40134(8)
C44_2 C 0.62616(9) 0.57469(10) 0.41940(9)
H23_2 H 0.6338 0.5996 0.4090
C45_2 C 0.60047(10) 0.57354(10) 0.45212(10)
H24_2 H 0.5909 0.5973 0.4636
C46_2 C 0.58903(8) 0.53603(8) 0.46783(8)
C47_2 C 0.60266(9) 0.50162(9) 0.45017(9)
H25_2 H 0.5943 0.4769 0.4605
C48_2 C 0.62900(8) 0.50212(9) 0.41672(8)
C49_2 C 0.64415(10) 0.46751(10) 0.39944(10)
H26_2 H 0.6382 0.4426 0.4108
C50_2 C 0.66767(9) 0.46945(11) 0.36595(10)
H27_2 H 0.6762 0.4458 0.3535
C51_2 C 0.56006(8) 0.53373(8) 0.50077(8)
C52_2 C 0.52891(10) 0.56200(9) 0.50396(9)
H28_2 H 0.5274 0.5828 0.4852
O10_2 O 0.30182(6) 0.71536(6) 0.54244(8)
O11_2 O 0.29991(6) 0.71713(6) 0.47631(8)
C53_2 C 0.31497(10) 0.70634(10) 0.50887(12)
C54_2 C 0.35027(9) 0.67901(9) 0.50627(10)
C55_2 C 0.36746(9) 0.66640(8) 0.53994(10)
H29_2 H 0.3569 0.6745 0.5646
C56_2 C 0.40134(8) 0.64109(8) 0.53914(9)
C57_2 C 0.41940(9) 0.62616(9) 0.57469(10)
H30_2 H 0.4090 0.6338 0.5996
C58_2 C 0.45212(10) 0.60047(10) 0.57354(10)
H31_2 H 0.4636 0.5909 0.5973
C59_2 C 0.46783(8) 0.58903(8) 0.53603(8)
C60_2 C 0.45017(9) 0.60266(9) 0.50162(9)
H32_2 H 0.4605 0.5943 0.4769
C61_2 C 0.41672(8) 0.62900(8) 0.50212(9)
C62_2 C 0.39944(10) 0.64415(10) 0.46751(10)
H33_2 H 0.4108 0.6382 0.4426
C63_2 C 0.36595(10) 0.66767(9) 0.46945(11)
H34_2 H 0.3535 0.6762 0.4458
C64_2 C 0.50077(8) 0.56006(8) 0.53373(8)
C65_2 C 0.50396(9) 0.52891(10) 0.56200(9)
H35_2 H 0.4852 0.5274 0.5828
O12_2 O 0.54244(8) 0.30182(6) 0.71536(6)
O13_2 O 0.47631(8) 0.29991(6) 0.71713(6)
C66_2 C 0.50887(12) 0.31497(10) 0.70634(10)
C67_2 C 0.50627(10) 0.35027(9) 0.67901(9)
C68_2 C 0.53994(10) 0.36746(9) 0.66640(8)
H36_2 H 0.5646 0.3569 0.6745
C69_2 C 0.53914(9) 0.40134(8) 0.64109(8)
C70_2 C 0.57469(10) 0.41940(9) 0.62616(9)
H37_2 H 0.5996 0.4090 0.6338
C71_2 C 0.57354(10) 0.45212(10) 0.60047(10)
H38_2 H 0.5973 0.4636 0.5909
C72_2 C 0.53603(8) 0.46783(8) 0.58903(8)
C73_2 C 0.50162(9) 0.45017(9) 0.60266(9)
H39_2 H 0.4769 0.4605 0.5943
C74_2 C 0.50212(9) 0.41672(8) 0.62900(8)
C75_2 C 0.46751(10) 0.39944(10) 0.64415(10)
H40_2 H 0.4426 0.4108 0.6382
C76_2 C 0.46945(11) 0.36595(10) 0.66767(9)
H41_2 H 0.4458 0.3535 0.6762
C77_2 C 0.53373(8) 0.50077(8) 0.56006(8)
C78_2 C 0.56200(9) 0.50396(9) 0.52891(10)
H42_2 H 0.5828 0.4852 0.5274
Mn2_2 Mn 0.7500 0.548937(19) 0.2500
O14_2 O 0.7500 0.61152(12) 0.2500
O17_2 O 0.69818(6) 0.45756(8) 0.21536(6)
O18_2 O 0.80182(6) 0.45756(8) 0.28464(6)
O21_2 O 0.70009(6) 0.52369(8) 0.21713(6)
O22_2 O 0.79991(6) 0.52369(8) 0.28287(6)
C12_2 C 0.93994(8) 0.53373(8) 0.99923(8)
C13_2 C 0.97109(10) 0.56200(9) 0.99604(9)
C25_2 C 0.99923(8) 0.56006(8) 0.96627(8)
C26_2 C 0.99604(9) 0.52891(10) 0.93800(9)
O6_2 O 0.95756(8) 0.30182(6) 0.78464(6)
C27_2 C 0.99113(12) 0.31497(10) 0.79366(10)
C28_2 C 0.99373(10) 0.35027(9) 0.82099(9)
C29_2 C 0.96006(10) 0.36746(9) 0.83360(8)
H15_2 H 0.9354 0.3569 0.8255
C30_2 C 0.96086(9) 0.40134(8) 0.85891(8)
C31_2 C 0.92531(10) 0.41940(9) 0.87384(9)
H16_2 H 0.9004 0.4090 0.8662
C32_2 C 0.92646(10) 0.45212(10) 0.89953(10)
H17_2 H 0.9027 0.4636 0.9091
C33_2 C 0.96397(8) 0.46783(8) 0.91097(8)
C34_2 C 0.99838(9) 0.45017(9) 0.89734(9)
C35_2 C 0.99788(9) 0.41672(8) 0.87100(8)
C38_2 C 0.96627(8) 0.50077(8) 0.93994(8)
C39_2 C 0.93800(9) 0.50396(9) 0.97109(10)
H21_2 H 0.9172 0.4852 0.9726
O15_2 O 0.2500 0.7500 0.61152(12)
O19_2 O 0.28287(6) 0.79991(6) 0.52369(8)
O20_2 O 0.21713(6) 0.70009(6) 0.52369(8)
O3_3 O 0.2500 0.7500 0.11152(12)
O17_3 O 0.21536(6) 0.80182(6) 0.04244(8)
O18_3 O 0.28464(6) 0.69818(6) 0.04244(8)
O15_3 O 0.88848(12) 0.2500 0.7500
O19_3 O 0.97631(8) 0.21713(6) 0.79991(6)
O20_3 O 0.97631(8) 0.28287(6) 0.70009(6)
O3_4 O 0.2500 0.7500 0.38848(12)
O17_4 O 0.21536(6) 0.69818(6) 0.45756(8)
O18_4 O 0.28464(6) 0.80182(6) 0.45756(8)
O15_4 O 0.61152(12) 0.2500 0.7500
O19_4 O 0.52369(8) 0.28287(6) 0.79991(6)
O20_4 O 0.52369(8) 0.21713(6) 0.70009(6)
O3_5 O 0.11152(12) 0.2500 0.7500
O17_5 O 0.04244(8) 0.21536(6) 0.80182(6)
O18_5 O 0.04244(8) 0.28464(6) 0.69818(6)
O3_6 O 0.38848(12) 0.2500 0.7500
O17_6 O 0.45756(8) 0.21536(6) 0.69818(6)
O18_6 O 0.45756(8) 0.28464(6) 0.80182(6)
C1_3 C 0.00887(12) 0.29366(10) 0.68503(10)
C2_3 C 0.00627(10) 0.32099(9) 0.64973(9)
C3_3 C 0.03994(10) 0.33360(8) 0.63254(9)
H1_3 H 0.0646 0.3255 0.6431
C4_3 C 0.03914(9) 0.35891(8) 0.59866(8)
C5_3 C 0.07469(10) 0.37384(9) 0.58060(9)
H2_3 H 0.0996 0.3662 0.5910
C6_3 C 0.07354(10) 0.39953(10) 0.54788(10)
H3_3 H 0.0973 0.4091 0.5364
C7_3 C 0.03603(8) 0.41097(8) 0.53217(8)
C8_3 C 0.00162(9) 0.39734(9) 0.54983(9)
C9_3 C 0.00212(9) 0.37100(8) 0.58328(8)
C12_3 C 0.03373(8) 0.43994(8) 0.49923(8)
C13_3 C 0.06200(9) 0.47109(10) 0.49604(9)
H7_3 H 0.0828 0.4726 0.5148
C14_3 C 0.20634(10) 0.68503(10) 0.49113(12)
C15_3 C 0.17901(9) 0.64973(9) 0.49373(10)
C16_3 C 0.16640(8) 0.63254(9) 0.46006(10)
H8_3 H 0.1745 0.6431 0.4354
C17_3 C 0.14109(8) 0.59866(8) 0.46086(9)
C18_3 C 0.12616(9) 0.58060(9) 0.42531(10)
H9_3 H 0.1338 0.5910 0.4004
C19_3 C 0.10047(10) 0.54788(10) 0.42646(10)
H10_3 H 0.0909 0.5364 0.4027
C20_3 C 0.08903(8) 0.53217(8) 0.46397(8)
C21_3 C 0.10266(9) 0.54983(9) 0.49838(9)
H11_3 H 0.0943 0.5395 0.5231
C22_3 C 0.12900(8) 0.58328(8) 0.49788(9)
C23_3 C 0.14415(10) 0.60056(10) 0.53249(10)
H12_3 H 0.1382 0.5892 0.5574
C24_3 C 0.16767(9) 0.63405(10) 0.53055(11)
H13_3 H 0.1762 0.6465 0.5542
C25_3 C 0.06006(8) 0.49923(8) 0.46627(8)
C26_3 C 0.02891(10) 0.49604(9) 0.43800(9)
H14_3 H 0.0274 0.5148 0.4172
C38_3 C 0.00077(8) 0.46627(8) 0.43994(8)
C39_3 C 0.00396(9) 0.43800(9) 0.47109(10)
C40_3 C 0.00887(12) 0.20634(10) 0.81497(10)
C41_3 C 0.00627(10) 0.17901(9) 0.85027(9)
C42_3 C 0.03994(10) 0.16640(8) 0.86746(9)
H22_3 H 0.0646 0.1745 0.8569
C43_3 C 0.03914(9) 0.14109(8) 0.90134(8)
C44_3 C 0.07469(10) 0.12616(9) 0.91940(9)
H23_3 H 0.0996 0.1338 0.9090
C45_3 C 0.07354(10) 0.10047(10) 0.95212(10)
H24_3 H 0.0973 0.0909 0.9636
C46_3 C 0.03603(8) 0.08903(8) 0.96783(8)
C47_3 C 0.00162(9) 0.10266(9) 0.95017(9)
C48_3 C 0.00212(9) 0.12900(8) 0.91672(8)
H28_3 H 0.0828 0.0274 0.9852
C53_3 C 0.20634(10) 0.81497(10) 0.00887(12)
C54_3 C 0.17901(9) 0.85027(9) 0.00627(10)
C55_3 C 0.16640(8) 0.86746(9) 0.03994(10)
H29_3 H 0.1745 0.8569 0.0646
C56_3 C 0.14109(8) 0.90134(8) 0.03914(9)
C57_3 C 0.12616(9) 0.91940(9) 0.07469(10)
H30_3 H 0.1338 0.9090 0.0996
C58_3 C 0.10047(10) 0.95212(10) 0.07354(10)
H31_3 H 0.0909 0.9636 0.0973
C59_3 C 0.08903(8) 0.96783(8) 0.03603(8)
C60_3 C 0.10266(9) 0.95017(9) 0.00162(9)
C61_3 C 0.12900(8) 0.91672(8) 0.00212(9)
H35_3 H 0.0274 0.9852 0.0828
H32_3 H 0.0943 0.9605 0.9769
C62_3 C 0.14415(10) 0.89944(10) 0.96751(10)
H33_3 H 0.1382 0.9108 0.9426
C63_3 C 0.16767(9) 0.86595(10) 0.96945(11)
H34_3 H 0.1762 0.8535 0.9458
C66_3 C 0.81497(10) 0.00887(12) 0.20634(10)
C67_3 C 0.85027(9) 0.00627(10) 0.17901(9)
C68_3 C 0.86746(9) 0.03994(10) 0.16640(8)
H36_3 H 0.8569 0.0646 0.1745
C69_3 C 0.90134(8) 0.03914(9) 0.14109(8)
C70_3 C 0.91940(9) 0.07469(10) 0.12616(9)
H37_3 H 0.9090 0.0996 0.1338
C71_3 C 0.95212(10) 0.07354(10) 0.10047(10)
H38_3 H 0.9636 0.0973 0.0909
C72_3 C 0.96783(8) 0.03603(8) 0.08903(8)
C73_3 C 0.95017(9) 0.00162(9) 0.10266(9)
C74_3 C 0.91672(8) 0.00212(9) 0.12900(8)
H42_3 H 0.9852 0.0828 0.0274
H4_3 H 0.9769 0.4057 0.5395
C10_3 C 0.96751(10) 0.35585(10) 0.60056(10)
H5_3 H 0.9426 0.3618 0.5892
C11_3 C 0.96945(11) 0.33233(9) 0.63405(10)
H6_3 H 0.9458 0.3238 0.6465
C27_3 C 0.81497(10) 0.49113(12) 0.29366(10)
C28_3 C 0.85027(9) 0.49373(10) 0.32099(9)
C29_3 C 0.86746(9) 0.46006(10) 0.33360(8)
H15_3 H 0.8569 0.4354 0.3255
C30_3 C 0.90134(8) 0.46086(9) 0.35891(8)
C31_3 C 0.91940(9) 0.42531(10) 0.37384(9)
H16_3 H 0.9090 0.4004 0.3662
C32_3 C 0.95212(10) 0.42646(10) 0.39953(10)
H17_3 H 0.9636 0.4027 0.4091
C33_3 C 0.96783(8) 0.46397(8) 0.41097(8)
C34_3 C 0.95017(9) 0.49838(9) 0.39734(9)
H18_3 H 0.9605 0.5231 0.4057
C35_3 C 0.91672(8) 0.49788(9) 0.37100(8)
C36_3 C 0.89944(10) 0.53249(10) 0.35585(10)
H19_3 H 0.9108 0.5574 0.3618
C37_3 C 0.86595(10) 0.53055(11) 0.33233(9)
H20_3 H 0.8535 0.5542 0.3238
H21_3 H 0.9852 0.4172 0.4726
H25_3 H 0.9769 0.0943 0.9605
C49_3 C 0.96751(10) 0.14415(10) 0.89944(10)
H26_3 H 0.9426 0.1382 0.9108
C50_3 C 0.96945(11) 0.16767(9) 0.86595(10)
H27_3 H 0.9458 0.1762 0.8535
H39_3 H 0.9605 0.9769 0.0943
C75_3 C 0.89944(10) 0.96751(10) 0.14415(10)
H40_3 H 0.9108 0.9426 0.1382
C76_3 C 0.86595(10) 0.96945(11) 0.16767(9)
H41_3 H 0.8535 0.9458 0.1762
C51_3 C 0.46627(8) 0.43994(8) 0.00077(8)
C52_3 C 0.43800(9) 0.47109(10) 0.00396(9)
C53_4 C 0.29366(10) 0.68503(10) 0.00887(12)
C54_4 C 0.32099(9) 0.64973(9) 0.00627(10)
C55_4 C 0.33360(8) 0.63254(9) 0.03994(10)
H29_4 H 0.3255 0.6431 0.0646
C56_4 C 0.35891(8) 0.59866(8) 0.03914(9)
C57_4 C 0.37384(9) 0.58060(9) 0.07469(10)
H30_4 H 0.3662 0.5910 0.0996
C58_4 C 0.39953(10) 0.54788(10) 0.07354(10)
H31_4 H 0.4091 0.5364 0.0973
C59_4 C 0.41097(8) 0.53217(8) 0.03603(8)
C60_4 C 0.39734(9) 0.54983(9) 0.00162(9)
C61_4 C 0.37100(8) 0.58328(8) 0.00212(9)
C64_3 C 0.43994(8) 0.49923(8) 0.03373(8)
C65_3 C 0.47109(10) 0.49604(9) 0.06200(9)
H35_4 H 0.4726 0.5148 0.0828
C66_4 C 0.68503(10) 0.49113(12) 0.20634(10)
C67_4 C 0.64973(9) 0.49373(10) 0.17901(9)
C68_4 C 0.63254(9) 0.46006(10) 0.16640(8)
H36_4 H 0.6431 0.4354 0.1745
C69_4 C 0.59866(8) 0.46086(9) 0.14109(8)
C70_4 C 0.58060(9) 0.42531(10) 0.12616(9)
H37_4 H 0.5910 0.4004 0.1338
C71_4 C 0.54788(10) 0.42646(10) 0.10047(10)
H38_4 H 0.5364 0.4027 0.0909
C72_4 C 0.53217(8) 0.46397(8) 0.08903(8)
C73_4 C 0.54983(9) 0.49838(9) 0.10266(9)
H39_4 H 0.5395 0.5231 0.0943
C74_4 C 0.58328(8) 0.49788(9) 0.12900(8)
C75_4 C 0.60056(10) 0.53249(10) 0.14415(10)
H40_4 H 0.5892 0.5574 0.1382
C76_4 C 0.63405(10) 0.53055(11) 0.16767(9)
H41_4 H 0.6465 0.5542 0.1762
C77_3 C 0.49923(8) 0.46627(8) 0.06006(8)
C78_3 C 0.49604(9) 0.43800(9) 0.02891(10)
H42_4 H 0.5148 0.4172 0.0274
C1_4 C 0.49113(12) 0.20634(10) 0.68503(10)
C2_4 C 0.49373(10) 0.17901(9) 0.64973(9)
C3_4 C 0.46006(10) 0.16640(8) 0.63254(9)
H1_4 H 0.4354 0.1745 0.6431
C4_4 C 0.46086(9) 0.14109(8) 0.59866(8)
C5_4 C 0.42531(10) 0.12616(9) 0.58060(9)
H2_4 H 0.4004 0.1338 0.5910
C6_4 C 0.42646(10) 0.10047(10) 0.54788(10)
H3_4 H 0.4027 0.0909 0.5364
C7_4 C 0.46397(8) 0.08903(8) 0.53217(8)
C8_4 C 0.49838(9) 0.10266(9) 0.54983(9)
H4_4 H 0.5231 0.0943 0.5395
C9_4 C 0.49788(9) 0.12900(8) 0.58328(8)
C10_4 C 0.53249(10) 0.14415(10) 0.60056(10)
H5_4 H 0.5574 0.1382 0.5892
C11_4 C 0.53055(11) 0.16767(9) 0.63405(10)
H6_4 H 0.5542 0.1762 0.6465
C12_4 C 0.46627(8) 0.06006(8) 0.49923(8)
C13_4 C 0.43800(9) 0.02891(10) 0.49604(9)
H7_4 H 0.4172 0.0274 0.5148
C25_4 C 0.43994(8) 0.00077(8) 0.46627(8)
C26_4 C 0.47109(10) 0.00396(9) 0.43800(9)
C27_4 C 0.68503(10) 0.00887(12) 0.29366(10)
C28_4 C 0.64973(9) 0.00627(10) 0.32099(9)
C29_4 C 0.63254(9) 0.03994(10) 0.33360(8)
H15_4 H 0.6431 0.0646 0.3255
C30_4 C 0.59866(8) 0.03914(9) 0.35891(8)
C31_4 C 0.58060(9) 0.07469(10) 0.37384(9)
H16_4 H 0.5910 0.0996 0.3662
C32_4 C 0.54788(10) 0.07354(10) 0.39953(10)
H17_4 H 0.5364 0.0973 0.4091
C33_4 C 0.53217(8) 0.03603(8) 0.41097(8)
C34_4 C 0.54983(9) 0.00162(9) 0.39734(9)
C35_4 C 0.58328(8) 0.00212(9) 0.37100(8)
C38_4 C 0.49923(8) 0.03373(8) 0.43994(8)
C39_4 C 0.49604(9) 0.06200(9) 0.47109(10)
H21_4 H 0.5148 0.0828 0.4726
C40_4 C 0.49113(12) 0.29366(10) 0.81497(10)
C41_4 C 0.49373(10) 0.32099(9) 0.85027(9)
C42_4 C 0.46006(10) 0.33360(8) 0.86746(9)
H22_4 H 0.4354 0.3255 0.8569
C43_4 C 0.46086(9) 0.35891(8) 0.90134(8)
C44_4 C 0.42531(10) 0.37384(9) 0.91940(9)
H23_4 H 0.4004 0.3662 0.9090
C45_4 C 0.42646(10) 0.39953(10) 0.95212(10)
H24_4 H 0.4027 0.4091 0.9636
C46_4 C 0.46397(8) 0.41097(8) 0.96783(8)
C47_4 C 0.49838(9) 0.39734(9) 0.95017(9)
H25_4 H 0.5231 0.4057 0.9605
C48_4 C 0.49788(9) 0.37100(8) 0.91672(8)
C49_4 C 0.53249(10) 0.35585(10) 0.89944(10)
H26_4 H 0.5574 0.3618 0.9108
C50_4 C 0.53055(11) 0.33233(9) 0.86595(10)
H27_4 H 0.5542 0.3238 0.8535
H28_4 H 0.4172 0.4726 0.9852
H32_4 H 0.4057 0.5395 0.9769
C62_4 C 0.35585(10) 0.60056(10) 0.96751(10)
H33_4 H 0.3618 0.5892 0.9426
C63_4 C 0.33233(9) 0.63405(10) 0.96945(11)
H34_4 H 0.3238 0.6465 0.9458
C14_4 C 0.29366(10) 0.81497(10) 0.49113(12)
C15_4 C 0.32099(9) 0.85027(9) 0.49373(10)
C16_4 C 0.33360(8) 0.86746(9) 0.46006(10)
H8_4 H 0.3255 0.8569 0.4354
C17_4 C 0.35891(8) 0.90134(8) 0.46086(9)
C18_4 C 0.37384(9) 0.91940(9) 0.42531(10)
H9_4 H 0.3662 0.9090 0.4004
C19_4 C 0.39953(10) 0.95212(10) 0.42646(10)
H10_4 H 0.4091 0.9636 0.4027
C20_4 C 0.41097(8) 0.96783(8) 0.46397(8)
C21_4 C 0.39734(9) 0.95017(9) 0.49838(9)
H11_4 H 0.4057 0.9605 0.5231
C22_4 C 0.37100(8) 0.91672(8) 0.49788(9)
C23_4 C 0.35585(10) 0.89944(10) 0.53249(10)
H12_4 H 0.3618 0.9108 0.5574
C24_4 C 0.33233(9) 0.86595(10) 0.53055(11)
H13_4 H 0.3238 0.8535 0.5542
H14_4 H 0.4726 0.9852 0.4172
H18_4 H 0.5395 0.9769 0.4057
C36_4 C 0.60056(10) 0.96751(10) 0.35585(10)
H19_4 H 0.5892 0.9426 0.3618
C37_4 C 0.63405(10) 0.96945(11) 0.33233(9)
H20_4 H 0.6465 0.9458 0.3238
O13_3 O 0.20009(6) 0.02369(8) 0.78287(6)
H39_5 H 0.0395 0.0231 0.9057
C75_5 C 0.10056(10) 0.03249(10) 0.85585(10)
H40_5 H 0.0892 0.0574 0.8618
C76_5 C 0.13405(10) 0.03055(11) 0.83233(9)
H41_5 H 0.1465 0.0542 0.8238
Mn6_2 Mn 0.2500 0.048937(19) 0.7500
Mn1_3 Mn 0.048937(19) 0.7500 0.2500
O2_3 O 0.02369(8) 0.71713(6) 0.29991(6)
H4_5 H 0.0231 0.5943 0.4605
C10_5 C 0.03249(10) 0.64415(10) 0.39944(10)
H5_5 H 0.0574 0.6382 0.4108
C11_5 C 0.03055(11) 0.66767(9) 0.36595(10)
H6_5 H 0.0542 0.6762 0.3535
O3_7 O 0.11152(12) 0.7500 0.2500
O6_3 O 0.19818(6) 0.54244(8) 0.71536(6)
O7_3 O 0.20009(6) 0.47631(8) 0.71713(6)
C27_5 C 0.18503(10) 0.50887(12) 0.70634(10)
C28_5 C 0.14973(9) 0.50627(10) 0.67901(9)
C29_5 C 0.13254(9) 0.53994(10) 0.66640(8)
H15_5 H 0.1431 0.5646 0.6745
C30_5 C 0.09866(8) 0.53914(9) 0.64109(8)
C31_5 C 0.08060(9) 0.57469(10) 0.62616(9)
H16_5 H 0.0910 0.5996 0.6338
C32_5 C 0.04788(10) 0.57354(10) 0.60047(10)
H17_5 H 0.0364 0.5973 0.5909
C33_5 C 0.03217(8) 0.53603(8) 0.58903(8)
C34_5 C 0.04983(9) 0.50162(9) 0.60266(9)
H18_5 H 0.0395 0.4769 0.5943
C35_5 C 0.08328(8) 0.50212(9) 0.62900(8)
C36_5 C 0.10056(10) 0.46751(10) 0.64415(10)
H19_5 H 0.0892 0.4426 0.6382
C37_5 C 0.13405(10) 0.46945(11) 0.66767(9)
H20_5 H 0.1465 0.4458 0.6762
H21_5 H 0.0148 0.5828 0.5274
O9_3 O 0.02369(8) 0.78287(6) 0.20009(6)
H25_5 H 0.0231 0.9057 0.0395
C49_5 C 0.03249(10) 0.85585(10) 0.10056(10)
H26_5 H 0.0574 0.8618 0.0892
C50_5 C 0.03055(11) 0.83233(9) 0.13405(10)
H27_5 H 0.0542 0.8238 0.1465
Mn7_2 Mn 0.2500 0.451063(19) 0.7500
Mn9_2 Mn 0.2500 0.548937(19) 0.7500
O17_7 O 0.04244(8) 0.80182(6) 0.28464(6)
O18_7 O 0.04244(8) 0.69818(6) 0.21536(6)
O12_3 O 0.19818(6) 0.95756(8) 0.78464(6)
C66_5 C 0.18503(10) 0.99113(12) 0.79366(10)
C67_5 C 0.14973(9) 0.99373(10) 0.82099(9)
C68_5 C 0.13254(9) 0.96006(10) 0.83360(8)
H36_5 H 0.1431 0.9354 0.8255
C69_5 C 0.09866(8) 0.96086(9) 0.85891(8)
C70_5 C 0.08060(9) 0.92531(10) 0.87384(9)
H37_5 H 0.0910 0.9004 0.8662
C71_5 C 0.04788(10) 0.92646(10) 0.89953(10)
H38_5 H 0.0364 0.9027 0.9091
C72_5 C 0.03217(8) 0.96397(8) 0.91097(8)
C73_5 C 0.04983(9) 0.99838(9) 0.89734(9)
C74_5 C 0.08328(8) 0.99788(9) 0.87100(8)
H42_5 H 0.0148 0.9172 0.9726
Mn8_2 Mn 0.2500 0.951063(19) 0.7500
O11_3 O 0.78287(6) 0.20009(6) 0.02369(8)
H32_5 H 0.9057 0.0395 0.0231
C62_5 C 0.85585(10) 0.10056(10) 0.03249(10)
H33_5 H 0.8618 0.0892 0.0574
C63_5 C 0.83233(9) 0.13405(10) 0.03055(11)
H34_5 H 0.8238 0.1465 0.0542
Mn5_2 Mn 0.7500 0.2500 0.048937(19)
O10_3 O 0.78464(6) 0.19818(6) 0.95756(8)
C53_5 C 0.79366(10) 0.18503(10) 0.99113(12)
C54_5 C 0.82099(9) 0.14973(9) 0.99373(10)
C55_5 C 0.83360(8) 0.13254(9) 0.96006(10)
H29_5 H 0.8255 0.1431 0.9354
C56_5 C 0.85891(8) 0.09866(8) 0.96086(9)
C57_5 C 0.87384(9) 0.08060(9) 0.92531(10)
H30_5 H 0.8662 0.0910 0.9004
C58_5 C 0.89953(10) 0.04788(10) 0.92646(10)
H31_5 H 0.9091 0.0364 0.9027
C59_5 C 0.91097(8) 0.03217(8) 0.96397(8)
C60_5 C 0.89734(9) 0.04983(9) 0.99838(9)
C61_5 C 0.87100(8) 0.08328(8) 0.99788(9)
H35_5 H 0.9726 0.0148 0.9172
Mn10_2 Mn 0.7500 0.2500 0.951063(19)
O1_3 O 0.95756(8) 0.71536(6) 0.30182(6)
C1_5 C 0.99113(12) 0.70634(10) 0.31497(10)
C2_5 C 0.99373(10) 0.67901(9) 0.35027(9)
C3_5 C 0.96006(10) 0.66640(8) 0.36746(9)
H1_5 H 0.9354 0.6745 0.3569
C4_5 C 0.96086(9) 0.64109(8) 0.40134(8)
C5_5 C 0.92531(10) 0.62616(9) 0.41940(9)
H2_5 H 0.9004 0.6338 0.4090
C6_5 C 0.92646(10) 0.60047(10) 0.45212(10)
H3_5 H 0.9027 0.5909 0.4636
C7_5 C 0.96397(8) 0.58903(8) 0.46783(8)
C8_5 C 0.99838(9) 0.60266(9) 0.45017(9)
C9_5 C 0.99788(9) 0.62900(8) 0.41672(8)
C12_5 C 0.96627(8) 0.56006(8) 0.50077(8)
C13_5 C 0.93800(9) 0.52891(10) 0.50396(9)
H7_5 H 0.9172 0.5274 0.4852
O4_2 O 0.78464(6) 0.30182(6) 0.54244(8)
O5_3 O 0.78287(6) 0.29991(6) 0.47631(8)
C14_5 C 0.79366(10) 0.31497(10) 0.50887(12)
C15_5 C 0.82099(9) 0.35027(9) 0.50627(10)
C16_5 C 0.83360(8) 0.36746(9) 0.53994(10)
H8_5 H 0.8255 0.3569 0.5646
C17_5 C 0.85891(8) 0.40134(8) 0.53914(9)
C18_5 C 0.87384(9) 0.41940(9) 0.57469(10)
H9_5 H 0.8662 0.4090 0.5996
C19_5 C 0.89953(10) 0.45212(10) 0.57354(10)
H10_5 H 0.9091 0.4636 0.5973
C20_5 C 0.91097(8) 0.46783(8) 0.53603(8)
C21_5 C 0.89734(9) 0.45017(9) 0.50162(9)
H11_5 H 0.9057 0.4605 0.4769
C22_5 C 0.87100(8) 0.41672(8) 0.50212(9)
C23_5 C 0.85585(10) 0.39944(10) 0.46751(10)
H12_5 H 0.8618 0.4108 0.4426
C24_5 C 0.83233(9) 0.36595(10) 0.46945(11)
H13_5 H 0.8238 0.3535 0.4458
C25_5 C 0.93994(8) 0.50077(8) 0.53373(8)
C26_5 C 0.97109(10) 0.50396(9) 0.56200(9)
H14_5 H 0.9726 0.4852 0.5828
C38_5 C 0.99923(8) 0.53373(8) 0.56006(8)
C39_5 C 0.99604(9) 0.56200(9) 0.52891(10)
O8_3 O 0.95756(8) 0.78464(6) 0.19818(6)
C40_5 C 0.99113(12) 0.79366(10) 0.18503(10)
C41_5 C 0.99373(10) 0.82099(9) 0.14973(9)
C42_5 C 0.96006(10) 0.83360(8) 0.13254(9)
H22_5 H 0.9354 0.8255 0.1431
C43_5 C 0.96086(9) 0.85891(8) 0.09866(8)
C44_5 C 0.92531(10) 0.87384(9) 0.08060(9)
H23_5 H 0.9004 0.8662 0.0910
C45_5 C 0.92646(10) 0.89953(10) 0.04788(10)
H24_5 H 0.9027 0.9091 0.0364
C46_5 C 0.96397(8) 0.91097(8) 0.03217(8)
C47_5 C 0.99838(9) 0.89734(9) 0.04983(9)
C48_5 C 0.99788(9) 0.87100(8) 0.08328(8)
H28_5 H 0.9172 0.9726 0.0148
Mn2_3 Mn 0.951063(19) 0.7500 0.2500
O14_3 O 0.88848(12) 0.7500 0.2500
Mn3_2 Mn 0.7500 0.2500 0.548937(19)
O15_5 O 0.7500 0.2500 0.61152(12)
Mn4_2 Mn 0.7500 0.2500 0.451063(19)
O16_2 O 0.71536(6) 0.19818(6) 0.54244(8)
O19_5 O 0.79991(6) 0.21713(6) 0.52369(8)
O20_5 O 0.70009(6) 0.28287(6) 0.52369(8)
O21_3 O 0.97631(8) 0.79991(6) 0.28287(6)
O22_3 O 0.97631(8) 0.70009(6) 0.21713(6)
O5_4 O 0.71713(6) 0.20009(6) 0.47631(8)
C14_6 C 0.70634(10) 0.18503(10) 0.50887(12)
C15_6 C 0.67901(9) 0.14973(9) 0.50627(10)
C16_6 C 0.66640(8) 0.13254(9) 0.53994(10)
H8_6 H 0.6745 0.1431 0.5646
C17_6 C 0.64109(8) 0.09866(8) 0.53914(9)
C18_6 C 0.62616(9) 0.08060(9) 0.57469(10)
H9_6 H 0.6338 0.0910 0.5996
C19_6 C 0.60047(10) 0.04788(10) 0.57354(10)
H10_6 H 0.5909 0.0364 0.5973
C20_6 C 0.58903(8) 0.03217(8) 0.53603(8)
C21_6 C 0.60266(9) 0.04983(9) 0.50162(9)
H11_6 H 0.5943 0.0395 0.4769
C22_6 C 0.62900(8) 0.08328(8) 0.50212(9)
C23_6 C 0.64415(10) 0.10056(10) 0.46751(10)
H12_6 H 0.6382 0.0892 0.4426
C24_6 C 0.66767(9) 0.13405(10) 0.46945(11)
H13_6 H 0.6762 0.1465 0.4458
H14_6 H 0.5274 0.0148 0.5828
O7_4 O 0.29991(6) 0.02369(8) 0.71713(6)
H18_6 H 0.4605 0.0231 0.5943
C36_6 C 0.39944(10) 0.03249(10) 0.64415(10)
H19_6 H 0.4108 0.0574 0.6382
C37_6 C 0.36595(10) 0.03055(11) 0.66767(9)
H20_6 H 0.3535 0.0542 0.6762
Mn1_4 Mn 0.451063(19) 0.7500 0.2500
O1_4 O 0.54244(8) 0.78464(6) 0.30182(6)
O2_4 O 0.47631(8) 0.78287(6) 0.29991(6)
C1_6 C 0.50887(12) 0.79366(10) 0.31497(10)
C2_6 C 0.50627(10) 0.82099(9) 0.35027(9)
C3_6 C 0.53994(10) 0.83360(8) 0.36746(9)
H1_6 H 0.5646 0.8255 0.3569
C4_6 C 0.53914(9) 0.85891(8) 0.40134(8)
C5_6 C 0.57469(10) 0.87384(9) 0.41940(9)
H2_6 H 0.5996 0.8662 0.4090
C6_6 C 0.57354(10) 0.89953(10) 0.45212(10)
H3_6 H 0.5973 0.9091 0.4636
C7_6 C 0.53603(8) 0.91097(8) 0.46783(8)
C8_6 C 0.50162(9) 0.89734(9) 0.45017(9)
H4_6 H 0.4769 0.9057 0.4605
C9_6 C 0.50212(9) 0.87100(8) 0.41672(8)
C10_6 C 0.46751(10) 0.85585(10) 0.39944(10)
H5_6 H 0.4426 0.8618 0.4108
C11_6 C 0.46945(11) 0.83233(9) 0.36595(10)
H6_6 H 0.4458 0.8238 0.3535
C12_6 C 0.53373(8) 0.93994(8) 0.50077(8)
C13_6 C 0.56200(9) 0.97109(10) 0.50396(9)
H7_6 H 0.5828 0.9726 0.4852
O3_8 O 0.38848(12) 0.7500 0.2500
C25_6 C 0.56006(8) 0.99923(8) 0.53373(8)
C26_6 C 0.52891(10) 0.99604(9) 0.56200(9)
O6_4 O 0.30182(6) 0.95756(8) 0.71536(6)
C27_6 C 0.31497(10) 0.99113(12) 0.70634(10)
C28_6 C 0.35027(9) 0.99373(10) 0.67901(9)
C29_6 C 0.36746(9) 0.96006(10) 0.66640(8)
H15_6 H 0.3569 0.9354 0.6745
C30_6 C 0.40134(8) 0.96086(9) 0.64109(8)
C31_6 C 0.41940(9) 0.92531(10) 0.62616(9)
H16_6 H 0.4090 0.9004 0.6338
C32_6 C 0.45212(10) 0.92646(10) 0.60047(10)
H17_6 H 0.4636 0.9027 0.5909
C33_6 C 0.46783(8) 0.96397(8) 0.58903(8)
C34_6 C 0.45017(9) 0.99838(9) 0.60266(9)
C35_6 C 0.41672(8) 0.99788(9) 0.62900(8)
C38_6 C 0.50077(8) 0.96627(8) 0.56006(8)
C39_6 C 0.50396(9) 0.93800(9) 0.52891(10)
H21_6 H 0.4852 0.9172 0.5274
O8_4 O 0.54244(8) 0.71536(6) 0.19818(6)
O9_4 O 0.47631(8) 0.71713(6) 0.20009(6)
C40_6 C 0.50887(12) 0.70634(10) 0.18503(10)
C41_6 C 0.50627(10) 0.67901(9) 0.14973(9)
C42_6 C 0.53994(10) 0.66640(8) 0.13254(9)
H22_6 H 0.5646 0.6745 0.1431
C43_6 C 0.53914(9) 0.64109(8) 0.09866(8)
C44_6 C 0.57469(10) 0.62616(9) 0.08060(9)
H23_6 H 0.5996 0.6338 0.0910
C45_6 C 0.57354(10) 0.60047(10) 0.04788(10)
H24_6 H 0.5973 0.5909 0.0364
C46_6 C 0.53603(8) 0.58903(8) 0.03217(8)
C47_6 C 0.50162(9) 0.60266(9) 0.04983(9)
H25_6 H 0.4769 0.5943 0.0395
C48_6 C 0.50212(9) 0.62900(8) 0.08328(8)
C49_6 C 0.46751(10) 0.64415(10) 0.10056(10)
H26_6 H 0.4426 0.6382 0.0892
C50_6 C 0.46945(11) 0.66767(9) 0.13405(10)
H27_6 H 0.4458 0.6762 0.1465
H28_6 H 0.5828 0.5274 0.0148
O11_4 O 0.71713(6) 0.29991(6) 0.02369(8)
H32_6 H 0.5943 0.4605 0.0231
C62_6 C 0.64415(10) 0.39944(10) 0.03249(10)
H33_6 H 0.6382 0.4108 0.0574
C63_6 C 0.66767(9) 0.36595(10) 0.03055(11)
H34_6 H 0.6762 0.3535 0.0542
Mn2_4 Mn 0.548937(19) 0.7500 0.2500
O14_4 O 0.61152(12) 0.7500 0.2500
O17_8 O 0.45756(8) 0.69818(6) 0.28464(6)
O18_8 O 0.45756(8) 0.80182(6) 0.21536(6)
O21_4 O 0.52369(8) 0.70009(6) 0.28287(6)
O22_4 O 0.52369(8) 0.79991(6) 0.21713(6)
C51_4 C 0.53373(8) 0.56006(8) 0.99923(8)
C52_4 C 0.56200(9) 0.52891(10) 0.99604(9)
O10_4 O 0.71536(6) 0.30182(6) 0.95756(8)
C53_6 C 0.70634(10) 0.31497(10) 0.99113(12)
C54_6 C 0.67901(9) 0.35027(9) 0.99373(10)
C55_6 C 0.66640(8) 0.36746(9) 0.96006(10)
H29_6 H 0.6745 0.3569 0.9354
C56_6 C 0.64109(8) 0.40134(8) 0.96086(9)
C57_6 C 0.62616(9) 0.41940(9) 0.92531(10)
H30_6 H 0.6338 0.4090 0.9004
C58_6 C 0.60047(10) 0.45212(10) 0.92646(10)
H31_6 H 0.5909 0.4636 0.9027
C59_6 C 0.58903(8) 0.46783(8) 0.96397(8)
C60_6 C 0.60266(9) 0.45017(9) 0.99838(9)
C61_6 C 0.62900(8) 0.41672(8) 0.99788(9)
C64_4 C 0.56006(8) 0.50077(8) 0.96627(8)
C65_4 C 0.52891(10) 0.50396(9) 0.93800(9)
H35_6 H 0.5274 0.4852 0.9172
O12_4 O 0.30182(6) 0.54244(8) 0.78464(6)
O13_4 O 0.29991(6) 0.47631(8) 0.78287(6)
C66_6 C 0.31497(10) 0.50887(12) 0.79366(10)
C67_6 C 0.35027(9) 0.50627(10) 0.82099(9)
C68_6 C 0.36746(9) 0.53994(10) 0.83360(8)
H36_6 H 0.3569 0.5646 0.8255
C69_6 C 0.40134(8) 0.53914(9) 0.85891(8)
C70_6 C 0.41940(9) 0.57469(10) 0.87384(9)
H37_6 H 0.4090 0.5996 0.8662
C71_6 C 0.45212(10) 0.57354(10) 0.89953(10)
H38_6 H 0.4636 0.5973 0.9091
C72_6 C 0.46783(8) 0.53603(8) 0.91097(8)
C73_6 C 0.45017(9) 0.50162(9) 0.89734(9)
H39_6 H 0.4605 0.4769 0.9057
C74_6 C 0.41672(8) 0.50212(9) 0.87100(8)
C75_6 C 0.39944(10) 0.46751(10) 0.85585(10)
H40_6 H 0.4108 0.4426 0.8618
C76_6 C 0.36595(10) 0.46945(11) 0.83233(9)
H41_6 H 0.3535 0.4458 0.8238
C77_4 C 0.50077(8) 0.53373(8) 0.93994(8)
C78_4 C 0.50396(9) 0.56200(9) 0.97109(10)
H42_6 H 0.4852 0.5828 0.9726
O15_6 O 0.7500 0.2500 0.88848(12)
O19_6 O 0.79991(6) 0.28287(6) 0.97631(8)
O20_6 O 0.70009(6) 0.21713(6) 0.97631(8)
O3_9 O 0.7500 0.2500 0.38848(12)
O17_9 O 0.80182(6) 0.21536(6) 0.45756(8)
O18_9 O 0.69818(6) 0.28464(6) 0.45756(8)
O15_7 O 0.2500 0.88848(12) 0.7500
O19_7 O 0.21713(6) 0.97631(8) 0.70009(6)
O20_7 O 0.28287(6) 0.97631(8) 0.79991(6)
O3_10 O 0.7500 0.2500 0.11152(12)
O17_10 O 0.69818(6) 0.21536(6) 0.04244(8)
O18_10 O 0.80182(6) 0.28464(6) 0.04244(8)
O15_8 O 0.2500 0.61152(12) 0.7500
O19_8 O 0.28287(6) 0.52369(8) 0.70009(6)
O20_8 O 0.21713(6) 0.52369(8) 0.79991(6)
O3_11 O 0.2500 0.11152(12) 0.7500
O17_11 O 0.21536(6) 0.04244(8) 0.69818(6)
O18_11 O 0.28464(6) 0.04244(8) 0.80182(6)
O3_12 O 0.2500 0.38848(12) 0.7500
O17_12 O 0.21536(6) 0.45756(8) 0.80182(6)
O18_12 O 0.28464(6) 0.45756(8) 0.69818(6)
C12_7 C 0.43994(8) 0.03373(8) 0.00077(8)
C13_7 C 0.47109(10) 0.06200(9) 0.00396(9)
C14_7 C 0.68503(10) 0.20634(10) 0.00887(12)
C15_7 C 0.64973(9) 0.17901(9) 0.00627(10)
C16_7 C 0.63254(9) 0.16640(8) 0.03994(10)
H8_7 H 0.6431 0.1745 0.0646
C17_7 C 0.59866(8) 0.14109(8) 0.03914(9)
C18_7 C 0.58060(9) 0.12616(9) 0.07469(10)
H9_7 H 0.5910 0.1338 0.0996
C19_7 C 0.54788(10) 0.10047(10) 0.07354(10)
H10_7 H 0.5364 0.0909 0.0973
C20_7 C 0.53217(8) 0.08903(8) 0.03603(8)
C21_7 C 0.54983(9) 0.10266(9) 0.00162(9)
C22_7 C 0.58328(8) 0.12900(8) 0.00212(9)
C25_7 C 0.49923(8) 0.06006(8) 0.03373(8)
C26_7 C 0.49604(9) 0.02891(10) 0.06200(9)
H14_7 H 0.5148 0.0274 0.0828
C38_7 C 0.46627(8) 0.00077(8) 0.06006(8)
C39_7 C 0.43800(9) 0.00396(9) 0.02891(10)
C1_7 C 0.29366(10) 0.00887(12) 0.81497(10)
C2_7 C 0.32099(9) 0.00627(10) 0.85027(9)
C3_7 C 0.33360(8) 0.03994(10) 0.86746(9)
H1_7 H 0.3255 0.0646 0.8569
C4_7 C 0.35891(8) 0.03914(9) 0.90134(8)
C5_7 C 0.37384(9) 0.07469(10) 0.91940(9)
H2_7 H 0.3662 0.0996 0.9090
C6_7 C 0.39953(10) 0.07354(10) 0.95212(10)
H3_7 H 0.4091 0.0973 0.9636
C7_7 C 0.41097(8) 0.03603(8) 0.96783(8)
C8_7 C 0.39734(9) 0.00162(9) 0.95017(9)
C9_7 C 0.37100(8) 0.00212(9) 0.91672(8)
H7_7 H 0.4726 0.0828 0.9852
H11_7 H 0.5395 0.0943 0.9769
C23_7 C 0.60056(10) 0.14415(10) 0.96751(10)
H12_7 H 0.5892 0.1382 0.9426
C24_7 C 0.63405(10) 0.16767(9) 0.96945(11)
H13_7 H 0.6465 0.1762 0.9458
C40_7 C 0.20634(10) 0.00887(12) 0.68503(10)
C41_7 C 0.17901(9) 0.00627(10) 0.64973(9)
C42_7 C 0.16640(8) 0.03994(10) 0.63254(9)
H22_7 H 0.1745 0.0646 0.6431
C43_7 C 0.14109(8) 0.03914(9) 0.59866(8)
C44_7 C 0.12616(9) 0.07469(10) 0.58060(9)
H23_7 H 0.1338 0.0996 0.5910
C45_7 C 0.10047(10) 0.07354(10) 0.54788(10)
H24_7 H 0.0909 0.0973 0.5364
C46_7 C 0.08903(8) 0.03603(8) 0.53217(8)
C47_7 C 0.10266(9) 0.00162(9) 0.54983(9)
C48_7 C 0.12900(8) 0.00212(9) 0.58328(8)
C51_5 C 0.06006(8) 0.03373(8) 0.49923(8)
C52_5 C 0.02891(10) 0.06200(9) 0.49604(9)
H28_7 H 0.0274 0.0828 0.5148
C64_5 C 0.00077(8) 0.06006(8) 0.46627(8)
C65_5 C 0.00396(9) 0.02891(10) 0.43800(9)
C77_5 C 0.03373(8) 0.00077(8) 0.43994(8)
C78_5 C 0.06200(9) 0.00396(9) 0.47109(10)
C27_7 C 0.49113(12) 0.81497(10) 0.20634(10)
C28_7 C 0.49373(10) 0.85027(9) 0.17901(9)
C29_7 C 0.46006(10) 0.86746(9) 0.16640(8)
H15_7 H 0.4354 0.8569 0.1745
C30_7 C 0.46086(9) 0.90134(8) 0.14109(8)
C31_7 C 0.42531(10) 0.91940(9) 0.12616(9)
H16_7 H 0.4004 0.9090 0.1338
C32_7 C 0.42646(10) 0.95212(10) 0.10047(10)
H17_7 H 0.4027 0.9636 0.0909
C33_7 C 0.46397(8) 0.96783(8) 0.08903(8)
C34_7 C 0.49838(9) 0.95017(9) 0.10266(9)
H18_7 H 0.5231 0.9605 0.0943
C35_7 C 0.49788(9) 0.91672(8) 0.12900(8)
C36_7 C 0.53249(10) 0.89944(10) 0.14415(10)
H19_7 H 0.5574 0.9108 0.1382
C37_7 C 0.53055(11) 0.86595(10) 0.16767(9)
H20_7 H 0.5542 0.8535 0.1762
H21_7 H 0.4172 0.9852 0.0274
H4_7 H 0.4057 0.9769 0.9605
C10_7 C 0.35585(10) 0.96751(10) 0.89944(10)
H5_7 H 0.3618 0.9426 0.9108
C11_7 C 0.33233(9) 0.96945(11) 0.86595(10)
H6_7 H 0.3238 0.9458 0.8535
H25_7 H 0.0943 0.9769 0.5395
C49_7 C 0.14415(10) 0.96751(10) 0.60056(10)
H26_7 H 0.1382 0.9426 0.5892
C50_7 C 0.16767(9) 0.96945(11) 0.63405(10)
H27_7 H 0.1762 0.9458 0.6465
C66_7 C 0.00887(12) 0.81497(10) 0.29366(10)
C67_7 C 0.00627(10) 0.85027(9) 0.32099(9)
C68_7 C 0.03994(10) 0.86746(9) 0.33360(8)
H36_7 H 0.0646 0.8569 0.3255
C69_7 C 0.03914(9) 0.90134(8) 0.35891(8)
C70_7 C 0.07469(10) 0.91940(9) 0.37384(9)
H37_7 H 0.0996 0.9090 0.3662
C71_7 C 0.07354(10) 0.95212(10) 0.39953(10)
H38_7 H 0.0973 0.9636 0.4091
C72_7 C 0.03603(8) 0.96783(8) 0.41097(8)
C73_7 C 0.00162(9) 0.95017(9) 0.39734(9)
C74_7 C 0.00212(9) 0.91672(8) 0.37100(8)
H42_7 H 0.0828 0.9852 0.4726
C53_7 C 0.81497(10) 0.20634(10) 0.49113(12)
C54_7 C 0.85027(9) 0.17901(9) 0.49373(10)
C55_7 C 0.86746(9) 0.16640(8) 0.46006(10)
H29_7 H 0.8569 0.1745 0.4354
C56_7 C 0.90134(8) 0.14109(8) 0.46086(9)
C57_7 C 0.91940(9) 0.12616(9) 0.42531(10)
H30_7 H 0.9090 0.1338 0.4004
C58_7 C 0.95212(10) 0.10047(10) 0.42646(10)
H31_7 H 0.9636 0.0909 0.4027
C59_7 C 0.96783(8) 0.08903(8) 0.46397(8)
C60_7 C 0.95017(9) 0.10266(9) 0.49838(9)
H32_7 H 0.9605 0.0943 0.5231
C61_7 C 0.91672(8) 0.12900(8) 0.49788(9)
C62_7 C 0.89944(10) 0.14415(10) 0.53249(10)
H33_7 H 0.9108 0.1382 0.5574
C63_7 C 0.86595(10) 0.16767(9) 0.53055(11)
H34_7 H 0.8535 0.1762 0.5542
H35_7 H 0.9852 0.0274 0.4172
H39_7 H 0.9769 0.9605 0.4057
C75_7 C 0.96751(10) 0.89944(10) 0.35585(10)
H40_7 H 0.9426 0.9108 0.3618
C76_7 C 0.96945(11) 0.86595(10) 0.33233(9)
H41_7 H 0.9458 0.8535 0.3238
C12_8 C 0.06006(8) 0.46627(8) 0.00077(8)
C13_8 C 0.02891(10) 0.43800(9) 0.00396(9)
C25_8 C 0.00077(8) 0.43994(8) 0.03373(8)
C26_8 C 0.00396(9) 0.47109(10) 0.06200(9)
C27_8 C 0.00887(12) 0.68503(10) 0.20634(10)
C28_8 C 0.00627(10) 0.64973(9) 0.17901(9)
C29_8 C 0.03994(10) 0.63254(9) 0.16640(8)
H15_8 H 0.0646 0.6431 0.1745
C30_8 C 0.03914(9) 0.59866(8) 0.14109(8)
C31_8 C 0.07469(10) 0.58060(9) 0.12616(9)
H16_8 H 0.0996 0.5910 0.1338
C32_8 C 0.07354(10) 0.54788(10) 0.10047(10)
H17_8 H 0.0973 0.5364 0.0909
C33_8 C 0.03603(8) 0.53217(8) 0.08903(8)
C34_8 C 0.00162(9) 0.54983(9) 0.10266(9)
C35_8 C 0.00212(9) 0.58328(8) 0.12900(8)
C38_8 C 0.03373(8) 0.49923(8) 0.06006(8)
C39_8 C 0.06200(9) 0.49604(9) 0.02891(10)
H21_8 H 0.0828 0.5148 0.0274
C1_8 C 0.20634(10) 0.49113(12) 0.81497(10)
C2_8 C 0.17901(9) 0.49373(10) 0.85027(9)
C3_8 C 0.16640(8) 0.46006(10) 0.86746(9)
H1_8 H 0.1745 0.4354 0.8569
C4_8 C 0.14109(8) 0.46086(9) 0.90134(8)
C5_8 C 0.12616(9) 0.42531(10) 0.91940(9)
H2_8 H 0.1338 0.4004 0.9090
C6_8 C 0.10047(10) 0.42646(10) 0.95212(10)
H3_8 H 0.0909 0.4027 0.9636
C7_8 C 0.08903(8) 0.46397(8) 0.96783(8)
C8_8 C 0.10266(9) 0.49838(9) 0.95017(9)
H4_8 H 0.0943 0.5231 0.9605
C9_8 C 0.12900(8) 0.49788(9) 0.91672(8)
C10_8 C 0.14415(10) 0.53249(10) 0.89944(10)
H5_8 H 0.1382 0.5574 0.9108
C11_8 C 0.16767(9) 0.53055(11) 0.86595(10)
H6_8 H 0.1762 0.5542 0.8535
H7_8 H 0.0274 0.4172 0.9852
C40_8 C 0.29366(10) 0.49113(12) 0.68503(10)
C41_8 C 0.32099(9) 0.49373(10) 0.64973(9)
C42_8 C 0.33360(8) 0.46006(10) 0.63254(9)
H22_8 H 0.3255 0.4354 0.6431
C43_8 C 0.35891(8) 0.46086(9) 0.59866(8)
C44_8 C 0.37384(9) 0.42531(10) 0.58060(9)
H23_8 H 0.3662 0.4004 0.5910
C45_8 C 0.39953(10) 0.42646(10) 0.54788(10)
H24_8 H 0.4091 0.4027 0.5364
C46_8 C 0.41097(8) 0.46397(8) 0.53217(8)
C47_8 C 0.39734(9) 0.49838(9) 0.54983(9)
H25_8 H 0.4057 0.5231 0.5395
C48_8 C 0.37100(8) 0.49788(9) 0.58328(8)
C49_8 C 0.35585(10) 0.53249(10) 0.60056(10)
