
###############################################################################
#
# This file contains modified crystal structure data generated from the
# MOF subset of the Cambridge Structural Database (CSD) v543 
# hosted by the Cambridge Crystallographic Data Centre (CCDC).
#
# This work is licensed under the Creative Commons
# Attribution-NonCommercial-ShareAlike 4.0 International License.
# To view a copy of this license, visit
# http://creativecommons.org/licenses/by-nc-sa/4.0/
# or send a letter to
# Creative Commons, PO Box 1866, Mountain View, CA 94042, USA.
#
# CIF created using the CSD Python API on 29 September 2022
# The structure has been converted into the P1 space group
# The structure has a 3D framework
# The original CSD entry BIXVIQ is in the cubic crystal system
# The framework has been calculated to contain at least 10.0% void space
# The void calculation uses a probe of radius 1.32A, grid spacing 0.4
# H atom positions have been added when not included in the experimental data
#
###############################################################################

data_BIXVIQ
_chemical_formula_moiety         '(C768 H384 Cu67 N576)n'
_symmetry_cell_setting           triclinic
_symmetry_space_group_name_H-M   'P 1'
_symmetry_Int_Tables_number      1
_space_group_name_Hall           'P 1'
loop_
_symmetry_equiv_pos_site_id
_symmetry_equiv_pos_as_xyz
1 x,y,z
_cell_length_a                   37.0539(5)
_cell_length_b                   37.0539
_cell_length_c                   37.0539
_cell_angle_alpha                90
_cell_angle_beta                 90
_cell_angle_gamma                90
_cell_volume                     50874.7
loop_
_atom_site_label
_atom_site_type_symbol
_atom_site_fract_x
_atom_site_fract_y
_atom_site_fract_z
_atom_site_U_iso_or_equiv
_atom_site_thermal_displace_type
Cu1 Cu 0.24457(5) 0.500 0.31511(4) 0.0064 Uiso
N1 N 0.28256(25) 0.53878(21) 0.31692(28) 0.0234 Uiso
N2 N 0.30913(27) 0.53751(21) 0.29285(23) 0.0234 Uiso
C1 C 0.31760(29) 0.58396(23) 0.32540(31) 0.0234 Uiso
C2 C 0.33837(33) 0.61643(20) 0.33926(33) 0.0234 Uiso
C3 C 0.32176(21) 0.63412(25) 0.36993(27) 0.0234 Uiso
N3 N 0.33241(28) 0.56494(25) 0.29806(22) 0.0234 Uiso
C4 C 0.28499(27) 0.56802(29) 0.33754(33) 0.0234 Uiso
N4 N 0.46122(21) 0.68308(28) 0.28256(25) 0.0234 Uiso
N5 N 0.46249(21) 0.70715(23) 0.30913(27) 0.0234 Uiso
C5 C 0.41604(23) 0.67460(31) 0.31760(29) 0.0234 Uiso
C6 C 0.38357(20) 0.66074(33) 0.33837(33) 0.0234 Uiso
C7 C 0.36588(25) 0.63007(27) 0.32176(21) 0.0234 Uiso
N6 N 0.43506(25) 0.70194(22) 0.33241(28) 0.0234 Uiso
C8 C 0.43198(29) 0.66246(33) 0.28499(27) 0.0234 Uiso
N7 N 0.31692(28) 0.71744(25) 0.46122(21) 0.0234 Uiso
N8 N 0.29285(23) 0.69087(27) 0.46249(21) 0.0234 Uiso
C9 C 0.32540(31) 0.68240(29) 0.41604(23) 0.0234 Uiso
C10 C 0.33926(33) 0.66163(33) 0.38357(20) 0.0234 Uiso
C11 C 0.36993(27) 0.67824(21) 0.36588(25) 0.0234 Uiso
N9 N 0.29806(22) 0.66759(28) 0.43506(25) 0.0234 Uiso
C12 C 0.33754(33) 0.71501(27) 0.43198(29) 0.0234 Uiso
Cu2 Cu 0.500 0.68489(4) 0.24457(5) 0.0064 Uiso
N10 N 0.53878(21) 0.68308(28) 0.28256(25) 0.0234 Uiso
N11 N 0.53751(21) 0.70715(23) 0.30913(27) 0.0234 Uiso
C13 C 0.58396(23) 0.67460(31) 0.31760(29) 0.0234 Uiso
C14 C 0.61643(20) 0.66074(33) 0.33837(33) 0.0234 Uiso
C15 C 0.63412(25) 0.63007(27) 0.32176(21) 0.0234 Uiso
N12 N 0.56494(25) 0.70194(22) 0.33241(28) 0.0234 Uiso
C16 C 0.56802(29) 0.66246(33) 0.28499(27) 0.0234 Uiso
N13 N 0.68308(28) 0.71744(25) 0.46122(21) 0.0234 Uiso
N14 N 0.70715(23) 0.69087(27) 0.46249(21) 0.0234 Uiso
C17 C 0.67460(31) 0.68240(29) 0.41604(23) 0.0234 Uiso
C18 C 0.66074(33) 0.66163(33) 0.38357(20) 0.0234 Uiso
C19 C 0.63007(27) 0.67824(21) 0.36588(25) 0.0234 Uiso
N15 N 0.70194(22) 0.66759(28) 0.43506(25) 0.0234 Uiso
C20 C 0.66246(33) 0.71501(27) 0.43198(29) 0.0234 Uiso
N16 N 0.71744(25) 0.53878(21) 0.31692(28) 0.0234 Uiso
N17 N 0.69087(27) 0.53751(21) 0.29285(23) 0.0234 Uiso
C21 C 0.68240(29) 0.58396(23) 0.32540(31) 0.0234 Uiso
C22 C 0.66163(33) 0.61643(20) 0.33926(33) 0.0234 Uiso
C23 C 0.67824(21) 0.63412(25) 0.36993(27) 0.0234 Uiso
N18 N 0.66759(28) 0.56494(25) 0.29806(22) 0.0234 Uiso
C24 C 0.71501(27) 0.56802(29) 0.33754(33) 0.0234 Uiso
Cu3 Cu 0.31511(4) 0.500 0.25543(5) 0.0064 Uiso
Cu4 Cu 0.68489(4) 0.75543(5) 0.500 0.0064 Uiso
Cu5 Cu 0.75543(5) 0.500 0.31511(4) 0.0064 Uiso
Cu6 Cu 0.31511(4) 0.75543(5) 0.500 0.0064 Uiso
Cu7 Cu 0.500 0.74457(5) 0.31511(4) 0.0064 Uiso
Cu8 Cu 0.68489(4) 0.500 0.25543(5) 0.0064 Uiso
Cu9 Cu 0.74457(5) 0.68489(4) 0.500 0.0064 Uiso
Cu10 Cu 0.25543(5) 0.68489(4) 0.500 0.0064 Uiso
N19 N 0.28256(25) 0.46122(21) 0.31692(28) 0.0234 Uiso
N20 N 0.31692(28) 0.46122(21) 0.21744(25) 0.0234 Uiso
N21 N 0.31692(28) 0.53878(21) 0.21744(25) 0.0234 Uiso
N22 N 0.20715(23) 0.53751(21) 0.30913(27) 0.0234 Uiso
N23 N 0.20715(23) 0.46249(21) 0.30913(27) 0.0234 Uiso
N24 N 0.53751(21) 0.69087(27) 0.20715(23) 0.0234 Uiso
N25 N 0.30913(27) 0.46249(21) 0.29285(23) 0.0234 Uiso
N26 N 0.46249(21) 0.69087(27) 0.20715(23) 0.0234 Uiso
H1 H 0.266596 0.577375 0.358465 . .
H2 H 0.296113 0.625029 0.381035 . .
H3 H 0.641535 0.733404 0.422625 . .
H4 H 0.625029 0.618965 0.296113 . .
H5 H 0.703887 0.625029 0.381035 . .
H6 H 0.577375 0.641535 0.266596 . .
H7 H 0.358465 0.733404 0.422625 . .
H8 H 0.618965 0.703887 0.374971 . .
H9 H 0.374971 0.618965 0.296113 . .
H10 H 0.422625 0.641535 0.266596 . .
H11 H 0.381035 0.703887 0.374971 . .
H12 H 0.733404 0.577375 0.358465 . .
Cu1_2 Cu 0.31511(4) 0.24457(5) 0.500 0.0064 Uiso
N1_2 N 0.31692(28) 0.28256(25) 0.53878(21) 0.0234 Uiso
N2_2 N 0.29285(23) 0.30913(27) 0.53751(21) 0.0234 Uiso
C1_2 C 0.32540(31) 0.31760(29) 0.58396(23) 0.0234 Uiso
C2_2 C 0.33926(33) 0.33837(33) 0.61643(20) 0.0234 Uiso
C3_2 C 0.36993(27) 0.32176(21) 0.63412(25) 0.0234 Uiso
N3_2 N 0.29806(22) 0.33241(28) 0.56494(25) 0.0234 Uiso
C4_2 C 0.33754(33) 0.28499(27) 0.56802(29) 0.0234 Uiso
N4_2 N 0.28256(25) 0.46122(21) 0.68308(28) 0.0234 Uiso
N5_2 N 0.30913(27) 0.46249(21) 0.70715(23) 0.0234 Uiso
C5_2 C 0.31760(29) 0.41604(23) 0.67460(31) 0.0234 Uiso
C6_2 C 0.33837(33) 0.38357(20) 0.66074(33) 0.0234 Uiso
C7_2 C 0.32176(21) 0.36588(25) 0.63007(27) 0.0234 Uiso
N6_2 N 0.33241(28) 0.43506(25) 0.70194(22) 0.0234 Uiso
C8_2 C 0.28499(27) 0.43198(29) 0.66246(33) 0.0234 Uiso
N7_2 N 0.46122(21) 0.31692(28) 0.71744(25) 0.0234 Uiso
N8_2 N 0.46249(21) 0.29285(23) 0.69087(27) 0.0234 Uiso
C9_2 C 0.41604(23) 0.32540(31) 0.68240(29) 0.0234 Uiso
C10_2 C 0.38357(20) 0.33926(33) 0.66163(33) 0.0234 Uiso
C11_2 C 0.36588(25) 0.36993(27) 0.67824(21) 0.0234 Uiso
N9_2 N 0.43506(25) 0.29806(22) 0.66759(28) 0.0234 Uiso
C12_2 C 0.43198(29) 0.33754(33) 0.71501(27) 0.0234 Uiso
Cu2_2 Cu 0.24457(5) 0.500 0.68489(4) 0.0064 Uiso
N10_2 N 0.28256(25) 0.53878(21) 0.68308(28) 0.0234 Uiso
N11_2 N 0.30913(27) 0.53751(21) 0.70715(23) 0.0234 Uiso
C13_2 C 0.31760(29) 0.58396(23) 0.67460(31) 0.0234 Uiso
C14_2 C 0.33837(33) 0.61643(20) 0.66074(33) 0.0234 Uiso
C15_2 C 0.32176(21) 0.63412(25) 0.63007(27) 0.0234 Uiso
N12_2 N 0.33241(28) 0.56494(25) 0.70194(22) 0.0234 Uiso
C16_2 C 0.28499(27) 0.56802(29) 0.66246(33) 0.0234 Uiso
N13_2 N 0.46122(21) 0.68308(28) 0.71744(25) 0.0234 Uiso
N14_2 N 0.46249(21) 0.70715(23) 0.69087(27) 0.0234 Uiso
C17_2 C 0.41604(23) 0.67460(31) 0.68240(29) 0.0234 Uiso
C18_2 C 0.38357(20) 0.66074(33) 0.66163(33) 0.0234 Uiso
C19_2 C 0.36588(25) 0.63007(27) 0.67824(21) 0.0234 Uiso
N15_2 N 0.43506(25) 0.70194(22) 0.66759(28) 0.0234 Uiso
C20_2 C 0.43198(29) 0.66246(33) 0.71501(27) 0.0234 Uiso
N16_2 N 0.31692(28) 0.71744(25) 0.53878(21) 0.0234 Uiso
N17_2 N 0.29285(23) 0.69087(27) 0.53751(21) 0.0234 Uiso
C21_2 C 0.32540(31) 0.68240(29) 0.58396(23) 0.0234 Uiso
C22_2 C 0.33926(33) 0.66163(33) 0.61643(20) 0.0234 Uiso
C23_2 C 0.36993(27) 0.67824(21) 0.63412(25) 0.0234 Uiso
N18_2 N 0.29806(22) 0.66759(28) 0.56494(25) 0.0234 Uiso
C24_2 C 0.33754(33) 0.71501(27) 0.56802(29) 0.0234 Uiso
Cu3_2 Cu 0.25543(5) 0.31511(4) 0.500 0.0064 Uiso
Cu4_2 Cu 0.500 0.68489(4) 0.75543(5) 0.0064 Uiso
Cu6_2 Cu 0.500 0.31511(4) 0.75543(5) 0.0064 Uiso
Cu7_2 Cu 0.31511(4) 0.500 0.74457(5) 0.0064 Uiso
Cu9_2 Cu 0.500 0.74457(5) 0.68489(4) 0.0064 Uiso
Cu10_2 Cu 0.500 0.25543(5) 0.68489(4) 0.0064 Uiso
N19_2 N 0.31692(28) 0.28256(25) 0.46122(21) 0.0234 Uiso
N20_2 N 0.21744(25) 0.31692(28) 0.46122(21) 0.0234 Uiso
N21_2 N 0.21744(25) 0.31692(28) 0.53878(21) 0.0234 Uiso
N22_2 N 0.30913(27) 0.20715(23) 0.53751(21) 0.0234 Uiso
N23_2 N 0.30913(27) 0.20715(23) 0.46249(21) 0.0234 Uiso
N24_2 N 0.20715(23) 0.53751(21) 0.69087(27) 0.0234 Uiso
N25_2 N 0.29285(23) 0.30913(27) 0.46249(21) 0.0234 Uiso
N26_2 N 0.20715(23) 0.46249(21) 0.69087(27) 0.0234 Uiso
H1_2 H 0.358465 0.266596 0.577375 . .
H2_2 H 0.381035 0.296113 0.625029 . .
H3_2 H 0.422625 0.641535 0.733404 . .
H4_2 H 0.296113 0.625029 0.618965 . .
H5_2 H 0.381035 0.703887 0.625029 . .
H6_2 H 0.266596 0.577375 0.641535 . .
H7_2 H 0.422625 0.358465 0.733404 . .
H8_2 H 0.374971 0.618965 0.703887 . .
H9_2 H 0.296113 0.374971 0.618965 . .
H10_2 H 0.266596 0.422625 0.641535 . .
H11_2 H 0.374971 0.381035 0.703887 . .
H12_2 H 0.358465 0.733404 0.577375 . .
Cu1_3 Cu 0.500 0.31511(4) 0.24457(5) 0.0064 Uiso
N1_3 N 0.53878(21) 0.31692(28) 0.28256(25) 0.0234 Uiso
N2_3 N 0.53751(21) 0.29285(23) 0.30913(27) 0.0234 Uiso
C1_3 C 0.58396(23) 0.32540(31) 0.31760(29) 0.0234 Uiso
C2_3 C 0.61643(20) 0.33926(33) 0.33837(33) 0.0234 Uiso
C3_3 C 0.63412(25) 0.36993(27) 0.32176(21) 0.0234 Uiso
N3_3 N 0.56494(25) 0.29806(22) 0.33241(28) 0.0234 Uiso
C4_3 C 0.56802(29) 0.33754(33) 0.28499(27) 0.0234 Uiso
N4_3 N 0.68308(28) 0.28256(25) 0.46122(21) 0.0234 Uiso
N5_3 N 0.70715(23) 0.30913(27) 0.46249(21) 0.0234 Uiso
C5_3 C 0.67460(31) 0.31760(29) 0.41604(23) 0.0234 Uiso
C6_3 C 0.66074(33) 0.33837(33) 0.38357(20) 0.0234 Uiso
C7_3 C 0.63007(27) 0.32176(21) 0.36588(25) 0.0234 Uiso
N6_3 N 0.70194(22) 0.33241(28) 0.43506(25) 0.0234 Uiso
C8_3 C 0.66246(33) 0.28499(27) 0.43198(29) 0.0234 Uiso
N7_3 N 0.71744(25) 0.46122(21) 0.31692(28) 0.0234 Uiso
N8_3 N 0.69087(27) 0.46249(21) 0.29285(23) 0.0234 Uiso
C9_3 C 0.68240(29) 0.41604(23) 0.32540(31) 0.0234 Uiso
C10_3 C 0.66163(33) 0.38357(20) 0.33926(33) 0.0234 Uiso
C11_3 C 0.67824(21) 0.36588(25) 0.36993(27) 0.0234 Uiso
N9_3 N 0.66759(28) 0.43506(25) 0.29806(22) 0.0234 Uiso
C12_3 C 0.71501(27) 0.43198(29) 0.33754(33) 0.0234 Uiso
Cu2_3 Cu 0.68489(4) 0.24457(5) 0.500 0.0064 Uiso
N10_3 N 0.68308(28) 0.28256(25) 0.53878(21) 0.0234 Uiso
N11_3 N 0.70715(23) 0.30913(27) 0.53751(21) 0.0234 Uiso
C13_3 C 0.67460(31) 0.31760(29) 0.58396(23) 0.0234 Uiso
C14_3 C 0.66074(33) 0.33837(33) 0.61643(20) 0.0234 Uiso
C15_3 C 0.63007(27) 0.32176(21) 0.63412(25) 0.0234 Uiso
N12_3 N 0.70194(22) 0.33241(28) 0.56494(25) 0.0234 Uiso
C16_3 C 0.66246(33) 0.28499(27) 0.56802(29) 0.0234 Uiso
N13_3 N 0.71744(25) 0.46122(21) 0.68308(28) 0.0234 Uiso
N14_3 N 0.69087(27) 0.46249(21) 0.70715(23) 0.0234 Uiso
C17_3 C 0.68240(29) 0.41604(23) 0.67460(31) 0.0234 Uiso
C18_3 C 0.66163(33) 0.38357(20) 0.66074(33) 0.0234 Uiso
C19_3 C 0.67824(21) 0.36588(25) 0.63007(27) 0.0234 Uiso
N15_3 N 0.66759(28) 0.43506(25) 0.70194(22) 0.0234 Uiso
C20_3 C 0.71501(27) 0.43198(29) 0.66246(33) 0.0234 Uiso
N16_3 N 0.53878(21) 0.31692(28) 0.71744(25) 0.0234 Uiso
N17_3 N 0.53751(21) 0.29285(23) 0.69087(27) 0.0234 Uiso
C21_3 C 0.58396(23) 0.32540(31) 0.68240(29) 0.0234 Uiso
C22_3 C 0.61643(20) 0.33926(33) 0.66163(33) 0.0234 Uiso
C23_3 C 0.63412(25) 0.36993(27) 0.67824(21) 0.0234 Uiso
N18_3 N 0.56494(25) 0.29806(22) 0.66759(28) 0.0234 Uiso
C24_3 C 0.56802(29) 0.33754(33) 0.71501(27) 0.0234 Uiso
Cu3_3 Cu 0.500 0.25543(5) 0.31511(4) 0.0064 Uiso
Cu4_3 Cu 0.75543(5) 0.500 0.68489(4) 0.0064 Uiso
Cu7_3 Cu 0.74457(5) 0.31511(4) 0.500 0.0064 Uiso
Cu9_3 Cu 0.68489(4) 0.500 0.74457(5) 0.0064 Uiso
N19_3 N 0.46122(21) 0.31692(28) 0.28256(25) 0.0234 Uiso
N20_3 N 0.46122(21) 0.21744(25) 0.31692(28) 0.0234 Uiso
N21_3 N 0.53878(21) 0.21744(25) 0.31692(28) 0.0234 Uiso
N22_3 N 0.53751(21) 0.30913(27) 0.20715(23) 0.0234 Uiso
N23_3 N 0.46249(21) 0.30913(27) 0.20715(23) 0.0234 Uiso
N24_3 N 0.69087(27) 0.20715(23) 0.53751(21) 0.0234 Uiso
N25_3 N 0.46249(21) 0.29285(23) 0.30913(27) 0.0234 Uiso
N26_3 N 0.69087(27) 0.20715(23) 0.46249(21) 0.0234 Uiso
H1_3 H 0.577375 0.358465 0.266596 . .
H2_3 H 0.625029 0.381035 0.296113 . .
H3_3 H 0.733404 0.422625 0.641535 . .
H4_3 H 0.618965 0.296113 0.625029 . .
H5_3 H 0.625029 0.381035 0.703887 . .
H6_3 H 0.641535 0.266596 0.577375 . .
H7_3 H 0.733404 0.422625 0.358465 . .
H8_3 H 0.703887 0.374971 0.618965 . .
H9_3 H 0.618965 0.296113 0.374971 . .
H10_3 H 0.641535 0.266596 0.422625 . .
H11_3 H 0.703887 0.374971 0.381035 . .
H12_3 H 0.577375 0.358465 0.733404 . .
N20_4 N 0.78256(25) 0.31692(28) 0.53878(21) 0.0234 Uiso
N21_4 N 0.78256(25) 0.31692(28) 0.46122(21) 0.0234 Uiso
N24_4 N 0.79285(23) 0.53751(21) 0.30913(27) 0.0234 Uiso
N26_4 N 0.79285(23) 0.46249(21) 0.30913(27) 0.0234 Uiso
N20_5 N 0.53878(21) 0.78256(25) 0.31692(28) 0.0234 Uiso
N21_5 N 0.46122(21) 0.78256(25) 0.31692(28) 0.0234 Uiso
N24_5 N 0.30913(27) 0.79285(23) 0.53751(21) 0.0234 Uiso
N26_5 N 0.30913(27) 0.79285(23) 0.46249(21) 0.0234 Uiso
N1_4 N 0.53878(21) 0.68308(28) 0.71744(25) 0.0234 Uiso
N2_4 N 0.53751(21) 0.70715(23) 0.69087(27) 0.0234 Uiso
C1_4 C 0.58396(23) 0.67460(31) 0.68240(29) 0.0234 Uiso
C2_4 C 0.61643(20) 0.66074(33) 0.66163(33) 0.0234 Uiso
C3_4 C 0.63412(25) 0.63007(27) 0.67824(21) 0.0234 Uiso
N3_4 N 0.56494(25) 0.70194(22) 0.66759(28) 0.0234 Uiso
C4_4 C 0.56802(29) 0.66246(33) 0.71501(27) 0.0234 Uiso
N4_4 N 0.68308(28) 0.71744(25) 0.53878(21) 0.0234 Uiso
N5_4 N 0.70715(23) 0.69087(27) 0.53751(21) 0.0234 Uiso
C5_4 C 0.67460(31) 0.68240(29) 0.58396(23) 0.0234 Uiso
C6_4 C 0.66074(33) 0.66163(33) 0.61643(20) 0.0234 Uiso
C7_4 C 0.63007(27) 0.67824(21) 0.63412(25) 0.0234 Uiso
N6_4 N 0.70194(22) 0.66759(28) 0.56494(25) 0.0234 Uiso
C8_4 C 0.66246(33) 0.71501(27) 0.56802(29) 0.0234 Uiso
N7_4 N 0.71744(25) 0.53878(21) 0.68308(28) 0.0234 Uiso
N8_4 N 0.69087(27) 0.53751(21) 0.70715(23) 0.0234 Uiso
C9_4 C 0.68240(29) 0.58396(23) 0.67460(31) 0.0234 Uiso
C10_4 C 0.66163(33) 0.61643(20) 0.66074(33) 0.0234 Uiso
C11_4 C 0.67824(21) 0.63412(25) 0.63007(27) 0.0234 Uiso
N9_4 N 0.66759(28) 0.56494(25) 0.70194(22) 0.0234 Uiso
C12_4 C 0.71501(27) 0.56802(29) 0.66246(33) 0.0234 Uiso
N20_6 N 0.46122(21) 0.78256(25) 0.68308(28) 0.0234 Uiso
N21_6 N 0.53878(21) 0.78256(25) 0.68308(28) 0.0234 Uiso
N22_4 N 0.53751(21) 0.69087(27) 0.79285(23) 0.0234 Uiso
N23_4 N 0.46249(21) 0.69087(27) 0.79285(23) 0.0234 Uiso
N24_6 N 0.69087(27) 0.79285(23) 0.46249(21) 0.0234 Uiso
N26_6 N 0.69087(27) 0.79285(23) 0.53751(21) 0.0234 Uiso
H1_4 H 0.577375 0.641535 0.733404 . .
H2_4 H 0.625029 0.618965 0.703887 . .
H7_4 H 0.733404 0.577375 0.641535 . .
H9_4 H 0.618965 0.703887 0.625029 . .
H10_4 H 0.641535 0.733404 0.577375 . .
H11_4 H 0.703887 0.625029 0.618965 . .
N20_7 N 0.68308(28) 0.46122(21) 0.78256(25) 0.0234 Uiso
N21_7 N 0.68308(28) 0.53878(21) 0.78256(25) 0.0234 Uiso
N22_5 N 0.79285(23) 0.53751(21) 0.69087(27) 0.0234 Uiso
N23_5 N 0.79285(23) 0.46249(21) 0.69087(27) 0.0234 Uiso
N20_8 N 0.78256(25) 0.68308(28) 0.46122(21) 0.0234 Uiso
N21_8 N 0.78256(25) 0.68308(28) 0.53878(21) 0.0234 Uiso
N20_9 N 0.31692(28) 0.53878(21) 0.78256(25) 0.0234 Uiso
N21_9 N 0.31692(28) 0.46122(21) 0.78256(25) 0.0234 Uiso
N24_7 N 0.53751(21) 0.30913(27) 0.79285(23) 0.0234 Uiso
N26_7 N 0.46249(21) 0.30913(27) 0.79285(23) 0.0234 Uiso
Cu1_4 Cu 0.500 0.24457(5) 0.18489(4) 0.0064 Uiso
N1_5 N 0.53878(21) 0.28256(25) 0.18308(28) 0.0234 Uiso
C1_5 C 0.58396(23) 0.31760(29) 0.17460(31) 0.0234 Uiso
C2_5 C 0.61643(20) 0.33837(33) 0.16074(33) 0.0234 Uiso
C3_5 C 0.63412(25) 0.32176(21) 0.13007(27) 0.0234 Uiso
N3_5 N 0.56494(25) 0.33241(28) 0.20194(22) 0.0234 Uiso
C4_5 C 0.56802(29) 0.28499(27) 0.16246(33) 0.0234 Uiso
N4_5 N 0.68308(28) 0.46122(21) 0.21744(25) 0.0234 Uiso
N5_5 N 0.70715(23) 0.46249(21) 0.19087(27) 0.0234 Uiso
C5_5 C 0.67460(31) 0.41604(23) 0.18240(29) 0.0234 Uiso
C6_5 C 0.66074(33) 0.38357(20) 0.16163(33) 0.0234 Uiso
C7_5 C 0.63007(27) 0.36588(25) 0.17824(21) 0.0234 Uiso
N6_5 N 0.70194(22) 0.43506(25) 0.16759(28) 0.0234 Uiso
C8_5 C 0.66246(33) 0.43198(29) 0.21501(27) 0.0234 Uiso
N7_5 N 0.71744(25) 0.31692(28) 0.03878(21) 0.0234 Uiso
N8_5 N 0.69087(27) 0.29285(23) 0.03751(21) 0.0234 Uiso
C9_5 C 0.68240(29) 0.32540(31) 0.08396(23) 0.0234 Uiso
C10_5 C 0.66163(33) 0.33926(33) 0.11643(20) 0.0234 Uiso
C11_5 C 0.67824(21) 0.36993(27) 0.13412(25) 0.0234 Uiso
N9_5 N 0.66759(28) 0.29806(22) 0.06494(25) 0.0234 Uiso
C12_5 C 0.71501(27) 0.33754(33) 0.06802(29) 0.0234 Uiso
N10_4 N 0.68308(28) 0.53878(21) 0.21744(25) 0.0234 Uiso
N11_4 N 0.70715(23) 0.53751(21) 0.19087(27) 0.0234 Uiso
C13_4 C 0.67460(31) 0.58396(23) 0.18240(29) 0.0234 Uiso
C14_4 C 0.66074(33) 0.61643(20) 0.16163(33) 0.0234 Uiso
C15_4 C 0.63007(27) 0.63412(25) 0.17824(21) 0.0234 Uiso
N12_4 N 0.70194(22) 0.56494(25) 0.16759(28) 0.0234 Uiso
C16_4 C 0.66246(33) 0.56802(29) 0.21501(27) 0.0234 Uiso
N13_4 N 0.71744(25) 0.68308(28) 0.03878(21) 0.0234 Uiso
N14_4 N 0.69087(27) 0.70715(23) 0.03751(21) 0.0234 Uiso
C17_4 C 0.68240(29) 0.67460(31) 0.08396(23) 0.0234 Uiso
C18_4 C 0.66163(33) 0.66074(33) 0.11643(20) 0.0234 Uiso
C19_4 C 0.67824(21) 0.63007(27) 0.13412(25) 0.0234 Uiso
N15_4 N 0.66759(28) 0.70194(22) 0.06494(25) 0.0234 Uiso
C20_4 C 0.71501(27) 0.66246(33) 0.06802(29) 0.0234 Uiso
N16_4 N 0.53878(21) 0.71744(25) 0.18308(28) 0.0234 Uiso
C21_4 C 0.58396(23) 0.68240(29) 0.17460(31) 0.0234 Uiso
C22_4 C 0.61643(20) 0.66163(33) 0.16074(33) 0.0234 Uiso
C23_4 C 0.63412(25) 0.67824(21) 0.13007(27) 0.0234 Uiso
N18_4 N 0.56494(25) 0.66759(28) 0.20194(22) 0.0234 Uiso
C24_4 C 0.56802(29) 0.71501(27) 0.16246(33) 0.0234 Uiso
Cu4_4 Cu 0.75543(5) 0.68489(4) 0.000 0.0064 Uiso
Cu5_2 Cu 0.500 0.75543(5) 0.18489(4) 0.0064 Uiso
Cu6_3 Cu 0.75543(5) 0.31511(4) 0.000 0.0064 Uiso
Cu7_4 Cu 0.74457(5) 0.500 0.18489(4) 0.0064 Uiso
Cu9_4 Cu 0.68489(4) 0.74457(5) 0.000 0.0064 Uiso
Cu10_3 Cu 0.68489(4) 0.25543(5) 0.000 0.0064 Uiso
N19_4 N 0.46122(21) 0.28256(25) 0.18308(28) 0.0234 Uiso
N22_6 N 0.53751(21) 0.20715(23) 0.19087(27) 0.0234 Uiso
N23_6 N 0.46249(21) 0.20715(23) 0.19087(27) 0.0234 Uiso
H1_5 H 0.577375 0.266596 0.141535 . .
H2_5 H 0.625029 0.296113 0.118965 . .
H3_4 H 0.733404 0.641535 0.0773755 . .
H4_4 H 0.618965 0.625029 0.203887 . .
H5_4 H 0.625029 0.703887 0.118965 . .
H6_4 H 0.641535 0.577375 0.233404 . .
H7_5 H 0.733404 0.358465 0.0773755 . .
H8_4 H 0.703887 0.618965 0.125029 . .
H9_5 H 0.618965 0.374971 0.203887 . .
H10_5 H 0.641535 0.422625 0.233404 . .
H11_5 H 0.703887 0.381035 0.125029 . .
H12_4 H 0.577375 0.733404 0.141535 . .
Cu4_5 Cu 0.75543(5) 0.68489(4) 1.000 0.0064 Uiso
Cu6_4 Cu 0.75543(5) 0.31511(4) 1.000 0.0064 Uiso
Cu9_5 Cu 0.68489(4) 0.74457(5) 1.000 0.0064 Uiso
Cu10_4 Cu 0.68489(4) 0.25543(5) 1.000 0.0064 Uiso
Cu1_5 Cu 0.18489(4) 0.500 0.24457(5) 0.0064 Uiso
N1_6 N 0.18308(28) 0.53878(21) 0.28256(25) 0.0234 Uiso
C1_6 C 0.17460(31) 0.58396(23) 0.31760(29) 0.0234 Uiso
C2_6 C 0.16074(33) 0.61643(20) 0.33837(33) 0.0234 Uiso
C3_6 C 0.13007(27) 0.63412(25) 0.32176(21) 0.0234 Uiso
N3_6 N 0.20194(22) 0.56494(25) 0.33241(28) 0.0234 Uiso
C4_6 C 0.16246(33) 0.56802(29) 0.28499(27) 0.0234 Uiso
N4_6 N 0.21744(25) 0.68308(28) 0.46122(21) 0.0234 Uiso
N5_6 N 0.19087(27) 0.70715(23) 0.46249(21) 0.0234 Uiso
C5_6 C 0.18240(29) 0.67460(31) 0.41604(23) 0.0234 Uiso
C6_6 C 0.16163(33) 0.66074(33) 0.38357(20) 0.0234 Uiso
C7_6 C 0.17824(21) 0.63007(27) 0.36588(25) 0.0234 Uiso
N6_6 N 0.16759(28) 0.70194(22) 0.43506(25) 0.0234 Uiso
C8_6 C 0.21501(27) 0.66246(33) 0.43198(29) 0.0234 Uiso
N7_6 N 0.03878(21) 0.71744(25) 0.31692(28) 0.0234 Uiso
N8_6 N 0.03751(21) 0.69087(27) 0.29285(23) 0.0234 Uiso
C9_6 C 0.08396(23) 0.68240(29) 0.32540(31) 0.0234 Uiso
C10_6 C 0.11643(20) 0.66163(33) 0.33926(33) 0.0234 Uiso
C11_6 C 0.13412(25) 0.67824(21) 0.36993(27) 0.0234 Uiso
N9_6 N 0.06494(25) 0.66759(28) 0.29806(22) 0.0234 Uiso
C12_6 C 0.06802(29) 0.71501(27) 0.33754(33) 0.0234 Uiso
N10_5 N 0.21744(25) 0.68308(28) 0.53878(21) 0.0234 Uiso
N11_5 N 0.19087(27) 0.70715(23) 0.53751(21) 0.0234 Uiso
C13_5 C 0.18240(29) 0.67460(31) 0.58396(23) 0.0234 Uiso
C14_5 C 0.16163(33) 0.66074(33) 0.61643(20) 0.0234 Uiso
C15_5 C 0.17824(21) 0.63007(27) 0.63412(25) 0.0234 Uiso
N12_5 N 0.16759(28) 0.70194(22) 0.56494(25) 0.0234 Uiso
C16_5 C 0.21501(27) 0.66246(33) 0.56802(29) 0.0234 Uiso
N13_5 N 0.03878(21) 0.71744(25) 0.68308(28) 0.0234 Uiso
N14_5 N 0.03751(21) 0.69087(27) 0.70715(23) 0.0234 Uiso
C17_5 C 0.08396(23) 0.68240(29) 0.67460(31) 0.0234 Uiso
C18_5 C 0.11643(20) 0.66163(33) 0.66074(33) 0.0234 Uiso
C19_5 C 0.13412(25) 0.67824(21) 0.63007(27) 0.0234 Uiso
N15_5 N 0.06494(25) 0.66759(28) 0.70194(22) 0.0234 Uiso
C20_5 C 0.06802(29) 0.71501(27) 0.66246(33) 0.0234 Uiso
N16_5 N 0.18308(28) 0.53878(21) 0.71744(25) 0.0234 Uiso
C21_5 C 0.17460(31) 0.58396(23) 0.68240(29) 0.0234 Uiso
C22_5 C 0.16074(33) 0.61643(20) 0.66163(33) 0.0234 Uiso
C23_5 C 0.13007(27) 0.63412(25) 0.67824(21) 0.0234 Uiso
N18_5 N 0.20194(22) 0.56494(25) 0.66759(28) 0.0234 Uiso
C24_5 C 0.16246(33) 0.56802(29) 0.71501(27) 0.0234 Uiso
Cu4_6 Cu 0.000 0.75543(5) 0.68489(4) 0.0064 Uiso
Cu5_3 Cu 0.18489(4) 0.500 0.75543(5) 0.0064 Uiso
Cu6_5 Cu 0.000 0.75543(5) 0.31511(4) 0.0064 Uiso
Cu7_5 Cu 0.18489(4) 0.74457(5) 0.500 0.0064 Uiso
Cu9_6 Cu 0.000 0.68489(4) 0.74457(5) 0.0064 Uiso
Cu10_5 Cu 0.000 0.68489(4) 0.25543(5) 0.0064 Uiso
N19_5 N 0.18308(28) 0.46122(21) 0.28256(25) 0.0234 Uiso
N22_7 N 0.19087(27) 0.53751(21) 0.20715(23) 0.0234 Uiso
N23_7 N 0.19087(27) 0.46249(21) 0.20715(23) 0.0234 Uiso
H1_6 H 0.141535 0.577375 0.266596 . .
H2_6 H 0.118965 0.625029 0.296113 . .
H3_5 H 0.0773755 0.733404 0.641535 . .
H4_5 H 0.203887 0.618965 0.625029 . .
H5_5 H 0.118965 0.625029 0.703887 . .
H6_5 H 0.233404 0.641535 0.577375 . .
H7_6 H 0.0773755 0.733404 0.358465 . .
H8_5 H 0.125029 0.703887 0.618965 . .
H9_6 H 0.203887 0.618965 0.374971 . .
H10_6 H 0.233404 0.641535 0.422625 . .
H11_6 H 0.125029 0.703887 0.381035 . .
H12_5 H 0.141535 0.577375 0.733404 . .
Cu4_7 Cu 1.000 0.75543(5) 0.68489(4) 0.0064 Uiso
Cu6_6 Cu 1.000 0.75543(5) 0.31511(4) 0.0064 Uiso
Cu9_7 Cu 1.000 0.68489(4) 0.74457(5) 0.0064 Uiso
Cu10_6 Cu 1.000 0.68489(4) 0.25543(5) 0.0064 Uiso
Cu1_6 Cu 0.24457(5) 0.18489(4) 0.500 0.0064 Uiso
N1_7 N 0.28256(25) 0.18308(28) 0.53878(21) 0.0234 Uiso
C1_7 C 0.31760(29) 0.17460(31) 0.58396(23) 0.0234 Uiso
C2_7 C 0.33837(33) 0.16074(33) 0.61643(20) 0.0234 Uiso
C3_7 C 0.32176(21) 0.13007(27) 0.63412(25) 0.0234 Uiso
N3_7 N 0.33241(28) 0.20194(22) 0.56494(25) 0.0234 Uiso
C4_7 C 0.28499(27) 0.16246(33) 0.56802(29) 0.0234 Uiso
N4_7 N 0.46122(21) 0.21744(25) 0.68308(28) 0.0234 Uiso
N5_7 N 0.46249(21) 0.19087(27) 0.70715(23) 0.0234 Uiso
C5_7 C 0.41604(23) 0.18240(29) 0.67460(31) 0.0234 Uiso
C6_7 C 0.38357(20) 0.16163(33) 0.66074(33) 0.0234 Uiso
C7_7 C 0.36588(25) 0.17824(21) 0.63007(27) 0.0234 Uiso
N6_7 N 0.43506(25) 0.16759(28) 0.70194(22) 0.0234 Uiso
C8_7 C 0.43198(29) 0.21501(27) 0.66246(33) 0.0234 Uiso
N7_7 N 0.31692(28) 0.03878(21) 0.71744(25) 0.0234 Uiso
N8_7 N 0.29285(23) 0.03751(21) 0.69087(27) 0.0234 Uiso
C9_7 C 0.32540(31) 0.08396(23) 0.68240(29) 0.0234 Uiso
C10_7 C 0.33926(33) 0.11643(20) 0.66163(33) 0.0234 Uiso
C11_7 C 0.36993(27) 0.13412(25) 0.67824(21) 0.0234 Uiso
N9_7 N 0.29806(22) 0.06494(25) 0.66759(28) 0.0234 Uiso
C12_7 C 0.33754(33) 0.06802(29) 0.71501(27) 0.0234 Uiso
N10_6 N 0.53878(21) 0.21744(25) 0.68308(28) 0.0234 Uiso
N11_6 N 0.53751(21) 0.19087(27) 0.70715(23) 0.0234 Uiso
C13_6 C 0.58396(23) 0.18240(29) 0.67460(31) 0.0234 Uiso
C14_6 C 0.61643(20) 0.16163(33) 0.66074(33) 0.0234 Uiso
C15_6 C 0.63412(25) 0.17824(21) 0.63007(27) 0.0234 Uiso
N12_6 N 0.56494(25) 0.16759(28) 0.70194(22) 0.0234 Uiso
C16_6 C 0.56802(29) 0.21501(27) 0.66246(33) 0.0234 Uiso
N13_6 N 0.68308(28) 0.03878(21) 0.71744(25) 0.0234 Uiso
N14_6 N 0.70715(23) 0.03751(21) 0.69087(27) 0.0234 Uiso
C17_6 C 0.67460(31) 0.08396(23) 0.68240(29) 0.0234 Uiso
C18_6 C 0.66074(33) 0.11643(20) 0.66163(33) 0.0234 Uiso
C19_6 C 0.63007(27) 0.13412(25) 0.67824(21) 0.0234 Uiso
N15_6 N 0.70194(22) 0.06494(25) 0.66759(28) 0.0234 Uiso
C20_6 C 0.66246(33) 0.06802(29) 0.71501(27) 0.0234 Uiso
N16_6 N 0.71744(25) 0.18308(28) 0.53878(21) 0.0234 Uiso
C21_6 C 0.68240(29) 0.17460(31) 0.58396(23) 0.0234 Uiso
C22_6 C 0.66163(33) 0.16074(33) 0.61643(20) 0.0234 Uiso
C23_6 C 0.67824(21) 0.13007(27) 0.63412(25) 0.0234 Uiso
N18_6 N 0.66759(28) 0.20194(22) 0.56494(25) 0.0234 Uiso
C24_6 C 0.71501(27) 0.16246(33) 0.56802(29) 0.0234 Uiso
Cu4_8 Cu 0.68489(4) 0.000 0.75543(5) 0.0064 Uiso
Cu5_4 Cu 0.75543(5) 0.18489(4) 0.500 0.0064 Uiso
Cu6_7 Cu 0.31511(4) 0.000 0.75543(5) 0.0064 Uiso
Cu7_6 Cu 0.500 0.18489(4) 0.74457(5) 0.0064 Uiso
Cu9_8 Cu 0.74457(5) 0.000 0.68489(4) 0.0064 Uiso
Cu10_7 Cu 0.25543(5) 0.000 0.68489(4) 0.0064 Uiso
N19_6 N 0.28256(25) 0.18308(28) 0.46122(21) 0.0234 Uiso
N22_8 N 0.20715(23) 0.19087(27) 0.53751(21) 0.0234 Uiso
N23_8 N 0.20715(23) 0.19087(27) 0.46249(21) 0.0234 Uiso
H1_7 H 0.266596 0.141535 0.577375 . .
H2_7 H 0.296113 0.118965 0.625029 . .
H3_6 H 0.641535 0.0773755 0.733404 . .
H4_6 H 0.625029 0.203887 0.618965 . .
H5_6 H 0.703887 0.118965 0.625029 . .
H6_6 H 0.577375 0.233404 0.641535 . .
H7_7 H 0.358465 0.0773755 0.733404 . .
H8_6 H 0.618965 0.125029 0.703887 . .
H9_7 H 0.374971 0.203887 0.618965 . .
H10_7 H 0.422625 0.233404 0.641535 . .
H11_7 H 0.381035 0.125029 0.703887 . .
H12_6 H 0.733404 0.141535 0.577375 . .
Cu4_9 Cu 0.68489(4) 1.000 0.75543(5) 0.0064 Uiso
Cu6_8 Cu 0.31511(4) 1.000 0.75543(5) 0.0064 Uiso
Cu9_9 Cu 0.74457(5) 1.000 0.68489(4) 0.0064 Uiso
Cu10_8 Cu 0.25543(5) 1.000 0.68489(4) 0.0064 Uiso
C13_7 C 0.41604(23) 0.32540(31) 0.31760(29) 0.0234 Uiso
C14_7 C 0.38357(20) 0.33926(33) 0.33837(33) 0.0234 Uiso
C15_7 C 0.36588(25) 0.36993(27) 0.32176(21) 0.0234 Uiso
N12_7 N 0.43506(25) 0.29806(22) 0.33241(28) 0.0234 Uiso
C16_7 C 0.43198(29) 0.33754(33) 0.28499(27) 0.0234 Uiso
C17_7 C 0.32540(31) 0.31760(29) 0.41604(23) 0.0234 Uiso
C18_7 C 0.33926(33) 0.33837(33) 0.38357(20) 0.0234 Uiso
C19_7 C 0.36993(27) 0.32176(21) 0.36588(25) 0.0234 Uiso
N15_7 N 0.29806(22) 0.33241(28) 0.43506(25) 0.0234 Uiso
C20_7 C 0.33754(33) 0.28499(27) 0.43198(29) 0.0234 Uiso
C21_7 C 0.31760(29) 0.41604(23) 0.32540(31) 0.0234 Uiso
C22_7 C 0.33837(33) 0.38357(20) 0.33926(33) 0.0234 Uiso
C23_7 C 0.32176(21) 0.36588(25) 0.36993(27) 0.0234 Uiso
N18_7 N 0.33241(28) 0.43506(25) 0.29806(22) 0.0234 Uiso
C24_7 C 0.28499(27) 0.43198(29) 0.33754(33) 0.0234 Uiso
H3_7 H 0.358465 0.266596 0.422625 . .
H4_7 H 0.374971 0.381035 0.296113 . .
H5_7 H 0.296113 0.374971 0.381035 . .
H6_7 H 0.422625 0.358465 0.266596 . .
H8_7 H 0.381035 0.296113 0.374971 . .
H12_7 H 0.266596 0.422625 0.358465 . .
N1_8 N 0.46122(21) 0.71744(25) 0.18308(28) 0.0234 Uiso
C1_8 C 0.41604(23) 0.68240(29) 0.17460(31) 0.0234 Uiso
C2_8 C 0.38357(20) 0.66163(33) 0.16074(33) 0.0234 Uiso
C3_8 C 0.36588(25) 0.67824(21) 0.13007(27) 0.0234 Uiso
N3_8 N 0.43506(25) 0.66759(28) 0.20194(22) 0.0234 Uiso
C4_8 C 0.43198(29) 0.71501(27) 0.16246(33) 0.0234 Uiso
N5_8 N 0.29285(23) 0.53751(21) 0.19087(27) 0.0234 Uiso
C5_8 C 0.32540(31) 0.58396(23) 0.18240(29) 0.0234 Uiso
C6_8 C 0.33926(33) 0.61643(20) 0.16163(33) 0.0234 Uiso
C7_8 C 0.36993(27) 0.63412(25) 0.17824(21) 0.0234 Uiso
N6_8 N 0.29806(22) 0.56494(25) 0.16759(28) 0.0234 Uiso
C8_8 C 0.33754(33) 0.56802(29) 0.21501(27) 0.0234 Uiso
N7_8 N 0.28256(25) 0.68308(28) 0.03878(21) 0.0234 Uiso
N8_8 N 0.30913(27) 0.70715(23) 0.03751(21) 0.0234 Uiso
C9_8 C 0.31760(29) 0.67460(31) 0.08396(23) 0.0234 Uiso
C10_8 C 0.33837(33) 0.66074(33) 0.11643(20) 0.0234 Uiso
C11_8 C 0.32176(21) 0.63007(27) 0.13412(25) 0.0234 Uiso
N9_8 N 0.33241(28) 0.70194(22) 0.06494(25) 0.0234 Uiso
C12_8 C 0.28499(27) 0.66246(33) 0.06802(29) 0.0234 Uiso
N11_7 N 0.29285(23) 0.46249(21) 0.19087(27) 0.0234 Uiso
C13_8 C 0.32540(31) 0.41604(23) 0.18240(29) 0.0234 Uiso
C14_8 C 0.33926(33) 0.38357(20) 0.16163(33) 0.0234 Uiso
C15_8 C 0.36993(27) 0.36588(25) 0.17824(21) 0.0234 Uiso
N12_8 N 0.29806(22) 0.43506(25) 0.16759(28) 0.0234 Uiso
C16_8 C 0.33754(33) 0.43198(29) 0.21501(27) 0.0234 Uiso
N13_7 N 0.28256(25) 0.31692(28) 0.03878(21) 0.0234 Uiso
N14_7 N 0.30913(27) 0.29285(23) 0.03751(21) 0.0234 Uiso
C17_8 C 0.31760(29) 0.32540(31) 0.08396(23) 0.0234 Uiso
C18_8 C 0.33837(33) 0.33926(33) 0.11643(20) 0.0234 Uiso
C19_8 C 0.32176(21) 0.36993(27) 0.13412(25) 0.0234 Uiso
N15_8 N 0.33241(28) 0.29806(22) 0.06494(25) 0.0234 Uiso
C20_8 C 0.28499(27) 0.33754(33) 0.06802(29) 0.0234 Uiso
C21_8 C 0.41604(23) 0.31760(29) 0.17460(31) 0.0234 Uiso
C22_8 C 0.38357(20) 0.33837(33) 0.16074(33) 0.0234 Uiso
C23_8 C 0.36588(25) 0.32176(21) 0.13007(27) 0.0234 Uiso
N18_8 N 0.43506(25) 0.33241(28) 0.20194(22) 0.0234 Uiso
C24_8 C 0.43198(29) 0.28499(27) 0.16246(33) 0.0234 Uiso
Cu4_10 Cu 0.24457(5) 0.31511(4) 0.000 0.0064 Uiso
Cu6_9 Cu 0.24457(5) 0.68489(4) 0.000 0.0064 Uiso
Cu7_7 Cu 0.25543(5) 0.500 0.18489(4) 0.0064 Uiso
Cu9_10 Cu 0.31511(4) 0.25543(5) 0.000 0.0064 Uiso
Cu10_9 Cu 0.31511(4) 0.74457(5) 0.000 0.0064 Uiso
N22_9 N 0.46249(21) 0.79285(23) 0.19087(27) 0.0234 Uiso
N23_9 N 0.53751(21) 0.79285(23) 0.19087(27) 0.0234 Uiso
H1_8 H 0.422625 0.733404 0.141535 . .
H2_8 H 0.374971 0.703887 0.118965 . .
H3_8 H 0.266596 0.358465 0.0773755 . .
H4_8 H 0.381035 0.374971 0.203887 . .
H5_8 H 0.374971 0.296113 0.118965 . .
H6_8 H 0.358465 0.422625 0.233404 . .
H7_8 H 0.266596 0.641535 0.0773755 . .
H8_8 H 0.296113 0.381035 0.125029 . .
H9_8 H 0.381035 0.625029 0.203887 . .
H10_8 H 0.358465 0.577375 0.233404 . .
H11_8 H 0.296113 0.618965 0.125029 . .
H12_8 H 0.422625 0.266596 0.141535 . .
Cu4_11 Cu 0.24457(5) 0.31511(4) 1.000 0.0064 Uiso
Cu6_10 Cu 0.24457(5) 0.68489(4) 1.000 0.0064 Uiso
Cu9_11 Cu 0.31511(4) 0.25543(5) 1.000 0.0064 Uiso
Cu10_10 Cu 0.31511(4) 0.74457(5) 1.000 0.0064 Uiso
N1_9 N 0.18308(28) 0.46122(21) 0.71744(25) 0.0234 Uiso
C1_9 C 0.17460(31) 0.41604(23) 0.68240(29) 0.0234 Uiso
C2_9 C 0.16074(33) 0.38357(20) 0.66163(33) 0.0234 Uiso
C3_9 C 0.13007(27) 0.36588(25) 0.67824(21) 0.0234 Uiso
N3_9 N 0.20194(22) 0.43506(25) 0.66759(28) 0.0234 Uiso
C4_9 C 0.16246(33) 0.43198(29) 0.71501(27) 0.0234 Uiso
N5_9 N 0.19087(27) 0.29285(23) 0.53751(21) 0.0234 Uiso
C5_9 C 0.18240(29) 0.32540(31) 0.58396(23) 0.0234 Uiso
C6_9 C 0.16163(33) 0.33926(33) 0.61643(20) 0.0234 Uiso
C7_9 C 0.17824(21) 0.36993(27) 0.63412(25) 0.0234 Uiso
N6_9 N 0.16759(28) 0.29806(22) 0.56494(25) 0.0234 Uiso
C8_9 C 0.21501(27) 0.33754(33) 0.56802(29) 0.0234 Uiso
N7_9 N 0.03878(21) 0.28256(25) 0.68308(28) 0.0234 Uiso
N8_9 N 0.03751(21) 0.30913(27) 0.70715(23) 0.0234 Uiso
C9_9 C 0.08396(23) 0.31760(29) 0.67460(31) 0.0234 Uiso
C10_9 C 0.11643(20) 0.33837(33) 0.66074(33) 0.0234 Uiso
C11_9 C 0.13412(25) 0.32176(21) 0.63007(27) 0.0234 Uiso
N9_9 N 0.06494(25) 0.33241(28) 0.70194(22) 0.0234 Uiso
C12_9 C 0.06802(29) 0.28499(27) 0.66246(33) 0.0234 Uiso
N11_8 N 0.19087(27) 0.29285(23) 0.46249(21) 0.0234 Uiso
C13_9 C 0.18240(29) 0.32540(31) 0.41604(23) 0.0234 Uiso
C14_9 C 0.16163(33) 0.33926(33) 0.38357(20) 0.0234 Uiso
C15_9 C 0.17824(21) 0.36993(27) 0.36588(25) 0.0234 Uiso
N12_9 N 0.16759(28) 0.29806(22) 0.43506(25) 0.0234 Uiso
C16_9 C 0.21501(27) 0.33754(33) 0.43198(29) 0.0234 Uiso
N13_8 N 0.03878(21) 0.28256(25) 0.31692(28) 0.0234 Uiso
N14_8 N 0.03751(21) 0.30913(27) 0.29285(23) 0.0234 Uiso
C17_9 C 0.08396(23) 0.31760(29) 0.32540(31) 0.0234 Uiso
C18_9 C 0.11643(20) 0.33837(33) 0.33926(33) 0.0234 Uiso
C19_9 C 0.13412(25) 0.32176(21) 0.36993(27) 0.0234 Uiso
N15_9 N 0.06494(25) 0.33241(28) 0.29806(22) 0.0234 Uiso
C20_9 C 0.06802(29) 0.28499(27) 0.33754(33) 0.0234 Uiso
C21_9 C 0.17460(31) 0.41604(23) 0.31760(29) 0.0234 Uiso
C22_9 C 0.16074(33) 0.38357(20) 0.33837(33) 0.0234 Uiso
C23_9 C 0.13007(27) 0.36588(25) 0.32176(21) 0.0234 Uiso
N18_9 N 0.20194(22) 0.43506(25) 0.33241(28) 0.0234 Uiso
C24_9 C 0.16246(33) 0.43198(29) 0.28499(27) 0.0234 Uiso
Cu4_12 Cu 0.000 0.24457(5) 0.31511(4) 0.0064 Uiso
Cu6_11 Cu 0.000 0.24457(5) 0.68489(4) 0.0064 Uiso
Cu7_8 Cu 0.18489(4) 0.25543(5) 0.500 0.0064 Uiso
Cu9_12 Cu 0.000 0.31511(4) 0.25543(5) 0.0064 Uiso
Cu10_11 Cu 0.000 0.31511(4) 0.74457(5) 0.0064 Uiso
N22_10 N 0.19087(27) 0.46249(21) 0.79285(23) 0.0234 Uiso
N23_10 N 0.19087(27) 0.53751(21) 0.79285(23) 0.0234 Uiso
H1_9 H 0.141535 0.422625 0.733404 . .
H2_9 H 0.118965 0.374971 0.703887 . .
H3_9 H 0.0773755 0.266596 0.358465 . .
H4_9 H 0.203887 0.381035 0.374971 . .
H5_9 H 0.118965 0.374971 0.296113 . .
H6_9 H 0.233404 0.358465 0.422625 . .
H7_9 H 0.0773755 0.266596 0.641535 . .
H8_9 H 0.125029 0.296113 0.381035 . .
H9_9 H 0.203887 0.381035 0.625029 . .
H10_9 H 0.233404 0.358465 0.577375 . .
H11_9 H 0.125029 0.296113 0.618965 . .
H12_9 H 0.141535 0.422625 0.266596 . .
Cu4_13 Cu 1.000 0.24457(5) 0.31511(4) 0.0064 Uiso
Cu6_12 Cu 1.000 0.24457(5) 0.68489(4) 0.0064 Uiso
Cu9_13 Cu 1.000 0.31511(4) 0.25543(5) 0.0064 Uiso
Cu10_12 Cu 1.000 0.31511(4) 0.74457(5) 0.0064 Uiso
N1_10 N 0.71744(25) 0.18308(28) 0.46122(21) 0.0234 Uiso
C1_10 C 0.68240(29) 0.17460(31) 0.41604(23) 0.0234 Uiso
C2_10 C 0.66163(33) 0.16074(33) 0.38357(20) 0.0234 Uiso
C3_10 C 0.67824(21) 0.13007(27) 0.36588(25) 0.0234 Uiso
N3_10 N 0.66759(28) 0.20194(22) 0.43506(25) 0.0234 Uiso
C4_10 C 0.71501(27) 0.16246(33) 0.43198(29) 0.0234 Uiso
N5_10 N 0.53751(21) 0.19087(27) 0.29285(23) 0.0234 Uiso
C5_10 C 0.58396(23) 0.18240(29) 0.32540(31) 0.0234 Uiso
C6_10 C 0.61643(20) 0.16163(33) 0.33926(33) 0.0234 Uiso
C7_10 C 0.63412(25) 0.17824(21) 0.36993(27) 0.0234 Uiso
N6_10 N 0.56494(25) 0.16759(28) 0.29806(22) 0.0234 Uiso
C8_10 C 0.56802(29) 0.21501(27) 0.33754(33) 0.0234 Uiso
N7_10 N 0.68308(28) 0.03878(21) 0.28256(25) 0.0234 Uiso
N8_10 N 0.70715(23) 0.03751(21) 0.30913(27) 0.0234 Uiso
C9_10 C 0.67460(31) 0.08396(23) 0.31760(29) 0.0234 Uiso
C10_10 C 0.66074(33) 0.11643(20) 0.33837(33) 0.0234 Uiso
C11_10 C 0.63007(27) 0.13412(25) 0.32176(21) 0.0234 Uiso
N9_10 N 0.70194(22) 0.06494(25) 0.33241(28) 0.0234 Uiso
C12_10 C 0.66246(33) 0.06802(29) 0.28499(27) 0.0234 Uiso
N11_9 N 0.46249(21) 0.19087(27) 0.29285(23) 0.0234 Uiso
C13_10 C 0.41604(23) 0.18240(29) 0.32540(31) 0.0234 Uiso
C14_10 C 0.38357(20) 0.16163(33) 0.33926(33) 0.0234 Uiso
C15_10 C 0.36588(25) 0.17824(21) 0.36993(27) 0.0234 Uiso
N12_10 N 0.43506(25) 0.16759(28) 0.29806(22) 0.0234 Uiso
C16_10 C 0.43198(29) 0.21501(27) 0.33754(33) 0.0234 Uiso
N13_9 N 0.31692(28) 0.03878(21) 0.28256(25) 0.0234 Uiso
N14_9 N 0.29285(23) 0.03751(21) 0.30913(27) 0.0234 Uiso
C17_10 C 0.32540(31) 0.08396(23) 0.31760(29) 0.0234 Uiso
C18_10 C 0.33926(33) 0.11643(20) 0.33837(33) 0.0234 Uiso
C19_10 C 0.36993(27) 0.13412(25) 0.32176(21) 0.0234 Uiso
N15_10 N 0.29806(22) 0.06494(25) 0.33241(28) 0.0234 Uiso
C20_10 C 0.33754(33) 0.06802(29) 0.28499(27) 0.0234 Uiso
C21_10 C 0.31760(29) 0.17460(31) 0.41604(23) 0.0234 Uiso
C22_10 C 0.33837(33) 0.16074(33) 0.38357(20) 0.0234 Uiso
C23_10 C 0.32176(21) 0.13007(27) 0.36588(25) 0.0234 Uiso
N18_10 N 0.33241(28) 0.20194(22) 0.43506(25) 0.0234 Uiso
C24_10 C 0.28499(27) 0.16246(33) 0.43198(29) 0.0234 Uiso
Cu4_14 Cu 0.31511(4) 0.000 0.24457(5) 0.0064 Uiso
Cu6_13 Cu 0.68489(4) 0.000 0.24457(5) 0.0064 Uiso
Cu7_9 Cu 0.500 0.18489(4) 0.25543(5) 0.0064 Uiso
Cu9_14 Cu 0.25543(5) 0.000 0.31511(4) 0.0064 Uiso
Cu10_13 Cu 0.74457(5) 0.000 0.31511(4) 0.0064 Uiso
N22_11 N 0.79285(23) 0.19087(27) 0.46249(21) 0.0234 Uiso
N23_11 N 0.79285(23) 0.19087(27) 0.53751(21) 0.0234 Uiso
H1_10 H 0.733404 0.141535 0.422625 . .
H2_10 H 0.703887 0.118965 0.374971 . .
H3_10 H 0.358465 0.0773755 0.266596 . .
H4_10 H 0.374971 0.203887 0.381035 . .
H5_10 H 0.296113 0.118965 0.374971 . .
H6_10 H 0.422625 0.233404 0.358465 . .
H7_10 H 0.641535 0.0773755 0.266596 . .
H8_10 H 0.381035 0.125029 0.296113 . .
H9_10 H 0.625029 0.203887 0.381035 . .
H10_10 H 0.577375 0.233404 0.358465 . .
H11_10 H 0.618965 0.125029 0.296113 . .
H12_10 H 0.266596 0.141535 0.422625 . .
Cu4_15 Cu 0.31511(4) 1.000 0.24457(5) 0.0064 Uiso
Cu6_14 Cu 0.68489(4) 1.000 0.24457(5) 0.0064 Uiso
Cu9_15 Cu 0.25543(5) 1.000 0.31511(4) 0.0064 Uiso
Cu10_14 Cu 0.74457(5) 1.000 0.31511(4) 0.0064 Uiso
Cu1_7 Cu 0.81511(4) 0.500 0.24457(5) 0.0064 Uiso
N1_11 N 0.81692(28) 0.46122(21) 0.28256(25) 0.0234 Uiso
C1_11 C 0.82540(31) 0.41604(23) 0.31760(29) 0.0234 Uiso
C2_11 C 0.83926(33) 0.38357(20) 0.33837(33) 0.0234 Uiso
C3_11 C 0.86993(27) 0.36588(25) 0.32176(21) 0.0234 Uiso
N3_11 N 0.79806(22) 0.43506(25) 0.33241(28) 0.0234 Uiso
C4_11 C 0.83754(33) 0.43198(29) 0.28499(27) 0.0234 Uiso
N5_11 N 0.80913(27) 0.29285(23) 0.46249(21) 0.0234 Uiso
C5_11 C 0.81760(29) 0.32540(31) 0.41604(23) 0.0234 Uiso
C6_11 C 0.83837(33) 0.33926(33) 0.38357(20) 0.0234 Uiso
C7_11 C 0.82176(21) 0.36993(27) 0.36588(25) 0.0234 Uiso
N6_11 N 0.83241(28) 0.29806(22) 0.43506(25) 0.0234 Uiso
C8_11 C 0.78499(27) 0.33754(33) 0.43198(29) 0.0234 Uiso
N7_11 N 0.96122(21) 0.28256(25) 0.31692(28) 0.0234 Uiso
N8_11 N 0.96249(21) 0.30913(27) 0.29285(23) 0.0234 Uiso
C9_11 C 0.91604(23) 0.31760(29) 0.32540(31) 0.0234 Uiso
C10_11 C 0.88357(20) 0.33837(33) 0.33926(33) 0.0234 Uiso
C11_11 C 0.86588(25) 0.32176(21) 0.36993(27) 0.0234 Uiso
N9_11 N 0.93506(25) 0.33241(28) 0.29806(22) 0.0234 Uiso
C12_11 C 0.93198(29) 0.28499(27) 0.33754(33) 0.0234 Uiso
N11_10 N 0.80913(27) 0.29285(23) 0.53751(21) 0.0234 Uiso
C13_11 C 0.81760(29) 0.32540(31) 0.58396(23) 0.0234 Uiso
C14_11 C 0.83837(33) 0.33926(33) 0.61643(20) 0.0234 Uiso
C15_11 C 0.82176(21) 0.36993(27) 0.63412(25) 0.0234 Uiso
N12_11 N 0.83241(28) 0.29806(22) 0.56494(25) 0.0234 Uiso
C16_11 C 0.78499(27) 0.33754(33) 0.56802(29) 0.0234 Uiso
N13_10 N 0.96122(21) 0.28256(25) 0.68308(28) 0.0234 Uiso
N14_10 N 0.96249(21) 0.30913(27) 0.70715(23) 0.0234 Uiso
C17_11 C 0.91604(23) 0.31760(29) 0.67460(31) 0.0234 Uiso
C18_11 C 0.88357(20) 0.33837(33) 0.66074(33) 0.0234 Uiso
C19_11 C 0.86588(25) 0.32176(21) 0.63007(27) 0.0234 Uiso
N15_11 N 0.93506(25) 0.33241(28) 0.70194(22) 0.0234 Uiso
C20_11 C 0.93198(29) 0.28499(27) 0.66246(33) 0.0234 Uiso
N16_7 N 0.81692(28) 0.46122(21) 0.71744(25) 0.0234 Uiso
C21_11 C 0.82540(31) 0.41604(23) 0.68240(29) 0.0234 Uiso
C22_11 C 0.83926(33) 0.38357(20) 0.66163(33) 0.0234 Uiso
C23_11 C 0.86993(27) 0.36588(25) 0.67824(21) 0.0234 Uiso
N18_11 N 0.79806(22) 0.43506(25) 0.66759(28) 0.0234 Uiso
C24_11 C 0.83754(33) 0.43198(29) 0.71501(27) 0.0234 Uiso
Cu5_5 Cu 0.81511(4) 0.500 0.75543(5) 0.0064 Uiso
Cu7_10 Cu 0.81511(4) 0.25543(5) 0.500 0.0064 Uiso
N19_7 N 0.81692(28) 0.53878(21) 0.28256(25) 0.0234 Uiso
N22_12 N 0.80913(27) 0.46249(21) 0.20715(23) 0.0234 Uiso
N23_12 N 0.80913(27) 0.53751(21) 0.20715(23) 0.0234 Uiso
H1_11 H 0.858465 0.422625 0.266596 . .
H2_11 H 0.881035 0.374971 0.296113 . .
H3_11 H 0.922625 0.266596 0.641535 . .
H4_11 H 0.796113 0.381035 0.625029 . .
H5_11 H 0.881035 0.374971 0.703887 . .
H6_11 H 0.766596 0.358465 0.577375 . .
H7_11 H 0.922625 0.266596 0.358465 . .
H8_11 H 0.874971 0.296113 0.618965 . .
H9_11 H 0.796113 0.381035 0.374971 . .
H10_11 H 0.766596 0.358465 0.422625 . .
H11_11 H 0.874971 0.296113 0.381035 . .
H12_11 H 0.858465 0.422625 0.733404 . .
Cu1_8 Cu 0.24457(5) 0.81511(4) 0.500 0.0064 Uiso
N1_12 N 0.28256(25) 0.81692(28) 0.46122(21) 0.0234 Uiso
C1_12 C 0.31760(29) 0.82540(31) 0.41604(23) 0.0234 Uiso
C2_12 C 0.33837(33) 0.83926(33) 0.38357(20) 0.0234 Uiso
C3_12 C 0.32176(21) 0.86993(27) 0.36588(25) 0.0234 Uiso
N3_12 N 0.33241(28) 0.79806(22) 0.43506(25) 0.0234 Uiso
C4_12 C 0.28499(27) 0.83754(33) 0.43198(29) 0.0234 Uiso
N5_12 N 0.46249(21) 0.80913(27) 0.29285(23) 0.0234 Uiso
C5_12 C 0.41604(23) 0.81760(29) 0.32540(31) 0.0234 Uiso
C6_12 C 0.38357(20) 0.83837(33) 0.33926(33) 0.0234 Uiso
C7_12 C 0.36588(25) 0.82176(21) 0.36993(27) 0.0234 Uiso
N6_12 N 0.43506(25) 0.83241(28) 0.29806(22) 0.0234 Uiso
C8_12 C 0.43198(29) 0.78499(27) 0.33754(33) 0.0234 Uiso
N7_12 N 0.31692(28) 0.96122(21) 0.28256(25) 0.0234 Uiso
N8_12 N 0.29285(23) 0.96249(21) 0.30913(27) 0.0234 Uiso
C9_12 C 0.32540(31) 0.91604(23) 0.31760(29) 0.0234 Uiso
C10_12 C 0.33926(33) 0.88357(20) 0.33837(33) 0.0234 Uiso
C11_12 C 0.36993(27) 0.86588(25) 0.32176(21) 0.0234 Uiso
N9_12 N 0.29806(22) 0.93506(25) 0.33241(28) 0.0234 Uiso
C12_12 C 0.33754(33) 0.93198(29) 0.28499(27) 0.0234 Uiso
N11_11 N 0.53751(21) 0.80913(27) 0.29285(23) 0.0234 Uiso
