
###############################################################################
#
# This file contains modified crystal structure data generated from the
# MOF subset of the Cambridge Structural Database (CSD) v543 
# hosted by the Cambridge Crystallographic Data Centre (CCDC).
#
# This work is licensed under the Creative Commons
# Attribution-NonCommercial-ShareAlike 4.0 International License.
# To view a copy of this license, visit
# http://creativecommons.org/licenses/by-nc-sa/4.0/
# or send a letter to
# Creative Commons, PO Box 1866, Mountain View, CA 94042, USA.
#
# CIF created using the CSD Python API on 29 September 2022
# The structure has been converted into the P1 space group
# The structure has a 3D framework
# The original CSD entry CEFNOT is in the cubic crystal system
# The framework has been calculated to contain at least 10.0% void space
# The void calculation uses a probe of radius 1.32A, grid spacing 0.4
# H atom positions have been added when not included in the experimental data
# Generated hydrogen atom positions removed from atoms on special positions
#
###############################################################################

data_CEFNOT
_chemical_formula_moiety         '(C768 H672 Cu48 O144)n'
_symmetry_cell_setting           triclinic
_symmetry_space_group_name_H-M   'P 1'
_symmetry_Int_Tables_number      1
_space_group_name_Hall           'P 1'
loop_
_symmetry_equiv_pos_site_id
_symmetry_equiv_pos_as_xyz
1 x,y,z
_cell_length_a                   46.744(3)
_cell_length_b                   46.744(3)
_cell_length_c                   46.744(3)
_cell_angle_alpha                90
_cell_angle_beta                 90
_cell_angle_gamma                90
_cell_volume                     102136
loop_
_atom_site_label
_atom_site_type_symbol
_atom_site_fract_x
_atom_site_fract_y
_atom_site_fract_z
Cu1 Cu 0.5000 -0.0000 0.22173(2)
O1 O 0.47056(4) 0.02941(4) 0.22568(7)
O2 O 0.5000 0.0000 0.17459(15)
C1 C 0.46205(7) 0.03795(7) 0.2500
C2 C 0.43948(6) 0.06052(6) 0.2500
C3 C 0.42768(10) 0.06995(10) 0.22476(13)
H1 H 0.4342 0.0624 0.2076
C4 C 0.40633(11) 0.09031(12) 0.22433(15)
H2 H 0.3979 0.0959 0.2072
C5 C 0.39778(8) 0.10222(8) 0.2500
C6 C 0.37563(7) 0.12437(7) 0.2500
C7 C 0.35752(7) 0.14248(7) 0.2500
C8 C 0.33606(7) 0.16394(7) 0.2500
C9 C 0.31172(14) 0.15987(13) 0.23580(18)
H3 H 0.3084 0.1431 0.2256
C10 C 0.29029(13) 0.18271(13) 0.23674(17)
H4 H 0.2732 0.1798 0.2270
C11 C 0.29353(5) 0.20647(5) 0.2500
C12 C 0.27114(4) 0.22886(4) 0.2500
O3 O 0.47059(4) 0.02944(4) 0.27432(7)
C13 C 0.43005(10) 0.07232(10) 0.27524(13)
H5 H 0.4376 0.0658 0.2924
C14 C 0.40969(12) 0.09367(11) 0.27567(15)
H6 H 0.4041 0.1021 0.2928
C15 C 0.34013(13) 0.18828(14) 0.26420(18)
H7 H 0.3569 0.1916 0.2744
C16 C 0.31729(13) 0.20971(13) 0.26326(17)
H8 H 0.3202 0.2268 0.2730
O4 O 0.47056(4) 0.22568(7) 0.02941(4)
C17 C 0.46205(7) 0.2500 0.03795(7)
C18 C 0.43948(6) 0.2500 0.06052(6)
C19 C 0.42768(10) 0.22476(13) 0.06995(10)
H9 H 0.4342 0.2076 0.0624
C20 C 0.40633(11) 0.22433(15) 0.09031(12)
H10 H 0.3979 0.2072 0.0959
C21 C 0.39778(8) 0.2500 0.10222(8)
C22 C 0.37563(7) 0.2500 0.12437(7)
C23 C 0.35752(7) 0.2500 0.14248(7)
C24 C 0.33606(7) 0.2500 0.16394(7)
C25 C 0.31172(14) 0.23580(18) 0.15987(13)
H11 H 0.3084 0.2256 0.1431
C26 C 0.29029(13) 0.23674(17) 0.18271(13)
H12 H 0.2732 0.2270 0.1798
C27 C 0.29353(5) 0.2500 0.20647(5)
C28 C 0.27114(4) 0.2500 0.22886(4)
O5 O 0.22568(7) 0.02941(4) 0.47056(4)
C29 C 0.2500 0.03795(7) 0.46205(7)
C30 C 0.2500 0.06052(6) 0.43948(6)
C31 C 0.22476(13) 0.06995(10) 0.42768(10)
H13 H 0.2076 0.0624 0.4342
C32 C 0.22433(15) 0.09031(12) 0.40633(11)
H14 H 0.2072 0.0959 0.3979
C33 C 0.2500 0.10222(8) 0.39778(8)
C34 C 0.2500 0.12437(7) 0.37563(7)
C35 C 0.2500 0.14248(7) 0.35752(7)
C36 C 0.2500 0.16394(7) 0.33606(7)
C37 C 0.23580(18) 0.15987(13) 0.31172(14)
H15 H 0.2256 0.1431 0.3084
C38 C 0.23674(17) 0.18271(13) 0.29029(13)
H16 H 0.2270 0.1798 0.2732
C39 C 0.2500 0.20647(5) 0.29353(5)
C40 C 0.2500 0.22886(4) 0.27114(4)
O6 O 0.27432(7) 0.02944(4) 0.47059(4)
C41 C 0.27524(13) 0.07232(10) 0.43005(10)
H17 H 0.2924 0.0658 0.4376
C42 C 0.27567(15) 0.09367(11) 0.40969(12)
H18 H 0.2928 0.1021 0.4041
C43 C 0.26420(18) 0.18828(14) 0.34013(13)
H19 H 0.2744 0.1916 0.3569
C44 C 0.26326(17) 0.20971(13) 0.31729(13)
H20 H 0.2730 0.2268 0.3202
O7 O 0.47059(4) 0.27432(7) 0.02944(4)
C45 C 0.43005(10) 0.27524(13) 0.07232(10)
H21 H 0.4376 0.2924 0.0658
C46 C 0.40969(12) 0.27567(15) 0.09367(11)
H22 H 0.4041 0.2928 0.1021
C47 C 0.34013(13) 0.26420(18) 0.18828(14)
H23 H 0.3569 0.2744 0.1916
C48 C 0.31729(13) 0.26326(17) 0.20971(13)
H24 H 0.3202 0.2730 0.2268
O8 O 0.22568(7) 0.47056(4) 0.02941(4)
C49 C 0.2500 0.46205(7) 0.03795(7)
C50 C 0.2500 0.43948(6) 0.06052(6)
C51 C 0.22476(13) 0.42768(10) 0.06995(10)
H25 H 0.2076 0.4342 0.0624
C52 C 0.22433(15) 0.40633(11) 0.09031(12)
H26 H 0.2072 0.3979 0.0959
C53 C 0.2500 0.39778(8) 0.10222(8)
C54 C 0.2500 0.37563(7) 0.12437(7)
C55 C 0.2500 0.35752(7) 0.14248(7)
C56 C 0.2500 0.33606(7) 0.16394(7)
C57 C 0.23580(18) 0.31172(14) 0.15987(13)
H27 H 0.2256 0.3084 0.1431
C58 C 0.23674(17) 0.29029(13) 0.18271(13)
H28 H 0.2270 0.2732 0.1798
C59 C 0.2500 0.29353(5) 0.20647(5)
C60 C 0.2500 0.27114(4) 0.22886(4)
O9 O 0.02941(4) 0.22568(7) 0.47056(4)
C61 C 0.03795(7) 0.2500 0.46205(7)
C62 C 0.06052(6) 0.2500 0.43948(6)
C63 C 0.06995(10) 0.22476(13) 0.42768(10)
H29 H 0.0624 0.2076 0.4342
C64 C 0.09031(12) 0.22433(15) 0.40633(11)
H30 H 0.0959 0.2072 0.3979
C65 C 0.10222(8) 0.2500 0.39778(8)
C66 C 0.12437(7) 0.2500 0.37563(7)
C67 C 0.14248(7) 0.2500 0.35752(7)
C68 C 0.16394(7) 0.2500 0.33606(7)
C69 C 0.15987(13) 0.23580(18) 0.31172(14)
H31 H 0.1431 0.2256 0.3084
C70 C 0.18271(13) 0.23674(17) 0.29029(13)
H32 H 0.1798 0.2270 0.2732
C71 C 0.20647(5) 0.2500 0.29353(5)
C72 C 0.22886(4) 0.2500 0.27114(4)
O10 O 0.02944(4) 0.27432(7) 0.47059(4)
C73 C 0.07232(10) 0.27524(13) 0.43005(10)
H33 H 0.0658 0.2924 0.4376
C74 C 0.09367(11) 0.27567(15) 0.40969(12)
H34 H 0.1021 0.2928 0.4041
C75 C 0.18828(14) 0.26420(18) 0.34013(13)
H35 H 0.1916 0.2744 0.3569
C76 C 0.20971(13) 0.26326(17) 0.31729(13)
H36 H 0.2268 0.2730 0.3202
O11 O 0.27432(7) 0.47059(4) 0.02944(4)
C77 C 0.27524(13) 0.43005(10) 0.07232(10)
H37 H 0.2924 0.4376 0.0658
C78 C 0.27567(15) 0.40969(12) 0.09367(11)
H38 H 0.2928 0.4041 0.1021
C79 C 0.26420(18) 0.34013(13) 0.18828(14)
H39 H 0.2744 0.3569 0.1916
C80 C 0.26326(17) 0.31729(13) 0.20971(13)
H40 H 0.2730 0.3202 0.2268
O12 O 0.02941(4) 0.47056(4) 0.22568(7)
C81 C 0.03795(7) 0.46205(7) 0.2500
C82 C 0.06052(6) 0.43948(6) 0.2500
C83 C 0.06995(10) 0.42768(10) 0.22476(13)
H41 H 0.0624 0.4342 0.2076
C84 C 0.09031(12) 0.40633(11) 0.22433(15)
H42 H 0.0959 0.3979 0.2072
C85 C 0.10222(8) 0.39778(8) 0.2500
C86 C 0.12437(7) 0.37563(7) 0.2500
C87 C 0.14248(7) 0.35752(7) 0.2500
C88 C 0.16394(7) 0.33606(7) 0.2500
C89 C 0.15987(13) 0.31172(14) 0.23580(18)
H43 H 0.1431 0.3084 0.2256
C90 C 0.18271(13) 0.29029(13) 0.23674(17)
H44 H 0.1798 0.2732 0.2270
C91 C 0.20647(5) 0.29353(5) 0.2500
C92 C 0.22886(4) 0.27114(4) 0.2500
O13 O 0.02944(4) 0.47059(4) 0.27432(7)
C93 C 0.07232(10) 0.43005(10) 0.27524(13)
H45 H 0.0658 0.4376 0.2924
C94 C 0.09367(11) 0.40969(12) 0.27567(15)
H46 H 0.1021 0.4041 0.2928
C95 C 0.18828(14) 0.34013(13) 0.26420(18)
H47 H 0.1916 0.3569 0.2744
C96 C 0.20971(13) 0.31729(13) 0.26326(17)
H48 H 0.2268 0.3202 0.2730
Cu2 Cu 0.5000 0.22173(2) 0.0000
O14 O 0.5000 0.17459(15) 0.0000
Cu3 Cu 0.5000 0.0000 0.27827(2)
O15 O 0.5000 -0.0000 0.32541(15)
Cu4 Cu 0.22173(2) 0.5000 0.0000
Cu5 Cu -0.0000 0.22173(2) 0.5000
Cu6 Cu -0.0000 0.5000 0.22173(2)
Cu7 Cu 0.22173(2) 0.0000 0.5000
Cu8 Cu -0.0000 0.5000 0.27827(2)
Cu9 Cu 0.27827(2) 0.0000 0.5000
Cu10 Cu 0.5000 0.27827(2) 0.0000
Cu11 Cu -0.0000 0.27827(2) 0.5000
Cu12 Cu 0.27827(2) 0.5000 0.0000
O18 O 0.52944(4) 0.22568(7) 0.02941(4)
O21 O 0.52944(4) 0.02941(4) 0.22568(7)
O24 O 0.52941(4) 0.02944(4) 0.27432(7)
Cu2_2 Cu 0.5000 0.22173(2) 1.0000
O14_2 O 0.5000 0.17459(15) 1.0000
Cu4_2 Cu 0.22173(2) 0.5000 1.0000
Cu10_2 Cu 0.5000 0.27827(2) 1.0000
Cu12_2 Cu 0.27827(2) 0.5000 1.0000
O17 O 0.47056(4) 0.22568(7) 0.97059(4)
O22 O 0.52944(4) 0.22568(7) 0.97059(4)
Cu1_2 Cu 0.5000 1.0000 0.22173(2)
O2_2 O 0.5000 1.0000 0.17459(15)
Cu3_2 Cu 0.5000 1.0000 0.27827(2)
O15_2 O 0.5000 1.0000 0.32541(15)
Cu7_2 Cu 0.22173(2) 1.0000 0.5000
Cu9_2 Cu 0.27827(2) 1.0000 0.5000
O16 O 0.52944(4) 0.97059(4) 0.22568(7)
O19 O 0.52941(4) 0.97056(4) 0.27432(7)
O20 O 0.47056(4) 0.97059(4) 0.22568(7)
O23 O 0.47059(4) 0.97056(4) 0.27432(7)
Cu5_2 Cu 1.0000 0.22173(2) 0.5000
Cu6_2 Cu 1.0000 0.5000 0.22173(2)
Cu8_2 Cu 1.0000 0.5000 0.27827(2)
Cu11_2 Cu 1.0000 0.27827(2) 0.5000
Cu5_3 Cu -0.0000 0.77827(2) 0.5000
Cu11_3 Cu 0.0000 0.72173(2) 0.5000
Cu7_3 Cu 0.77827(2) 0.0000 0.5000
Cu9_3 Cu 0.72173(2) 0.0000 0.5000
C1_2 C 0.53795(7) 0.96205(7) 0.2500
C2_2 C 0.56052(6) 0.93948(6) 0.2500
C3_2 C 0.57232(10) 0.93005(10) 0.22476(13)
H1_2 H 0.5658 0.9376 0.2076
C4_2 C 0.59367(11) 0.90969(12) 0.22433(15)
H2_2 H 0.6021 0.9041 0.2072
C5_2 C 0.60222(8) 0.89778(8) 0.2500
C6_2 C 0.62437(7) 0.87563(7) 0.2500
C7_2 C 0.64248(7) 0.85752(7) 0.2500
C8_2 C 0.66394(7) 0.83606(7) 0.2500
C9_2 C 0.68828(14) 0.84013(13) 0.23580(18)
H3_2 H 0.6916 0.8569 0.2256
C10_2 C 0.70971(13) 0.81729(13) 0.23674(17)
H4_2 H 0.7268 0.8202 0.2270
C11_2 C 0.70647(5) 0.79353(5) 0.2500
C12_2 C 0.72886(4) 0.77114(4) 0.2500
C13_2 C 0.56995(10) 0.92768(10) 0.27524(13)
H5_2 H 0.5624 0.9342 0.2924
C14_2 C 0.59031(12) 0.90633(11) 0.27567(15)
H6_2 H 0.5959 0.8979 0.2928
C15_2 C 0.65987(13) 0.81172(14) 0.26420(18)
H7_2 H 0.6431 0.8084 0.2744
C16_2 C 0.68271(13) 0.79029(13) 0.26326(17)
H8_2 H 0.6798 0.7732 0.2730
O4_2 O 0.52944(4) 0.77432(7) 0.02941(4)
C17_2 C 0.53795(7) 0.7500 0.03795(7)
C18_2 C 0.56052(6) 0.7500 0.06052(6)
C19_2 C 0.57232(10) 0.77524(13) 0.06995(10)
H9_2 H 0.5658 0.7924 0.0624
C20_2 C 0.59367(11) 0.77567(15) 0.09031(12)
H10_2 H 0.6021 0.7928 0.0959
C21_2 C 0.60222(8) 0.7500 0.10222(8)
C22_2 C 0.62437(7) 0.7500 0.12437(7)
C23_2 C 0.64248(7) 0.7500 0.14248(7)
C24_2 C 0.66394(7) 0.7500 0.16394(7)
C25_2 C 0.68828(14) 0.76420(18) 0.15987(13)
H11_2 H 0.6916 0.7744 0.1431
C26_2 C 0.70971(13) 0.76326(17) 0.18271(13)
H12_2 H 0.7268 0.7730 0.1798
C27_2 C 0.70647(5) 0.7500 0.20647(5)
C28_2 C 0.72886(4) 0.7500 0.22886(4)
O5_2 O 0.77432(7) 0.97059(4) 0.47056(4)
C29_2 C 0.7500 0.96205(7) 0.46205(7)
C30_2 C 0.7500 0.93948(6) 0.43948(6)
C31_2 C 0.77524(13) 0.93005(10) 0.42768(10)
H13_2 H 0.7924 0.9376 0.4342
C32_2 C 0.77567(15) 0.90969(12) 0.40633(11)
H14_2 H 0.7928 0.9041 0.3979
C33_2 C 0.7500 0.89778(8) 0.39778(8)
C34_2 C 0.7500 0.87563(7) 0.37563(7)
C35_2 C 0.7500 0.85752(7) 0.35752(7)
C36_2 C 0.7500 0.83606(7) 0.33606(7)
C37_2 C 0.76420(18) 0.84013(13) 0.31172(14)
H15_2 H 0.7744 0.8569 0.3084
C38_2 C 0.76326(17) 0.81729(13) 0.29029(13)
H16_2 H 0.7730 0.8202 0.2732
C39_2 C 0.7500 0.79353(5) 0.29353(5)
C40_2 C 0.7500 0.77114(4) 0.27114(4)
O6_2 O 0.72568(7) 0.97056(4) 0.47059(4)
C41_2 C 0.72476(13) 0.92768(10) 0.43005(10)
H17_2 H 0.7076 0.9342 0.4376
C42_2 C 0.72433(15) 0.90633(11) 0.40969(12)
H18_2 H 0.7072 0.8979 0.4041
C43_2 C 0.73580(18) 0.81172(14) 0.34013(13)
H19_2 H 0.7256 0.8084 0.3569
C44_2 C 0.73674(17) 0.79029(13) 0.31729(13)
H20_2 H 0.7270 0.7732 0.3202
O7_2 O 0.52941(4) 0.72568(7) 0.02944(4)
C45_2 C 0.56995(10) 0.72476(13) 0.07232(10)
H21_2 H 0.5624 0.7076 0.0658
C46_2 C 0.59031(12) 0.72433(15) 0.09367(11)
H22_2 H 0.5959 0.7072 0.1021
C47_2 C 0.65987(13) 0.73580(18) 0.18828(14)
H23_2 H 0.6431 0.7256 0.1916
C48_2 C 0.68271(13) 0.73674(17) 0.20971(13)
H24_2 H 0.6798 0.7270 0.2268
O8_2 O 0.77432(7) 0.52944(4) 0.02941(4)
C49_2 C 0.7500 0.53795(7) 0.03795(7)
C50_2 C 0.7500 0.56052(6) 0.06052(6)
C51_2 C 0.77524(13) 0.57232(10) 0.06995(10)
H25_2 H 0.7924 0.5658 0.0624
C52_2 C 0.77567(15) 0.59367(11) 0.09031(12)
H26_2 H 0.7928 0.6021 0.0959
C53_2 C 0.7500 0.60222(8) 0.10222(8)
C54_2 C 0.7500 0.62437(7) 0.12437(7)
C55_2 C 0.7500 0.64248(7) 0.14248(7)
C56_2 C 0.7500 0.66394(7) 0.16394(7)
C57_2 C 0.76420(18) 0.68828(14) 0.15987(13)
H27_2 H 0.7744 0.6916 0.1431
C58_2 C 0.76326(17) 0.70971(13) 0.18271(13)
H28_2 H 0.7730 0.7268 0.1798
C59_2 C 0.7500 0.70647(5) 0.20647(5)
C60_2 C 0.7500 0.72886(4) 0.22886(4)
O9_2 O 0.97059(4) 0.77432(7) 0.47056(4)
C61_2 C 0.96205(7) 0.7500 0.46205(7)
C62_2 C 0.93948(6) 0.7500 0.43948(6)
C63_2 C 0.93005(10) 0.77524(13) 0.42768(10)
H29_2 H 0.9376 0.7924 0.4342
C64_2 C 0.90969(12) 0.77567(15) 0.40633(11)
H30_2 H 0.9041 0.7928 0.3979
C65_2 C 0.89778(8) 0.7500 0.39778(8)
C66_2 C 0.87563(7) 0.7500 0.37563(7)
C67_2 C 0.85752(7) 0.7500 0.35752(7)
C68_2 C 0.83606(7) 0.7500 0.33606(7)
C69_2 C 0.84013(13) 0.76420(18) 0.31172(14)
H31_2 H 0.8569 0.7744 0.3084
C70_2 C 0.81729(13) 0.76326(17) 0.29029(13)
H32_2 H 0.8202 0.7730 0.2732
C71_2 C 0.79353(5) 0.7500 0.29353(5)
C72_2 C 0.77114(4) 0.7500 0.27114(4)
O10_2 O 0.97056(4) 0.72568(7) 0.47059(4)
C73_2 C 0.92768(10) 0.72476(13) 0.43005(10)
H33_2 H 0.9342 0.7076 0.4376
C74_2 C 0.90633(11) 0.72433(15) 0.40969(12)
H34_2 H 0.8979 0.7072 0.4041
C75_2 C 0.81172(14) 0.73580(18) 0.34013(13)
H35_2 H 0.8084 0.7256 0.3569
C76_2 C 0.79029(13) 0.73674(17) 0.31729(13)
H36_2 H 0.7732 0.7270 0.3202
O11_2 O 0.72568(7) 0.52941(4) 0.02944(4)
C77_2 C 0.72476(13) 0.56995(10) 0.07232(10)
H37_2 H 0.7076 0.5624 0.0658
C78_2 C 0.72433(15) 0.59031(12) 0.09367(11)
H38_2 H 0.7072 0.5959 0.1021
C79_2 C 0.73580(18) 0.65987(13) 0.18828(14)
H39_2 H 0.7256 0.6431 0.1916
C80_2 C 0.73674(17) 0.68271(13) 0.20971(13)
H40_2 H 0.7270 0.6798 0.2268
O12_2 O 0.97059(4) 0.52944(4) 0.22568(7)
C81_2 C 0.96205(7) 0.53795(7) 0.2500
C82_2 C 0.93948(6) 0.56052(6) 0.2500
C83_2 C 0.93005(10) 0.57232(10) 0.22476(13)
H41_2 H 0.9376 0.5658 0.2076
C84_2 C 0.90969(12) 0.59367(11) 0.22433(15)
H42_2 H 0.9041 0.6021 0.2072
C85_2 C 0.89778(8) 0.60222(8) 0.2500
C86_2 C 0.87563(7) 0.62437(7) 0.2500
C87_2 C 0.85752(7) 0.64248(7) 0.2500
C88_2 C 0.83606(7) 0.66394(7) 0.2500
C89_2 C 0.84013(13) 0.68828(14) 0.23580(18)
H43_2 H 0.8569 0.6916 0.2256
C90_2 C 0.81729(13) 0.70971(13) 0.23674(17)
H44_2 H 0.8202 0.7268 0.2270
C91_2 C 0.79353(5) 0.70647(5) 0.2500
C92_2 C 0.77114(4) 0.72886(4) 0.2500
O13_2 O 0.97056(4) 0.52941(4) 0.27432(7)
C93_2 C 0.92768(10) 0.56995(10) 0.27524(13)
H45_2 H 0.9342 0.5624 0.2924
C94_2 C 0.90633(11) 0.59031(12) 0.27567(15)
H46_2 H 0.8979 0.5959 0.2928
C95_2 C 0.81172(14) 0.65987(13) 0.26420(18)
H47_2 H 0.8084 0.6431 0.2744
C96_2 C 0.79029(13) 0.68271(13) 0.26326(17)
H48_2 H 0.7732 0.6798 0.2730
Cu2_3 Cu 0.5000 0.77827(2) 0.0000
O14_3 O 0.5000 0.82541(15) 0.0000
Cu4_3 Cu 0.77827(2) 0.5000 0.0000
Cu5_4 Cu 1.0000 0.77827(2) 0.5000
Cu7_4 Cu 0.77827(2) 1.0000 0.5000
Cu9_4 Cu 0.72173(2) 1.0000 0.5000
Cu10_3 Cu 0.5000 0.72173(2) 0.0000
Cu11_4 Cu 1.0000 0.72173(2) 0.5000
Cu12_3 Cu 0.72173(2) 0.5000 0.0000
O18_2 O 0.47056(4) 0.77432(7) 0.02941(4)
Cu2_4 Cu 0.5000 0.77827(2) 1.0000
O14_4 O 0.5000 0.82541(15) 1.0000
Cu4_4 Cu 0.77827(2) 0.5000 1.0000
Cu10_4 Cu 0.5000 0.72173(2) 1.0000
Cu12_4 Cu 0.72173(2) 0.5000 1.0000
O17_2 O 0.52944(4) 0.77432(7) 0.97059(4)
O22_2 O 0.47056(4) 0.77432(7) 0.97059(4)
Cu6_3 Cu -0.0000 0.5000 0.77827(2)
Cu8_3 Cu -0.0000 0.5000 0.72173(2)
Cu1_3 Cu 0.5000 -0.0000 0.77827(2)
O1_2 O 0.52944(4) 0.02941(4) 0.77432(7)
O2_3 O 0.5000 -0.0000 0.82541(15)
C1_3 C 0.53795(7) 0.03795(7) 0.7500
C2_3 C 0.56052(6) 0.06052(6) 0.7500
C3_3 C 0.57232(10) 0.06995(10) 0.77524(13)
H1_3 H 0.5658 0.0624 0.7924
C4_3 C 0.59367(11) 0.09031(12) 0.77567(15)
H2_3 H 0.6021 0.0959 0.7928
C5_3 C 0.60222(8) 0.10222(8) 0.7500
C6_3 C 0.62437(7) 0.12437(7) 0.7500
C7_3 C 0.64248(7) 0.14248(7) 0.7500
C8_3 C 0.66394(7) 0.16394(7) 0.7500
C9_3 C 0.68828(14) 0.15987(13) 0.76420(18)
H3_3 H 0.6916 0.1431 0.7744
C10_3 C 0.70971(13) 0.18271(13) 0.76326(17)
H4_3 H 0.7268 0.1798 0.7730
C11_3 C 0.70647(5) 0.20647(5) 0.7500
C12_3 C 0.72886(4) 0.22886(4) 0.7500
O3_2 O 0.52941(4) 0.02944(4) 0.72568(7)
C13_3 C 0.56995(10) 0.07232(10) 0.72476(13)
H5_3 H 0.5624 0.0658 0.7076
C14_3 C 0.59031(12) 0.09367(11) 0.72433(15)
H6_3 H 0.5959 0.1021 0.7072
C15_3 C 0.65987(13) 0.18828(14) 0.73580(18)
H7_3 H 0.6431 0.1916 0.7256
C16_3 C 0.68271(13) 0.20971(13) 0.73674(17)
H8_3 H 0.6798 0.2268 0.7270
C17_3 C 0.53795(7) 0.2500 0.96205(7)
C18_3 C 0.56052(6) 0.2500 0.93948(6)
C19_3 C 0.57232(10) 0.22476(13) 0.93005(10)
H9_3 H 0.5658 0.2076 0.9376
C20_3 C 0.59367(11) 0.22433(15) 0.90969(12)
H10_3 H 0.6021 0.2072 0.9041
C21_3 C 0.60222(8) 0.2500 0.89778(8)
C22_3 C 0.62437(7) 0.2500 0.87563(7)
C23_3 C 0.64248(7) 0.2500 0.85752(7)
C24_3 C 0.66394(7) 0.2500 0.83606(7)
C25_3 C 0.68828(14) 0.23580(18) 0.84013(13)
H11_3 H 0.6916 0.2256 0.8569
C26_3 C 0.70971(13) 0.23674(17) 0.81729(13)
H12_3 H 0.7268 0.2270 0.8202
C27_3 C 0.70647(5) 0.2500 0.79353(5)
C28_3 C 0.72886(4) 0.2500 0.77114(4)
O5_3 O 0.77432(7) 0.02941(4) 0.52944(4)
C29_3 C 0.7500 0.03795(7) 0.53795(7)
C30_3 C 0.7500 0.06052(6) 0.56052(6)
C31_3 C 0.77524(13) 0.06995(10) 0.57232(10)
H13_3 H 0.7924 0.0624 0.5658
C32_3 C 0.77567(15) 0.09031(12) 0.59367(11)
H14_3 H 0.7928 0.0959 0.6021
C33_3 C 0.7500 0.10222(8) 0.60222(8)
C34_3 C 0.7500 0.12437(7) 0.62437(7)
C35_3 C 0.7500 0.14248(7) 0.64248(7)
C36_3 C 0.7500 0.16394(7) 0.66394(7)
C37_3 C 0.76420(18) 0.15987(13) 0.68828(14)
H15_3 H 0.7744 0.1431 0.6916
C38_3 C 0.76326(17) 0.18271(13) 0.70971(13)
H16_3 H 0.7730 0.1798 0.7268
C39_3 C 0.7500 0.20647(5) 0.70647(5)
C40_3 C 0.7500 0.22886(4) 0.72886(4)
O6_3 O 0.72568(7) 0.02944(4) 0.52941(4)
C41_3 C 0.72476(13) 0.07232(10) 0.56995(10)
H17_3 H 0.7076 0.0658 0.5624
C42_3 C 0.72433(15) 0.09367(11) 0.59031(12)
H18_3 H 0.7072 0.1021 0.5959
C43_3 C 0.73580(18) 0.18828(14) 0.65987(13)
H19_3 H 0.7256 0.1916 0.6431
C44_3 C 0.73674(17) 0.20971(13) 0.68271(13)
H20_3 H 0.7270 0.2268 0.6798
O7_3 O 0.52941(4) 0.27432(7) 0.97056(4)
C45_3 C 0.56995(10) 0.27524(13) 0.92768(10)
H21_3 H 0.5624 0.2924 0.9342
C46_3 C 0.59031(12) 0.27567(15) 0.90633(11)
H22_3 H 0.5959 0.2928 0.8979
C47_3 C 0.65987(13) 0.26420(18) 0.81172(14)
H23_3 H 0.6431 0.2744 0.8084
C48_3 C 0.68271(13) 0.26326(17) 0.79029(13)
H24_3 H 0.6798 0.2730 0.7732
O8_3 O 0.77432(7) 0.47056(4) 0.97059(4)
C49_3 C 0.7500 0.46205(7) 0.96205(7)
C50_3 C 0.7500 0.43948(6) 0.93948(6)
C51_3 C 0.77524(13) 0.42768(10) 0.93005(10)
H25_3 H 0.7924 0.4342 0.9376
C52_3 C 0.77567(15) 0.40633(11) 0.90969(12)
H26_3 H 0.7928 0.3979 0.9041
C53_3 C 0.7500 0.39778(8) 0.89778(8)
C54_3 C 0.7500 0.37563(7) 0.87563(7)
C55_3 C 0.7500 0.35752(7) 0.85752(7)
C56_3 C 0.7500 0.33606(7) 0.83606(7)
C57_3 C 0.76420(18) 0.31172(14) 0.84013(13)
H27_3 H 0.7744 0.3084 0.8569
C58_3 C 0.76326(17) 0.29029(13) 0.81729(13)
H28_3 H 0.7730 0.2732 0.8202
C59_3 C 0.7500 0.29353(5) 0.79353(5)
C60_3 C 0.7500 0.27114(4) 0.77114(4)
O9_3 O 0.97059(4) 0.22568(7) 0.52944(4)
C61_3 C 0.96205(7) 0.2500 0.53795(7)
C62_3 C 0.93948(6) 0.2500 0.56052(6)
C63_3 C 0.93005(10) 0.22476(13) 0.57232(10)
H29_3 H 0.9376 0.2076 0.5658
C64_3 C 0.90969(12) 0.22433(15) 0.59367(11)
H30_3 H 0.9041 0.2072 0.6021
C65_3 C 0.89778(8) 0.2500 0.60222(8)
C66_3 C 0.87563(7) 0.2500 0.62437(7)
C67_3 C 0.85752(7) 0.2500 0.64248(7)
C68_3 C 0.83606(7) 0.2500 0.66394(7)
C69_3 C 0.84013(13) 0.23580(18) 0.68828(14)
H31_3 H 0.8569 0.2256 0.6916
C70_3 C 0.81729(13) 0.23674(17) 0.70971(13)
H32_3 H 0.8202 0.2270 0.7268
C71_3 C 0.79353(5) 0.2500 0.70647(5)
C72_3 C 0.77114(4) 0.2500 0.72886(4)
O10_3 O 0.97056(4) 0.27432(7) 0.52941(4)
C73_3 C 0.92768(10) 0.27524(13) 0.56995(10)
H33_3 H 0.9342 0.2924 0.5624
C74_3 C 0.90633(11) 0.27567(15) 0.59031(12)
H34_3 H 0.8979 0.2928 0.5959
C75_3 C 0.81172(14) 0.26420(18) 0.65987(13)
H35_3 H 0.8084 0.2744 0.6431
C76_3 C 0.79029(13) 0.26326(17) 0.68271(13)
H36_3 H 0.7732 0.2730 0.6798
O11_3 O 0.72568(7) 0.47059(4) 0.97056(4)
C77_3 C 0.72476(13) 0.43005(10) 0.92768(10)
H37_3 H 0.7076 0.4376 0.9342
C78_3 C 0.72433(15) 0.40969(12) 0.90633(11)
H38_3 H 0.7072 0.4041 0.8979
C79_3 C 0.73580(18) 0.34013(13) 0.81172(14)
H39_3 H 0.7256 0.3569 0.8084
C80_3 C 0.73674(17) 0.31729(13) 0.79029(13)
H40_3 H 0.7270 0.3202 0.7732
O12_3 O 0.97059(4) 0.47056(4) 0.77432(7)
C81_3 C 0.96205(7) 0.46205(7) 0.7500
C82_3 C 0.93948(6) 0.43948(6) 0.7500
C83_3 C 0.93005(10) 0.42768(10) 0.77524(13)
H41_3 H 0.9376 0.4342 0.7924
C84_3 C 0.90969(12) 0.40633(11) 0.77567(15)
H42_3 H 0.9041 0.3979 0.7928
C85_3 C 0.89778(8) 0.39778(8) 0.7500
C86_3 C 0.87563(7) 0.37563(7) 0.7500
C87_3 C 0.85752(7) 0.35752(7) 0.7500
C88_3 C 0.83606(7) 0.33606(7) 0.7500
C89_3 C 0.84013(13) 0.31172(14) 0.76420(18)
H43_3 H 0.8569 0.3084 0.7744
C90_3 C 0.81729(13) 0.29029(13) 0.76326(17)
H44_3 H 0.8202 0.2732 0.7730
C91_3 C 0.79353(5) 0.29353(5) 0.7500
C92_3 C 0.77114(4) 0.27114(4) 0.7500
O13_3 O 0.97056(4) 0.47059(4) 0.72568(7)
C93_3 C 0.92768(10) 0.43005(10) 0.72476(13)
H45_3 H 0.9342 0.4376 0.7076
C94_3 C 0.90633(11) 0.40969(12) 0.72433(15)
H46_3 H 0.8979 0.4041 0.7072
C95_3 C 0.81172(14) 0.34013(13) 0.73580(18)
H47_3 H 0.8084 0.3569 0.7256
C96_3 C 0.79029(13) 0.31729(13) 0.73674(17)
H48_3 H 0.7732 0.3202 0.7270
Cu3_3 Cu 0.5000 -0.0000 0.72173(2)
O15_3 O 0.5000 -0.0000 0.67459(15)
Cu6_4 Cu 1.0000 0.5000 0.77827(2)
Cu8_4 Cu 1.0000 0.5000 0.72173(2)
O21_2 O 0.47056(4) 0.02941(4) 0.77432(7)
O24_2 O 0.47059(4) 0.02944(4) 0.72568(7)
Cu1_4 Cu 0.5000 1.0000 0.77827(2)
O2_4 O 0.5000 1.0000 0.82541(15)
Cu3_4 Cu 0.5000 1.0000 0.72173(2)
O15_4 O 0.5000 1.0000 0.67459(15)
O16_2 O 0.47056(4) 0.97059(4) 0.77432(7)
O19_2 O 0.47059(4) 0.97056(4) 0.72568(7)
O20_2 O 0.52944(4) 0.97059(4) 0.77432(7)
O23_2 O 0.52941(4) 0.97056(4) 0.72568(7)
C1_4 C 0.46205(7) 0.96205(7) 0.7500
C2_4 C 0.43948(6) 0.93948(6) 0.7500
C3_4 C 0.42768(10) 0.93005(10) 0.77524(13)
H1_4 H 0.4342 0.9376 0.7924
C4_4 C 0.40633(11) 0.90969(12) 0.77567(15)
H2_4 H 0.3979 0.9041 0.7928
C5_4 C 0.39778(8) 0.89778(8) 0.7500
C6_4 C 0.37563(7) 0.87563(7) 0.7500
C7_4 C 0.35752(7) 0.85752(7) 0.7500
C8_4 C 0.33606(7) 0.83606(7) 0.7500
C9_4 C 0.31172(14) 0.84013(13) 0.76420(18)
H3_4 H 0.3084 0.8569 0.7744
C10_4 C 0.29029(13) 0.81729(13) 0.76326(17)
H4_4 H 0.2732 0.8202 0.7730
C11_4 C 0.29353(5) 0.79353(5) 0.7500
C12_4 C 0.27114(4) 0.77114(4) 0.7500
C13_4 C 0.43005(10) 0.92768(10) 0.72476(13)
H5_4 H 0.4376 0.9342 0.7076
C14_4 C 0.40969(12) 0.90633(11) 0.72433(15)
H6_4 H 0.4041 0.8979 0.7072
C15_4 C 0.34013(13) 0.81172(14) 0.73580(18)
H7_4 H 0.3569 0.8084 0.7256
C16_4 C 0.31729(13) 0.79029(13) 0.73674(17)
H8_4 H 0.3202 0.7732 0.7270
C17_4 C 0.46205(7) 0.7500 0.96205(7)
C18_4 C 0.43948(6) 0.7500 0.93948(6)
C19_4 C 0.42768(10) 0.77524(13) 0.93005(10)
H9_4 H 0.4342 0.7924 0.9376
C20_4 C 0.40633(11) 0.77567(15) 0.90969(12)
H10_4 H 0.3979 0.7928 0.9041
C21_4 C 0.39778(8) 0.7500 0.89778(8)
C22_4 C 0.37563(7) 0.7500 0.87563(7)
C23_4 C 0.35752(7) 0.7500 0.85752(7)
C24_4 C 0.33606(7) 0.7500 0.83606(7)
C25_4 C 0.31172(14) 0.76420(18) 0.84013(13)
H11_4 H 0.3084 0.7744 0.8569
C26_4 C 0.29029(13) 0.76326(17) 0.81729(13)
H12_4 H 0.2732 0.7730 0.8202
C27_4 C 0.29353(5) 0.7500 0.79353(5)
C28_4 C 0.27114(4) 0.7500 0.77114(4)
O5_4 O 0.22568(7) 0.97059(4) 0.52944(4)
C29_4 C 0.2500 0.96205(7) 0.53795(7)
C30_4 C 0.2500 0.93948(6) 0.56052(6)
C31_4 C 0.22476(13) 0.93005(10) 0.57232(10)
H13_4 H 0.2076 0.9376 0.5658
C32_4 C 0.22433(15) 0.90969(12) 0.59367(11)
H14_4 H 0.2072 0.9041 0.6021
C33_4 C 0.2500 0.89778(8) 0.60222(8)
C34_4 C 0.2500 0.87563(7) 0.62437(7)
C35_4 C 0.2500 0.85752(7) 0.64248(7)
C36_4 C 0.2500 0.83606(7) 0.66394(7)
C37_4 C 0.23580(18) 0.84013(13) 0.68828(14)
H15_4 H 0.2256 0.8569 0.6916
C38_4 C 0.23674(17) 0.81729(13) 0.70971(13)
H16_4 H 0.2270 0.8202 0.7268
C39_4 C 0.2500 0.79353(5) 0.70647(5)
C40_4 C 0.2500 0.77114(4) 0.72886(4)
O6_4 O 0.27432(7) 0.97056(4) 0.52941(4)
C41_4 C 0.27524(13) 0.92768(10) 0.56995(10)
H17_4 H 0.2924 0.9342 0.5624
C42_4 C 0.27567(15) 0.90633(11) 0.59031(12)
H18_4 H 0.2928 0.8979 0.5959
C43_4 C 0.26420(18) 0.81172(14) 0.65987(13)
H19_4 H 0.2744 0.8084 0.6431
C44_4 C 0.26326(17) 0.79029(13) 0.68271(13)
H20_4 H 0.2730 0.7732 0.6798
O7_4 O 0.47059(4) 0.72568(7) 0.97056(4)
C45_4 C 0.43005(10) 0.72476(13) 0.92768(10)
H21_4 H 0.4376 0.7076 0.9342
C46_4 C 0.40969(12) 0.72433(15) 0.90633(11)
H22_4 H 0.4041 0.7072 0.8979
C47_4 C 0.34013(13) 0.73580(18) 0.81172(14)
H23_4 H 0.3569 0.7256 0.8084
C48_4 C 0.31729(13) 0.73674(17) 0.79029(13)
H24_4 H 0.3202 0.7270 0.7732
O8_4 O 0.22568(7) 0.52944(4) 0.97059(4)
C49_4 C 0.2500 0.53795(7) 0.96205(7)
C50_4 C 0.2500 0.56052(6) 0.93948(6)
C51_4 C 0.22476(13) 0.57232(10) 0.93005(10)
H25_4 H 0.2076 0.5658 0.9376
C52_4 C 0.22433(15) 0.59367(11) 0.90969(12)
H26_4 H 0.2072 0.6021 0.9041
C53_4 C 0.2500 0.60222(8) 0.89778(8)
C54_4 C 0.2500 0.62437(7) 0.87563(7)
C55_4 C 0.2500 0.64248(7) 0.85752(7)
C56_4 C 0.2500 0.66394(7) 0.83606(7)
C57_4 C 0.23580(18) 0.68828(14) 0.84013(13)
H27_4 H 0.2256 0.6916 0.8569
C58_4 C 0.23674(17) 0.70971(13) 0.81729(13)
H28_4 H 0.2270 0.7268 0.8202
C59_4 C 0.2500 0.70647(5) 0.79353(5)
C60_4 C 0.2500 0.72886(4) 0.77114(4)
O9_4 O 0.02941(4) 0.77432(7) 0.52944(4)
C61_4 C 0.03795(7) 0.7500 0.53795(7)
C62_4 C 0.06052(6) 0.7500 0.56052(6)
C63_4 C 0.06995(10) 0.77524(13) 0.57232(10)
H29_4 H 0.0624 0.7924 0.5658
C64_4 C 0.09031(12) 0.77567(15) 0.59367(11)
H30_4 H 0.0959 0.7928 0.6021
C65_4 C 0.10222(8) 0.7500 0.60222(8)
C66_4 C 0.12437(7) 0.7500 0.62437(7)
C67_4 C 0.14248(7) 0.7500 0.64248(7)
C68_4 C 0.16394(7) 0.7500 0.66394(7)
C69_4 C 0.15987(13) 0.76420(18) 0.68828(14)
H31_4 H 0.1431 0.7744 0.6916
C70_4 C 0.18271(13) 0.76326(17) 0.70971(13)
H32_4 H 0.1798 0.7730 0.7268
C71_4 C 0.20647(5) 0.7500 0.70647(5)
C72_4 C 0.22886(4) 0.7500 0.72886(4)
O10_4 O 0.02944(4) 0.72568(7) 0.52941(4)
C73_4 C 0.07232(10) 0.72476(13) 0.56995(10)
H33_4 H 0.0658 0.7076 0.5624
C74_4 C 0.09367(11) 0.72433(15) 0.59031(12)
H34_4 H 0.1021 0.7072 0.5959
C75_4 C 0.18828(14) 0.73580(18) 0.65987(13)
H35_4 H 0.1916 0.7256 0.6431
C76_4 C 0.20971(13) 0.73674(17) 0.68271(13)
H36_4 H 0.2268 0.7270 0.6798
O11_4 O 0.27432(7) 0.52941(4) 0.97056(4)
C77_4 C 0.27524(13) 0.56995(10) 0.92768(10)
H37_4 H 0.2924 0.5624 0.9342
C78_4 C 0.27567(15) 0.59031(12) 0.90633(11)
H38_4 H 0.2928 0.5959 0.8979
C79_4 C 0.26420(18) 0.65987(13) 0.81172(14)
H39_4 H 0.2744 0.6431 0.8084
C80_4 C 0.26326(17) 0.68271(13) 0.79029(13)
H40_4 H 0.2730 0.6798 0.7732
O12_4 O 0.02941(4) 0.52944(4) 0.77432(7)
C81_4 C 0.03795(7) 0.53795(7) 0.7500
C82_4 C 0.06052(6) 0.56052(6) 0.7500
C83_4 C 0.06995(10) 0.57232(10) 0.77524(13)
H41_4 H 0.0624 0.5658 0.7924
C84_4 C 0.09031(12) 0.59367(11) 0.77567(15)
H42_4 H 0.0959 0.6021 0.7928
C85_4 C 0.10222(8) 0.60222(8) 0.7500
C86_4 C 0.12437(7) 0.62437(7) 0.7500
C87_4 C 0.14248(7) 0.64248(7) 0.7500
C88_4 C 0.16394(7) 0.66394(7) 0.7500
C89_4 C 0.15987(13) 0.68828(14) 0.76420(18)
H43_4 H 0.1431 0.6916 0.7744
C90_4 C 0.18271(13) 0.70971(13) 0.76326(17)
H44_4 H 0.1798 0.7268 0.7730
C91_4 C 0.20647(5) 0.70647(5) 0.7500
C92_4 C 0.22886(4) 0.72886(4) 0.7500
O13_4 O 0.02944(4) 0.52941(4) 0.72568(7)
C93_4 C 0.07232(10) 0.56995(10) 0.72476(13)
H45_4 H 0.0658 0.5624 0.7076
C94_4 C 0.09367(11) 0.59031(12) 0.72433(15)
H46_4 H 0.1021 0.5959 0.7072
C95_4 C 0.18828(14) 0.65987(13) 0.73580(18)
H47_4 H 0.1916 0.6431 0.7256
C96_4 C 0.20971(13) 0.68271(13) 0.73674(17)
H48_4 H 0.2268 0.6798 0.7270
O2_5 O 0.17459(15) 0.5000 0.0000
O14_5 O -0.0000 0.5000 0.17459(15)
O15_5 O 0.32541(15) 0.5000 -0.0000
O18_3 O 0.02941(4) 0.52944(4) 0.22568(7)
O21_3 O 0.22568(7) 0.52944(4) 0.02941(4)
O24_3 O 0.27432(7) 0.52941(4) 0.02944(4)
O2_6 O 0.17459(15) 0.5000 1.0000
O15_6 O 0.32541(15) 0.5000 1.0000
O20_3 O 0.22568(7) 0.47056(4) 0.97059(4)
O23_3 O 0.27432(7) 0.47059(4) 0.97056(4)
O14_6 O 1.0000 0.5000 0.17459(15)
O17_3 O 0.97059(4) 0.47056(4) 0.22568(7)
O14_7 O -0.0000 0.5000 0.82541(15)
O18_4 O 0.02941(4) 0.47056(4) 0.77432(7)
O14_8 O 1.0000 0.5000 0.82541(15)
O17_4 O 0.97059(4) 0.52944(4) 0.77432(7)
O2_7 O 0.82541(15) 0.5000 0.0000
O15_7 O 0.67459(15) 0.5000 -0.0000
O21_4 O 0.77432(7) 0.47056(4) 0.02941(4)
O24_4 O 0.72568(7) 0.47059(4) 0.02944(4)
O2_8 O 0.82541(15) 0.5000 1.0000
O15_8 O 0.67459(15) 0.5000 1.0000
O20_4 O 0.77432(7) 0.52944(4) 0.97059(4)
O23_4 O 0.72568(7) 0.52941(4) 0.97056(4)
O2_9 O 0.0000 0.17459(15) 0.5000
O14_9 O 0.17459(15) 0.0000 0.5000
O15_9 O -0.0000 0.32541(15) 0.5000
O18_5 O 0.22568(7) 0.02941(4) 0.52944(4)
O21_5 O 0.02941(4) 0.22568(7) 0.52944(4)
O24_5 O 0.02944(4) 0.27432(7) 0.52941(4)
O14_10 O 0.17459(15) 1.0000 0.5000
O17_5 O 0.22568(7) 0.97059(4) 0.47056(4)
O2_10 O 1.0000 0.17459(15) 0.5000
O15_10 O 1.0000 0.32541(15) 0.5000
O20_5 O 0.97059(4) 0.22568(7) 0.47056(4)
O23_5 O 0.97056(4) 0.27432(7) 0.47059(4)
O14_11 O 0.82541(15) 0.0000 0.5000
O18_6 O 0.77432(7) 0.02941(4) 0.47056(4)
O14_12 O 0.82541(15) 1.0000 0.5000
O17_6 O 0.77432(7) 0.97059(4) 0.52944(4)
O2_11 O -0.0000 0.82541(15) 0.5000
O15_11 O -0.0000 0.67459(15) 0.5000
O21_6 O 0.02941(4) 0.77432(7) 0.47056(4)
O24_6 O 0.02944(4) 0.72568(7) 0.47059(4)
O2_12 O 1.0000 0.82541(15) 0.5000
O15_12 O 1.0000 0.67459(15) 0.5000
O20_6 O 0.97059(4) 0.77432(7) 0.52944(4)
O23_6 O 0.97056(4) 0.72568(7) 0.52941(4)
C1_5 C 0.03795(7) 0.46205(7) 0.7500
C2_5 C 0.06052(6) 0.43948(6) 0.7500
C3_5 C 0.06995(10) 0.42768(10) 0.77524(13)
H1_5 H 0.0624 0.4342 0.7924
C4_5 C 0.09031(12) 0.40633(11) 0.77567(15)
H2_5 H 0.0959 0.3979 0.7928
C5_5 C 0.10222(8) 0.39778(8) 0.7500
C6_5 C 0.12437(7) 0.37563(7) 0.7500
C7_5 C 0.14248(7) 0.35752(7) 0.7500
C8_5 C 0.16394(7) 0.33606(7) 0.7500
C9_5 C 0.15987(13) 0.31172(14) 0.76420(18)
H3_5 H 0.1431 0.3084 0.7744
C10_5 C 0.18271(13) 0.29029(13) 0.76326(17)
H4_5 H 0.1798 0.2732 0.7730
C11_5 C 0.20647(5) 0.29353(5) 0.7500
C12_5 C 0.22886(4) 0.27114(4) 0.7500
O3_3 O 0.02944(4) 0.47059(4) 0.72568(7)
C13_5 C 0.07232(10) 0.43005(10) 0.72476(13)
H5_5 H 0.0658 0.4376 0.7076
C14_5 C 0.09367(11) 0.40969(12) 0.72433(15)
H6_5 H 0.1021 0.4041 0.7072
C15_5 C 0.18828(14) 0.34013(13) 0.73580(18)
H7_5 H 0.1916 0.3569 0.7256
C16_5 C 0.20971(13) 0.31729(13) 0.73674(17)
H8_5 H 0.2268 0.3202 0.7270
C17_5 C 0.2500 0.46205(7) 0.96205(7)
C18_5 C 0.2500 0.43948(6) 0.93948(6)
C19_5 C 0.22476(13) 0.42768(10) 0.93005(10)
H9_5 H 0.2076 0.4342 0.9376
C20_5 C 0.22433(15) 0.40633(11) 0.90969(12)
H10_5 H 0.2072 0.3979 0.9041
C21_5 C 0.2500 0.39778(8) 0.89778(8)
C22_5 C 0.2500 0.37563(7) 0.87563(7)
C23_5 C 0.2500 0.35752(7) 0.85752(7)
C24_5 C 0.2500 0.33606(7) 0.83606(7)
C25_5 C 0.23580(18) 0.31172(14) 0.84013(13)
H11_5 H 0.2256 0.3084 0.8569
C26_5 C 0.23674(17) 0.29029(13) 0.81729(13)
H12_5 H 0.2270 0.2732 0.8202
C27_5 C 0.2500 0.29353(5) 0.79353(5)
C28_5 C 0.2500 0.27114(4) 0.77114(4)
C29_5 C 0.03795(7) 0.2500 0.53795(7)
C30_5 C 0.06052(6) 0.2500 0.56052(6)
C31_5 C 0.06995(10) 0.22476(13) 0.57232(10)
H13_5 H 0.0624 0.2076 0.5658
C32_5 C 0.09031(12) 0.22433(15) 0.59367(11)
H14_5 H 0.0959 0.2072 0.6021
C33_5 C 0.10222(8) 0.2500 0.60222(8)
C34_5 C 0.12437(7) 0.2500 0.62437(7)
C35_5 C 0.14248(7) 0.2500 0.64248(7)
C36_5 C 0.16394(7) 0.2500 0.66394(7)
C37_5 C 0.15987(13) 0.23580(18) 0.68828(14)
H15_5 H 0.1431 0.2256 0.6916
C38_5 C 0.18271(13) 0.23674(17) 0.70971(13)
H16_5 H 0.1798 0.2270 0.7268
C39_5 C 0.20647(5) 0.2500 0.70647(5)
C40_5 C 0.22886(4) 0.2500 0.72886(4)
C41_5 C 0.07232(10) 0.27524(13) 0.56995(10)
H17_5 H 0.0658 0.2924 0.5624
C42_5 C 0.09367(11) 0.27567(15) 0.59031(12)
H18_5 H 0.1021 0.2928 0.5959
C43_5 C 0.18828(14) 0.26420(18) 0.65987(13)
H19_5 H 0.1916 0.2744 0.6431
C44_5 C 0.20971(13) 0.26326(17) 0.68271(13)
H20_5 H 0.2268 0.2730 0.6798
C45_5 C 0.27524(13) 0.43005(10) 0.92768(10)
H21_5 H 0.2924 0.4376 0.9342
C46_5 C 0.27567(15) 0.40969(12) 0.90633(11)
H22_5 H 0.2928 0.4041 0.8979
C47_5 C 0.26420(18) 0.34013(13) 0.81172(14)
H23_5 H 0.2744 0.3569 0.8084
C48_5 C 0.26326(17) 0.31729(13) 0.79029(13)
H24_5 H 0.2730 0.3202 0.7732
C49_5 C 0.46205(7) 0.2500 0.96205(7)
C50_5 C 0.43948(6) 0.2500 0.93948(6)
C51_5 C 0.42768(10) 0.22476(13) 0.93005(10)
H25_5 H 0.4342 0.2076 0.9376
C52_5 C 0.40633(11) 0.22433(15) 0.90969(12)
H26_5 H 0.3979 0.2072 0.9041
C53_5 C 0.39778(8) 0.2500 0.89778(8)
C54_5 C 0.37563(7) 0.2500 0.87563(7)
C55_5 C 0.35752(7) 0.2500 0.85752(7)
C56_5 C 0.33606(7) 0.2500 0.83606(7)
C57_5 C 0.31172(14) 0.23580(18) 0.84013(13)
H27_5 H 0.3084 0.2256 0.8569
C58_5 C 0.29029(13) 0.23674(17) 0.81729(13)
H28_5 H 0.2732 0.2270 0.8202
C59_5 C 0.29353(5) 0.2500 0.79353(5)
C60_5 C 0.27114(4) 0.2500 0.77114(4)
C61_5 C 0.2500 0.03795(7) 0.53795(7)
C62_5 C 0.2500 0.06052(6) 0.56052(6)
C63_5 C 0.22476(13) 0.06995(10) 0.57232(10)
H29_5 H 0.2076 0.0624 0.5658
C64_5 C 0.22433(15) 0.09031(12) 0.59367(11)
H30_5 H 0.2072 0.0959 0.6021
C65_5 C 0.2500 0.10222(8) 0.60222(8)
C66_5 C 0.2500 0.12437(7) 0.62437(7)
C67_5 C 0.2500 0.14248(7) 0.64248(7)
C68_5 C 0.2500 0.16394(7) 0.66394(7)
C69_5 C 0.23580(18) 0.15987(13) 0.68828(14)
H31_5 H 0.2256 0.1431 0.6916
C70_5 C 0.23674(17) 0.18271(13) 0.70971(13)
H32_5 H 0.2270 0.1798 0.7268
C71_5 C 0.2500 0.20647(5) 0.70647(5)
C72_5 C 0.2500 0.22886(4) 0.72886(4)
O10_5 O 0.27432(7) 0.02944(4) 0.52941(4)
C73_5 C 0.27524(13) 0.07232(10) 0.56995(10)
H33_5 H 0.2924 0.0658 0.5624
C74_5 C 0.27567(15) 0.09367(11) 0.59031(12)
H34_5 H 0.2928 0.1021 0.5959
C75_5 C 0.26420(18) 0.18828(14) 0.65987(13)
H35_5 H 0.2744 0.1916 0.6431
C76_5 C 0.26326(17) 0.20971(13) 0.68271(13)
H36_5 H 0.2730 0.2268 0.6798
O11_5 O 0.47059(4) 0.27432(7) 0.97056(4)
C77_5 C 0.43005(10) 0.27524(13) 0.92768(10)
H37_5 H 0.4376 0.2924 0.9342
C78_5 C 0.40969(12) 0.27567(15) 0.90633(11)
H38_5 H 0.4041 0.2928 0.8979
C79_5 C 0.34013(13) 0.26420(18) 0.81172(14)
H39_5 H 0.3569 0.2744 0.8084
C80_5 C 0.31729(13) 0.26326(17) 0.79029(13)
H40_5 H 0.3202 0.2730 0.7732
C81_5 C 0.46205(7) 0.03795(7) 0.7500
C82_5 C 0.43948(6) 0.06052(6) 0.7500
C83_5 C 0.42768(10) 0.06995(10) 0.77524(13)
H41_5 H 0.4342 0.0624 0.7924
C84_5 C 0.40633(11) 0.09031(12) 0.77567(15)
H42_5 H 0.3979 0.0959 0.7928
C85_5 C 0.39778(8) 0.10222(8) 0.7500
C86_5 C 0.37563(7) 0.12437(7) 0.7500
C87_5 C 0.35752(7) 0.14248(7) 0.7500
C88_5 C 0.33606(7) 0.16394(7) 0.7500
C89_5 C 0.31172(14) 0.15987(13) 0.76420(18)
H43_5 H 0.3084 0.1431 0.7744
C90_5 C 0.29029(13) 0.18271(13) 0.76326(17)
H44_5 H 0.2732 0.1798 0.7730
C91_5 C 0.29353(5) 0.20647(5) 0.7500
C92_5 C 0.27114(4) 0.22886(4) 0.7500
C93_5 C 0.43005(10) 0.07232(10) 0.72476(13)
H45_5 H 0.4376 0.0658 0.7076
C94_5 C 0.40969(12) 0.09367(11) 0.72433(15)
H46_5 H 0.4041 0.1021 0.7072
C95_5 C 0.34013(13) 0.18828(14) 0.73580(18)
H47_5 H 0.3569 0.1916 0.7256
C96_5 C 0.31729(13) 0.20971(13) 0.73674(17)
H48_5 H 0.3202 0.2268 0.7270
O15_13 O -0.0000 0.5000 0.67459(15)
O15_14 O 1.0000 0.5000 0.67459(15)
O19_3 O 0.97056(4) 0.52941(4) 0.72568(7)
C1_6 C 0.96205(7) 0.53795(7) 0.7500
C2_6 C 0.93948(6) 0.56052(6) 0.7500
C3_6 C 0.93005(10) 0.57232(10) 0.77524(13)
H1_6 H 0.9376 0.5658 0.7924
C4_6 C 0.90969(12) 0.59367(11) 0.77567(15)
H2_6 H 0.9041 0.6021 0.7928
C5_6 C 0.89778(8) 0.60222(8) 0.7500
C6_6 C 0.87563(7) 0.62437(7) 0.7500
C7_6 C 0.85752(7) 0.64248(7) 0.7500
C8_6 C 0.83606(7) 0.66394(7) 0.7500
C9_6 C 0.84013(13) 0.68828(14) 0.76420(18)
H3_6 H 0.8569 0.6916 0.7744
C10_6 C 0.81729(13) 0.70971(13) 0.76326(17)
H4_6 H 0.8202 0.7268 0.7730
C11_6 C 0.79353(5) 0.70647(5) 0.7500
C12_6 C 0.77114(4) 0.72886(4) 0.7500
C13_6 C 0.92768(10) 0.56995(10) 0.72476(13)
H5_6 H 0.9342 0.5624 0.7076
C14_6 C 0.90633(11) 0.59031(12) 0.72433(15)
H6_6 H 0.8979 0.5959 0.7072
C15_6 C 0.81172(14) 0.65987(13) 0.73580(18)
H7_6 H 0.8084 0.6431 0.7256
C16_6 C 0.79029(13) 0.68271(13) 0.73674(17)
H8_6 H 0.7732 0.6798 0.7270
C17_6 C 0.7500 0.53795(7) 0.96205(7)
C18_6 C 0.7500 0.56052(6) 0.93948(6)
C19_6 C 0.77524(13) 0.57232(10) 0.93005(10)
H9_6 H 0.7924 0.5658 0.9376
C20_6 C 0.77567(15) 0.59367(11) 0.90969(12)
H10_6 H 0.7928 0.6021 0.9041
C21_6 C 0.7500 0.60222(8) 0.89778(8)
C22_6 C 0.7500 0.62437(7) 0.87563(7)
C23_6 C 0.7500 0.64248(7) 0.85752(7)
C24_6 C 0.7500 0.66394(7) 0.83606(7)
C25_6 C 0.76420(18) 0.68828(14) 0.84013(13)
H11_6 H 0.7744 0.6916 0.8569
C26_6 C 0.76326(17) 0.70971(13) 0.81729(13)
H12_6 H 0.7730 0.7268 0.8202
C27_6 C 0.7500 0.70647(5) 0.79353(5)
C28_6 C 0.7500 0.72886(4) 0.77114(4)
C29_6 C 0.96205(7) 0.7500 0.53795(7)
C30_6 C 0.93948(6) 0.7500 0.56052(6)
C31_6 C 0.93005(10) 0.77524(13) 0.57232(10)
H13_6 H 0.9376 0.7924 0.5658
C32_6 C 0.90969(12) 0.77567(15) 0.59367(11)
H14_6 H 0.9041 0.7928 0.6021
C33_6 C 0.89778(8) 0.7500 0.60222(8)
C34_6 C 0.87563(7) 0.7500 0.62437(7)
C35_6 C 0.85752(7) 0.7500 0.64248(7)
C36_6 C 0.83606(7) 0.7500 0.66394(7)
C37_6 C 0.84013(13) 0.76420(18) 0.68828(14)
H15_6 H 0.8569 0.7744 0.6916
C38_6 C 0.81729(13) 0.76326(17) 0.70971(13)
H16_6 H 0.8202 0.7730 0.7268
C39_6 C 0.79353(5) 0.7500 0.70647(5)
C40_6 C 0.77114(4) 0.7500 0.72886(4)
C41_6 C 0.92768(10) 0.72476(13) 0.56995(10)
H17_6 H 0.9342 0.7076 0.5624
C42_6 C 0.90633(11) 0.72433(15) 0.59031(12)
H18_6 H 0.8979 0.7072 0.5959
C43_6 C 0.81172(14) 0.73580(18) 0.65987(13)
H19_6 H 0.8084 0.7256 0.6431
C44_6 C 0.79029(13) 0.73674(17) 0.68271(13)
H20_6 H 0.7732 0.7270 0.6798
C45_6 C 0.72476(13) 0.56995(10) 0.92768(10)
H21_6 H 0.7076 0.5624 0.9342
C46_6 C 0.72433(15) 0.59031(12) 0.90633(11)
H22_6 H 0.7072 0.5959 0.8979
C47_6 C 0.73580(18) 0.65987(13) 0.81172(14)
H23_6 H 0.7256 0.6431 0.8084
C48_6 C 0.73674(17) 0.68271(13) 0.79029(13)
H24_6 H 0.7270 0.6798 0.7732
C49_6 C 0.53795(7) 0.7500 0.96205(7)
C50_6 C 0.56052(6) 0.7500 0.93948(6)
C51_6 C 0.57232(10) 0.77524(13) 0.93005(10)
H25_6 H 0.5658 0.7924 0.9376
C52_6 C 0.59367(11) 0.77567(15) 0.90969(12)
H26_6 H 0.6021 0.7928 0.9041
C53_6 C 0.60222(8) 0.7500 0.89778(8)
C54_6 C 0.62437(7) 0.7500 0.87563(7)
C55_6 C 0.64248(7) 0.7500 0.85752(7)
C56_6 C 0.66394(7) 0.7500 0.83606(7)
C57_6 C 0.68828(14) 0.76420(18) 0.84013(13)
H27_6 H 0.6916 0.7744 0.8569
C58_6 C 0.70971(13) 0.76326(17) 0.81729(13)
H28_6 H 0.7268 0.7730 0.8202
C59_6 C 0.70647(5) 0.7500 0.79353(5)
C60_6 C 0.72886(4) 0.7500 0.77114(4)
C61_6 C 0.7500 0.96205(7) 0.53795(7)
C62_6 C 0.7500 0.93948(6) 0.56052(6)
C63_6 C 0.77524(13) 0.93005(10) 0.57232(10)
H29_6 H 0.7924 0.9376 0.5658
C64_6 C 0.77567(15) 0.90969(12) 0.59367(11)
H30_6 H 0.7928 0.9041 0.6021
C65_6 C 0.7500 0.89778(8) 0.60222(8)
C66_6 C 0.7500 0.87563(7) 0.62437(7)
C67_6 C 0.7500 0.85752(7) 0.64248(7)
C68_6 C 0.7500 0.83606(7) 0.66394(7)
C69_6 C 0.76420(18) 0.84013(13) 0.68828(14)
H31_6 H 0.7744 0.8569 0.6916
C70_6 C 0.76326(17) 0.81729(13) 0.70971(13)
H32_6 H 0.7730 0.8202 0.7268
C71_6 C 0.7500 0.79353(5) 0.70647(5)
C72_6 C 0.7500 0.77114(4) 0.72886(4)
O10_6 O 0.72568(7) 0.97056(4) 0.52941(4)
C73_6 C 0.72476(13) 0.92768(10) 0.56995(10)
H33_6 H 0.7076 0.9342 0.5624
C74_6 C 0.72433(15) 0.90633(11) 0.59031(12)
H34_6 H 0.7072 0.8979 0.5959
C75_6 C 0.73580(18) 0.81172(14) 0.65987(13)
H35_6 H 0.7256 0.8084 0.6431
C76_6 C 0.73674(17) 0.79029(13) 0.68271(13)
H36_6 H 0.7270 0.7732 0.6798
O11_6 O 0.52941(4) 0.72568(7) 0.97056(4)
C77_6 C 0.56995(10) 0.72476(13) 0.92768(10)
H37_6 H 0.5624 0.7076 0.9342
C78_6 C 0.59031(12) 0.72433(15) 0.90633(11)
H38_6 H 0.5959 0.7072 0.8979
C79_6 C 0.65987(13) 0.73580(18) 0.81172(14)
H39_6 H 0.6431 0.7256 0.8084
C80_6 C 0.68271(13) 0.73674(17) 0.79029(13)
H40_6 H 0.6798 0.7270 0.7732
C81_6 C 0.53795(7) 0.96205(7) 0.7500
C82_6 C 0.56052(6) 0.93948(6) 0.7500
C83_6 C 0.57232(10) 0.93005(10) 0.77524(13)
H41_6 H 0.5658 0.9376 0.7924
C84_6 C 0.59367(11) 0.90969(12) 0.77567(15)
H42_6 H 0.6021 0.9041 0.7928
C85_6 C 0.60222(8) 0.89778(8) 0.7500
C86_6 C 0.62437(7) 0.87563(7) 0.7500
C87_6 C 0.64248(7) 0.85752(7) 0.7500
C88_6 C 0.66394(7) 0.83606(7) 0.7500
C89_6 C 0.68828(14) 0.84013(13) 0.76420(18)
H43_6 H 0.6916 0.8569 0.7744
C90_6 C 0.70971(13) 0.81729(13) 0.76326(17)
H44_6 H 0.7268 0.8202 0.7730
C91_6 C 0.70647(5) 0.79353(5) 0.7500
C92_6 C 0.72886(4) 0.77114(4) 0.7500
C93_6 C 0.56995(10) 0.92768(10) 0.72476(13)
H45_6 H 0.5624 0.9342 0.7076
C94_6 C 0.59031(12) 0.90633(11) 0.72433(15)
H46_6 H 0.5959 0.8979 0.7072
C95_6 C 0.65987(13) 0.81172(14) 0.73580(18)
H47_6 H 0.6431 0.8084 0.7256
C96_6 C 0.68271(13) 0.79029(13) 0.73674(17)
H48_6 H 0.6798 0.7732 0.7270
C1_7 C 0.03795(7) 0.53795(7) 0.2500
C2_7 C 0.06052(6) 0.56052(6) 0.2500
C3_7 C 0.06995(10) 0.57232(10) 0.22476(13)
H1_7 H 0.0624 0.5658 0.2076
C4_7 C 0.09031(12) 0.59367(11) 0.22433(15)
H2_7 H 0.0959 0.6021 0.2072
C5_7 C 0.10222(8) 0.60222(8) 0.2500
C6_7 C 0.12437(7) 0.62437(7) 0.2500
