
###############################################################################
#
# This file contains modified crystal structure data generated from the
# MOF subset of the Cambridge Structural Database (CSD) v543 
# hosted by the Cambridge Crystallographic Data Centre (CCDC).
#
# This work is licensed under the Creative Commons
# Attribution-NonCommercial-ShareAlike 4.0 International License.
# To view a copy of this license, visit
# http://creativecommons.org/licenses/by-nc-sa/4.0/
# or send a letter to
# Creative Commons, PO Box 1866, Mountain View, CA 94042, USA.
#
# CIF created using the CSD Python API on 29 September 2022
# The structure has been converted into the P1 space group
# The structure has a 3D framework
# The original CSD entry DIHVIB02 is in the cubic crystal system
# The framework has been calculated to contain at least 10.0% void space
# The void calculation uses a probe of radius 1.32A, grid spacing 0.4
# H atom positions have been added when not included in the experimental data
# Generated hydrogen atom positions removed from atoms on special positions
#
###############################################################################

data_DIHVIB02
_chemical_formula_moiety         '(C288 H672 Cu72 O264)n'
_symmetry_cell_setting           triclinic
_symmetry_space_group_name_H-M   'P 1'
_symmetry_Int_Tables_number      1
_space_group_name_Hall           'P 1'
loop_
_symmetry_equiv_pos_site_id
_symmetry_equiv_pos_as_xyz
1 x,y,z
_cell_length_a                   26.30380(10)
_cell_length_b                   26.30380(10)
_cell_length_c                   26.30380(10)
_cell_angle_alpha                90
_cell_angle_beta                 90
_cell_angle_gamma                90
_cell_volume                     18199.3
loop_
_atom_site_label
_atom_site_type_symbol
_atom_site_fract_x
_atom_site_fract_y
_atom_site_fract_z
Cu1 Cu 0.71480(2) 0.28520(2) 0.5000
O1 O 0.68296(6) 0.24335(6) 0.44768(6)
C1 C 0.69985(9) 0.13474(7) 0.36526(7)
H1 H 0.7287 0.1202 0.3798
C2 C 0.67809(7) 0.17809(7) 0.38673(9)
C3 C 0.70348(7) 0.20348(7) 0.43100(9)
O2 O 0.6569(2) 0.3431(2) 0.5000
O3 O 0.55232(6) 0.18296(6) 0.25665(6)
C4 C 0.63474(7) 0.19985(9) 0.36526(7)
H2 H 0.6202 0.2287 0.3798
C5 C 0.61327(9) 0.17809(7) 0.32191(7)
C6 C 0.56900(9) 0.20348(7) 0.29652(7)
O4 O 0.74335(6) 0.05232(6) 0.31704(6)
C7 C 0.63474(7) 0.13474(7) 0.30015(9)
H3 H 0.6202 0.1202 0.2713
C8 C 0.67809(7) 0.11327(9) 0.32191(7)
C9 C 0.70348(7) 0.06900(9) 0.29652(7)
O5 O 0.55232(6) 0.24335(6) 0.31704(6)
O6 O 0.68296(6) 0.05232(6) 0.25665(6)
O7 O 0.74335(6) 0.18296(6) 0.44768(6)
Cu2 Cu 0.5000 0.28520(2) 0.28520(2)
O8 O 0.55232(6) 0.31704(6) 0.24335(6)
C10 C 0.63474(7) 0.30015(9) 0.13474(7)
H4 H 0.6202 0.2713 0.1202
C11 C 0.61327(9) 0.32191(7) 0.17809(7)
C12 C 0.56900(9) 0.29652(7) 0.20348(7)
O9 O 0.5000 0.3431(2) 0.3431(2)
O10 O 0.74335(6) 0.44768(6) 0.18296(6)
C13 C 0.63474(7) 0.36526(7) 0.19985(9)
H5 H 0.6202 0.3798 0.2287
C14 C 0.67809(7) 0.38673(9) 0.17809(7)
C15 C 0.70348(7) 0.43100(9) 0.20348(7)
O11 O 0.68296(6) 0.25665(6) 0.05232(6)
C16 C 0.69985(9) 0.36526(7) 0.13474(7)
H6 H 0.7287 0.3798 0.1202
C17 C 0.67809(7) 0.32191(7) 0.11327(9)
C18 C 0.70348(7) 0.29652(7) 0.06900(9)
O12 O 0.68296(6) 0.44768(6) 0.24335(6)
O13 O 0.74335(6) 0.31704(6) 0.05232(6)
O14 O 0.55232(6) 0.25665(6) 0.18296(6)
Cu3 Cu 0.71480(2) 0.5000 0.28520(2)
O15 O 0.6569(2) 0.5000 0.3431(2)
Cu4 Cu 0.71480(2) 0.21480(2) 0.0000
Cu5 Cu 0.5000 0.21480(2) 0.21480(2)
Cu6 Cu 0.71480(2) 0.0000 0.21480(2)
Cu7 Cu 0.78520(2) 0.28520(2) 0.0000
Cu8 Cu 0.78520(2) 0.5000 0.21480(2)
Cu9 Cu 0.78520(2) 0.21480(2) 0.5000
Cu10 Cu 0.78520(2) 0.0000 0.28520(2)
O16 O 0.75665(6) 0.44768(6) 0.31704(6)
O17 O 0.75665(6) 0.31704(6) 0.55232(6)
O18 O 0.68296(6) 0.55232(6) 0.24335(6)
O19 O 0.44768(6) 0.24335(6) 0.31704(6)
O20 O 0.68296(6) 0.24335(6) 0.55232(6)
O21 O 0.44768(6) 0.31704(6) 0.24335(6)
O22 O 0.75665(6) 0.55232(6) 0.31704(6)
O23 O 0.75665(6) 0.31704(6) 0.44768(6)
Cu4_2 Cu 0.71480(2) 0.21480(2) 1.0000
Cu7_2 Cu 0.78520(2) 0.28520(2) 1.0000
Cu6_2 Cu 0.71480(2) 1.0000 0.21480(2)
Cu10_2 Cu 0.78520(2) 1.0000 0.28520(2)
Cu6_3 Cu 0.28520(2) 0.0000 0.21480(2)
Cu10_3 Cu 0.21480(2) -0.0000 0.28520(2)
Cu1_2 Cu 0.28520(2) 0.71480(2) 0.5000
O1_2 O 0.31704(6) 0.75665(6) 0.44768(6)
C1_2 C 0.30015(9) 0.86526(7) 0.36526(7)
H1_2 H 0.2713 0.8798 0.3798
C2_2 C 0.32191(7) 0.82191(7) 0.38673(9)
C3_2 C 0.29652(7) 0.79652(7) 0.43100(9)
O2_2 O 0.3431(2) 0.6569(2) 0.5000
O3_2 O 0.44768(6) 0.81704(6) 0.25665(6)
C4_2 C 0.36526(7) 0.80015(9) 0.36526(7)
H2_2 H 0.3798 0.7713 0.3798
C5_2 C 0.38673(9) 0.82191(7) 0.32191(7)
C6_2 C 0.43100(9) 0.79652(7) 0.29652(7)
O4_2 O 0.25665(6) 0.94768(6) 0.31704(6)
C7_2 C 0.36526(7) 0.86526(7) 0.30015(9)
H3_2 H 0.3798 0.8798 0.2713
C8_2 C 0.32191(7) 0.88673(9) 0.32191(7)
C9_2 C 0.29652(7) 0.93100(9) 0.29652(7)
O5_2 O 0.44768(6) 0.75665(6) 0.31704(6)
O6_2 O 0.31704(6) 0.94768(6) 0.25665(6)
O7_2 O 0.25665(6) 0.81704(6) 0.44768(6)
Cu2_2 Cu 0.5000 0.71480(2) 0.28520(2)
O8_2 O 0.44768(6) 0.68296(6) 0.24335(6)
C10_2 C 0.36526(7) 0.69985(9) 0.13474(7)
H4_2 H 0.3798 0.7287 0.1202
C11_2 C 0.38673(9) 0.67809(7) 0.17809(7)
C12_2 C 0.43100(9) 0.70348(7) 0.20348(7)
O9_2 O 0.5000 0.6569(2) 0.3431(2)
O10_2 O 0.25665(6) 0.55232(6) 0.18296(6)
C13_2 C 0.36526(7) 0.63474(7) 0.19985(9)
H5_2 H 0.3798 0.6202 0.2287
C14_2 C 0.32191(7) 0.61327(9) 0.17809(7)
C15_2 C 0.29652(7) 0.56900(9) 0.20348(7)
O11_2 O 0.31704(6) 0.74335(6) 0.05232(6)
C16_2 C 0.30015(9) 0.63474(7) 0.13474(7)
H6_2 H 0.2713 0.6202 0.1202
C17_2 C 0.32191(7) 0.67809(7) 0.11327(9)
C18_2 C 0.29652(7) 0.70348(7) 0.06900(9)
O12_2 O 0.31704(6) 0.55232(6) 0.24335(6)
O13_2 O 0.25665(6) 0.68296(6) 0.05232(6)
O14_2 O 0.44768(6) 0.74335(6) 0.18296(6)
Cu3_2 Cu 0.28520(2) 0.5000 0.28520(2)
O15_2 O 0.3431(2) 0.5000 0.3431(2)
Cu4_3 Cu 0.28520(2) 0.78520(2) 0.0000
Cu5_2 Cu 0.5000 0.78520(2) 0.21480(2)
Cu6_4 Cu 0.28520(2) 1.0000 0.21480(2)
Cu7_3 Cu 0.21480(2) 0.71480(2) 0.0000
Cu8_2 Cu 0.21480(2) 0.5000 0.21480(2)
Cu9_2 Cu 0.21480(2) 0.78520(2) 0.5000
Cu10_4 Cu 0.21480(2) 1.0000 0.28520(2)
O16_2 O 0.24335(6) 0.55232(6) 0.31704(6)
O17_2 O 0.24335(6) 0.68296(6) 0.55232(6)
O18_2 O 0.31704(6) 0.44768(6) 0.24335(6)
O19_2 O 0.55232(6) 0.75665(6) 0.31704(6)
O20_2 O 0.31704(6) 0.75665(6) 0.55232(6)
O21_2 O 0.55232(6) 0.68296(6) 0.24335(6)
O22_2 O 0.24335(6) 0.44768(6) 0.31704(6)
O23_2 O 0.24335(6) 0.68296(6) 0.44768(6)
Cu4_4 Cu 0.28520(2) 0.78520(2) 1.0000
Cu7_4 Cu 0.21480(2) 0.71480(2) 1.0000
Cu4_5 Cu 0.28520(2) 0.21480(2) 0.0000
Cu7_5 Cu 0.21480(2) 0.28520(2) 0.0000
Cu1_3 Cu 0.28520(2) 0.28520(2) 0.5000
O1_3 O 0.31704(6) 0.24335(6) 0.55232(6)
C1_3 C 0.30015(9) 0.13474(7) 0.63474(7)
H1_3 H 0.2713 0.1202 0.6202
C2_3 C 0.32191(7) 0.17809(7) 0.61327(9)
C3_3 C 0.29652(7) 0.20348(7) 0.56900(9)
O2_3 O 0.3431(2) 0.3431(2) 0.5000
O3_3 O 0.44768(6) 0.18296(6) 0.74335(6)
C4_3 C 0.36526(7) 0.19985(9) 0.63474(7)
H2_3 H 0.3798 0.2287 0.6202
C5_3 C 0.38673(9) 0.17809(7) 0.67809(7)
C6_3 C 0.43100(9) 0.20348(7) 0.70348(7)
O4_3 O 0.25665(6) 0.05232(6) 0.68296(6)
C7_3 C 0.36526(7) 0.13474(7) 0.69985(9)
H3_3 H 0.3798 0.1202 0.7287
C8_3 C 0.32191(7) 0.11327(9) 0.67809(7)
C9_3 C 0.29652(7) 0.06900(9) 0.70348(7)
O5_3 O 0.44768(6) 0.24335(6) 0.68296(6)
O6_3 O 0.31704(6) 0.05232(6) 0.74335(6)
O7_3 O 0.25665(6) 0.18296(6) 0.55232(6)
Cu2_3 Cu 0.5000 0.28520(2) 0.71480(2)
O8_3 O 0.44768(6) 0.31704(6) 0.75665(6)
C10_3 C 0.36526(7) 0.30015(9) 0.86526(7)
H4_3 H 0.3798 0.2713 0.8798
C11_3 C 0.38673(9) 0.32191(7) 0.82191(7)
C12_3 C 0.43100(9) 0.29652(7) 0.79652(7)
O9_3 O 0.5000 0.3431(2) 0.6569(2)
O10_3 O 0.25665(6) 0.44768(6) 0.81704(6)
C13_3 C 0.36526(7) 0.36526(7) 0.80015(9)
H5_3 H 0.3798 0.3798 0.7713
C14_3 C 0.32191(7) 0.38673(9) 0.82191(7)
C15_3 C 0.29652(7) 0.43100(9) 0.79652(7)
O11_3 O 0.31704(6) 0.25665(6) 0.94768(6)
C16_3 C 0.30015(9) 0.36526(7) 0.86526(7)
H6_3 H 0.2713 0.3798 0.8798
C17_3 C 0.32191(7) 0.32191(7) 0.88673(9)
C18_3 C 0.29652(7) 0.29652(7) 0.93100(9)
O12_3 O 0.31704(6) 0.44768(6) 0.75665(6)
O13_3 O 0.25665(6) 0.31704(6) 0.94768(6)
O14_3 O 0.44768(6) 0.25665(6) 0.81704(6)
Cu3_3 Cu 0.28520(2) 0.5000 0.71480(2)
O15_3 O 0.3431(2) 0.5000 0.6569(2)
Cu4_6 Cu 0.28520(2) 0.21480(2) 1.0000
Cu5_3 Cu 0.5000 0.21480(2) 0.78520(2)
Cu6_5 Cu 0.28520(2) 0.0000 0.78520(2)
Cu7_6 Cu 0.21480(2) 0.28520(2) 1.0000
Cu8_3 Cu 0.21480(2) 0.5000 0.78520(2)
Cu9_3 Cu 0.21480(2) 0.21480(2) 0.5000
Cu10_5 Cu 0.21480(2) 0.0000 0.71480(2)
O16_3 O 0.24335(6) 0.44768(6) 0.68296(6)
O17_3 O 0.24335(6) 0.31704(6) 0.44768(6)
O18_3 O 0.31704(6) 0.55232(6) 0.75665(6)
O19_3 O 0.55232(6) 0.24335(6) 0.68296(6)
O20_3 O 0.31704(6) 0.24335(6) 0.44768(6)
O21_3 O 0.55232(6) 0.31704(6) 0.75665(6)
O22_3 O 0.24335(6) 0.55232(6) 0.68296(6)
O23_3 O 0.24335(6) 0.31704(6) 0.55232(6)
Cu6_6 Cu 0.28520(2) 1.0000 0.78520(2)
Cu10_6 Cu 0.21480(2) 1.0000 0.71480(2)
Cu6_7 Cu 0.71480(2) 0.0000 0.78520(2)
Cu10_7 Cu 0.78520(2) 0.0000 0.71480(2)
Cu4_7 Cu 0.71480(2) 0.78520(2) 0.0000
Cu7_7 Cu 0.78520(2) 0.71480(2) 0.0000
Cu1_4 Cu 0.71480(2) 0.71480(2) 0.5000
O1_4 O 0.68296(6) 0.75665(6) 0.55232(6)
C1_4 C 0.69985(9) 0.86526(7) 0.63474(7)
H1_4 H 0.7287 0.8798 0.6202
C2_4 C 0.67809(7) 0.82191(7) 0.61327(9)
C3_4 C 0.70348(7) 0.79652(7) 0.56900(9)
O2_4 O 0.6569(2) 0.6569(2) 0.5000
O3_4 O 0.55232(6) 0.81704(6) 0.74335(6)
C4_4 C 0.63474(7) 0.80015(9) 0.63474(7)
H2_4 H 0.6202 0.7713 0.6202
C5_4 C 0.61327(9) 0.82191(7) 0.67809(7)
C6_4 C 0.56900(9) 0.79652(7) 0.70348(7)
O4_4 O 0.74335(6) 0.94768(6) 0.68296(6)
C7_4 C 0.63474(7) 0.86526(7) 0.69985(9)
H3_4 H 0.6202 0.8798 0.7287
C8_4 C 0.67809(7) 0.88673(9) 0.67809(7)
C9_4 C 0.70348(7) 0.93100(9) 0.70348(7)
O5_4 O 0.55232(6) 0.75665(6) 0.68296(6)
O6_4 O 0.68296(6) 0.94768(6) 0.74335(6)
O7_4 O 0.74335(6) 0.81704(6) 0.55232(6)
Cu2_4 Cu 0.5000 0.71480(2) 0.71480(2)
O8_4 O 0.55232(6) 0.68296(6) 0.75665(6)
C10_4 C 0.63474(7) 0.69985(9) 0.86526(7)
H4_4 H 0.6202 0.7287 0.8798
C11_4 C 0.61327(9) 0.67809(7) 0.82191(7)
C12_4 C 0.56900(9) 0.70348(7) 0.79652(7)
O9_4 O 0.5000 0.6569(2) 0.6569(2)
O10_4 O 0.74335(6) 0.55232(6) 0.81704(6)
C13_4 C 0.63474(7) 0.63474(7) 0.80015(9)
H5_4 H 0.6202 0.6202 0.7713
C14_4 C 0.67809(7) 0.61327(9) 0.82191(7)
C15_4 C 0.70348(7) 0.56900(9) 0.79652(7)
O11_4 O 0.68296(6) 0.74335(6) 0.94768(6)
C16_4 C 0.69985(9) 0.63474(7) 0.86526(7)
H6_4 H 0.7287 0.6202 0.8798
C17_4 C 0.67809(7) 0.67809(7) 0.88673(9)
C18_4 C 0.70348(7) 0.70348(7) 0.93100(9)
O12_4 O 0.68296(6) 0.55232(6) 0.75665(6)
O13_4 O 0.74335(6) 0.68296(6) 0.94768(6)
O14_4 O 0.55232(6) 0.74335(6) 0.81704(6)
Cu3_4 Cu 0.71480(2) 0.5000 0.71480(2)
O15_4 O 0.6569(2) 0.5000 0.6569(2)
Cu4_8 Cu 0.71480(2) 0.78520(2) 1.0000
Cu5_4 Cu 0.5000 0.78520(2) 0.78520(2)
Cu6_8 Cu 0.71480(2) 1.0000 0.78520(2)
Cu7_8 Cu 0.78520(2) 0.71480(2) 1.0000
Cu8_4 Cu 0.78520(2) 0.5000 0.78520(2)
Cu9_4 Cu 0.78520(2) 0.78520(2) 0.5000
Cu10_8 Cu 0.78520(2) 1.0000 0.71480(2)
O16_4 O 0.75665(6) 0.55232(6) 0.68296(6)
O17_4 O 0.75665(6) 0.68296(6) 0.44768(6)
O18_4 O 0.68296(6) 0.44768(6) 0.75665(6)
O19_4 O 0.44768(6) 0.75665(6) 0.68296(6)
O20_4 O 0.68296(6) 0.75665(6) 0.44768(6)
O21_4 O 0.44768(6) 0.68296(6) 0.75665(6)
O22_4 O 0.75665(6) 0.44768(6) 0.68296(6)
O23_4 O 0.75665(6) 0.68296(6) 0.55232(6)
C10_5 C 0.13474(7) 0.63474(7) 0.30015(9)
H4_5 H 0.1202 0.6202 0.2713
C11_5 C 0.17809(7) 0.61327(9) 0.32191(7)
C12_5 C 0.20348(7) 0.56900(9) 0.29652(7)
O10_5 O 0.18296(6) 0.74335(6) 0.44768(6)
C13_5 C 0.19985(9) 0.63474(7) 0.36526(7)
H5_5 H 0.2287 0.6202 0.3798
C14_5 C 0.17809(7) 0.67809(7) 0.38673(9)
C15_5 C 0.20348(7) 0.70348(7) 0.43100(9)
O11_5 O 0.05232(6) 0.68296(6) 0.25665(6)
C16_5 C 0.13474(7) 0.69985(9) 0.36526(7)
H6_5 H 0.1202 0.7287 0.3798
C17_5 C 0.11327(9) 0.67809(7) 0.32191(7)
C18_5 C 0.06900(9) 0.70348(7) 0.29652(7)
O13_5 O 0.05232(6) 0.74335(6) 0.31704(6)
O14_5 O 0.18296(6) 0.55232(6) 0.25665(6)
Cu4_9 Cu 0.0000 0.71480(2) 0.21480(2)
Cu7_9 Cu 0.0000 0.78520(2) 0.28520(2)
Cu4_10 Cu 1.0000 0.71480(2) 0.21480(2)
Cu7_10 Cu 1.0000 0.78520(2) 0.28520(2)
C10_6 C 0.13474(7) 0.36526(7) 0.69985(9)
H4_6 H 0.1202 0.3798 0.7287
C11_6 C 0.17809(7) 0.38673(9) 0.67809(7)
C12_6 C 0.20348(7) 0.43100(9) 0.70348(7)
O10_6 O 0.18296(6) 0.25665(6) 0.55232(6)
C13_6 C 0.19985(9) 0.36526(7) 0.63474(7)
H5_6 H 0.2287 0.3798 0.6202
C14_6 C 0.17809(7) 0.32191(7) 0.61327(9)
C15_6 C 0.20348(7) 0.29652(7) 0.56900(9)
O11_6 O 0.05232(6) 0.31704(6) 0.74335(6)
C16_6 C 0.13474(7) 0.30015(9) 0.63474(7)
H6_6 H 0.1202 0.2713 0.6202
C17_6 C 0.11327(9) 0.32191(7) 0.67809(7)
C18_6 C 0.06900(9) 0.29652(7) 0.70348(7)
O13_6 O 0.05232(6) 0.25665(6) 0.68296(6)
O14_6 O 0.18296(6) 0.44768(6) 0.74335(6)
Cu4_11 Cu 0.0000 0.28520(2) 0.78520(2)
Cu7_11 Cu -0.0000 0.21480(2) 0.71480(2)
Cu4_12 Cu 1.0000 0.28520(2) 0.78520(2)
Cu7_12 Cu 1.0000 0.21480(2) 0.71480(2)
Cu4_13 Cu -0.0000 0.28520(2) 0.21480(2)
Cu7_13 Cu -0.0000 0.21480(2) 0.28520(2)
C10_7 C 0.86526(7) 0.36526(7) 0.30015(9)
H4_7 H 0.8798 0.3798 0.2713
C11_7 C 0.82191(7) 0.38673(9) 0.32191(7)
C12_7 C 0.79652(7) 0.43100(9) 0.29652(7)
O10_7 O 0.81704(6) 0.25665(6) 0.44768(6)
C13_7 C 0.80015(9) 0.36526(7) 0.36526(7)
H5_7 H 0.7713 0.3798 0.3798
C14_7 C 0.82191(7) 0.32191(7) 0.38673(9)
C15_7 C 0.79652(7) 0.29652(7) 0.43100(9)
O11_7 O 0.94768(6) 0.31704(6) 0.25665(6)
C16_7 C 0.86526(7) 0.30015(9) 0.36526(7)
H6_7 H 0.8798 0.2713 0.3798
C17_7 C 0.88673(9) 0.32191(7) 0.32191(7)
C18_7 C 0.93100(9) 0.29652(7) 0.29652(7)
O13_7 O 0.94768(6) 0.25665(6) 0.31704(6)
O14_7 O 0.81704(6) 0.44768(6) 0.25665(6)
Cu4_14 Cu 1.0000 0.28520(2) 0.21480(2)
Cu7_14 Cu 1.0000 0.21480(2) 0.28520(2)
Cu4_15 Cu 0.0000 0.71480(2) 0.78520(2)
Cu7_15 Cu 0.0000 0.78520(2) 0.71480(2)
C10_8 C 0.86526(7) 0.63474(7) 0.69985(9)
H4_8 H 0.8798 0.6202 0.7287
C11_8 C 0.82191(7) 0.61327(9) 0.67809(7)
C12_8 C 0.79652(7) 0.56900(9) 0.70348(7)
O10_8 O 0.81704(6) 0.74335(6) 0.55232(6)
C13_8 C 0.80015(9) 0.63474(7) 0.63474(7)
H5_8 H 0.7713 0.6202 0.6202
C14_8 C 0.82191(7) 0.67809(7) 0.61327(9)
C15_8 C 0.79652(7) 0.70348(7) 0.56900(9)
O11_8 O 0.94768(6) 0.68296(6) 0.74335(6)
C16_8 C 0.86526(7) 0.69985(9) 0.63474(7)
H6_8 H 0.8798 0.7287 0.6202
C17_8 C 0.88673(9) 0.67809(7) 0.67809(7)
C18_8 C 0.93100(9) 0.70348(7) 0.70348(7)
O13_8 O 0.94768(6) 0.74335(6) 0.68296(6)
O14_8 O 0.81704(6) 0.55232(6) 0.74335(6)
Cu4_16 Cu 1.0000 0.71480(2) 0.78520(2)
Cu7_16 Cu 1.0000 0.78520(2) 0.71480(2)
C1_5 C 0.13474(7) 0.69985(9) 0.63474(7)
H1_5 H 0.1202 0.7287 0.6202
C2_5 C 0.17809(7) 0.67809(7) 0.61327(9)
C3_5 C 0.20348(7) 0.70348(7) 0.56900(9)
O3_5 O 0.18296(6) 0.55232(6) 0.74335(6)
C4_5 C 0.19985(9) 0.63474(7) 0.63474(7)
H2_5 H 0.2287 0.6202 0.6202
C5_5 C 0.17809(7) 0.61327(9) 0.67809(7)
C6_5 C 0.20348(7) 0.56900(9) 0.70348(7)
O4_5 O 0.05232(6) 0.74335(6) 0.68296(6)
C7_5 C 0.13474(7) 0.63474(7) 0.69985(9)
H3_5 H 0.1202 0.6202 0.7287
C8_5 C 0.11327(9) 0.67809(7) 0.67809(7)
C9_5 C 0.06900(9) 0.70348(7) 0.70348(7)
O6_5 O 0.05232(6) 0.68296(6) 0.74335(6)
O7_5 O 0.18296(6) 0.74335(6) 0.55232(6)
C10_9 C 0.30015(9) 0.63474(7) 0.86526(7)
H4_9 H 0.2713 0.6202 0.8798
C11_9 C 0.32191(7) 0.61327(9) 0.82191(7)
C12_9 C 0.29652(7) 0.56900(9) 0.79652(7)
O10_9 O 0.44768(6) 0.74335(6) 0.81704(6)
C13_9 C 0.36526(7) 0.63474(7) 0.80015(9)
H5_9 H 0.3798 0.6202 0.7713
C14_9 C 0.38673(9) 0.67809(7) 0.82191(7)
C15_9 C 0.43100(9) 0.70348(7) 0.79652(7)
O11_9 O 0.25665(6) 0.68296(6) 0.94768(6)
C16_9 C 0.36526(7) 0.69985(9) 0.86526(7)
H6_9 H 0.3798 0.7287 0.8798
C17_9 C 0.32191(7) 0.67809(7) 0.88673(9)
C18_9 C 0.29652(7) 0.70348(7) 0.93100(9)
O13_9 O 0.31704(6) 0.74335(6) 0.94768(6)
O14_9 O 0.25665(6) 0.55232(6) 0.81704(6)
C1_6 C 0.86526(7) 0.30015(9) 0.63474(7)
H1_6 H 0.8798 0.2713 0.6202
C2_6 C 0.82191(7) 0.32191(7) 0.61327(9)
C3_6 C 0.79652(7) 0.29652(7) 0.56900(9)
O3_6 O 0.81704(6) 0.44768(6) 0.74335(6)
C4_6 C 0.80015(9) 0.36526(7) 0.63474(7)
H2_6 H 0.7713 0.3798 0.6202
C5_6 C 0.82191(7) 0.38673(9) 0.67809(7)
C6_6 C 0.79652(7) 0.43100(9) 0.70348(7)
O4_6 O 0.94768(6) 0.25665(6) 0.68296(6)
C7_6 C 0.86526(7) 0.36526(7) 0.69985(9)
H3_6 H 0.8798 0.3798 0.7287
C8_6 C 0.88673(9) 0.32191(7) 0.67809(7)
C9_6 C 0.93100(9) 0.29652(7) 0.70348(7)
O6_6 O 0.94768(6) 0.31704(6) 0.74335(6)
O7_6 O 0.81704(6) 0.25665(6) 0.55232(6)
C10_10 C 0.69985(9) 0.36526(7) 0.86526(7)
H4_10 H 0.7287 0.3798 0.8798
C11_10 C 0.67809(7) 0.38673(9) 0.82191(7)
C12_10 C 0.70348(7) 0.43100(9) 0.79652(7)
O10_10 O 0.55232(6) 0.25665(6) 0.81704(6)
C13_10 C 0.63474(7) 0.36526(7) 0.80015(9)
H5_10 H 0.6202 0.3798 0.7713
C14_10 C 0.61327(9) 0.32191(7) 0.82191(7)
C15_10 C 0.56900(9) 0.29652(7) 0.79652(7)
O11_10 O 0.74335(6) 0.31704(6) 0.94768(6)
C16_10 C 0.63474(7) 0.30015(9) 0.86526(7)
H6_10 H 0.6202 0.2713 0.8798
C17_10 C 0.67809(7) 0.32191(7) 0.88673(9)
C18_10 C 0.70348(7) 0.29652(7) 0.93100(9)
O13_10 O 0.68296(6) 0.25665(6) 0.94768(6)
O14_10 O 0.74335(6) 0.44768(6) 0.81704(6)
C1_7 C 0.13474(7) 0.30015(9) 0.36526(7)
H1_7 H 0.1202 0.2713 0.3798
C2_7 C 0.17809(7) 0.32191(7) 0.38673(9)
C3_7 C 0.20348(7) 0.29652(7) 0.43100(9)
O3_7 O 0.18296(6) 0.44768(6) 0.25665(6)
C4_7 C 0.19985(9) 0.36526(7) 0.36526(7)
H2_7 H 0.2287 0.3798 0.3798
C5_7 C 0.17809(7) 0.38673(9) 0.32191(7)
C6_7 C 0.20348(7) 0.43100(9) 0.29652(7)
O4_7 O 0.05232(6) 0.25665(6) 0.31704(6)
C7_7 C 0.13474(7) 0.36526(7) 0.30015(9)
H3_7 H 0.1202 0.3798 0.2713
C8_7 C 0.11327(9) 0.32191(7) 0.32191(7)
C9_7 C 0.06900(9) 0.29652(7) 0.29652(7)
O6_7 O 0.05232(6) 0.31704(6) 0.25665(6)
O7_7 O 0.18296(6) 0.25665(6) 0.44768(6)
C10_11 C 0.30015(9) 0.36526(7) 0.13474(7)
H4_11 H 0.2713 0.3798 0.1202
C11_11 C 0.32191(7) 0.38673(9) 0.17809(7)
C12_11 C 0.29652(7) 0.43100(9) 0.20348(7)
O10_11 O 0.44768(6) 0.25665(6) 0.18296(6)
C13_11 C 0.36526(7) 0.36526(7) 0.19985(9)
H5_11 H 0.3798 0.3798 0.2287
C14_11 C 0.38673(9) 0.32191(7) 0.17809(7)
C15_11 C 0.43100(9) 0.29652(7) 0.20348(7)
O11_11 O 0.25665(6) 0.31704(6) 0.05232(6)
C16_11 C 0.36526(7) 0.30015(9) 0.13474(7)
H6_11 H 0.3798 0.2713 0.1202
C17_11 C 0.32191(7) 0.32191(7) 0.11327(9)
C18_11 C 0.29652(7) 0.29652(7) 0.06900(9)
O13_11 O 0.31704(6) 0.25665(6) 0.05232(6)
O14_11 O 0.25665(6) 0.44768(6) 0.18296(6)
C1_8 C 0.86526(7) 0.69985(9) 0.36526(7)
H1_8 H 0.8798 0.7287 0.3798
C2_8 C 0.82191(7) 0.67809(7) 0.38673(9)
C3_8 C 0.79652(7) 0.70348(7) 0.43100(9)
O3_8 O 0.81704(6) 0.55232(6) 0.25665(6)
C4_8 C 0.80015(9) 0.63474(7) 0.36526(7)
H2_8 H 0.7713 0.6202 0.3798
C5_8 C 0.82191(7) 0.61327(9) 0.32191(7)
C6_8 C 0.79652(7) 0.56900(9) 0.29652(7)
O4_8 O 0.94768(6) 0.74335(6) 0.31704(6)
C7_8 C 0.86526(7) 0.63474(7) 0.30015(9)
H3_8 H 0.8798 0.6202 0.2713
C8_8 C 0.88673(9) 0.67809(7) 0.32191(7)
C9_8 C 0.93100(9) 0.70348(7) 0.29652(7)
O6_8 O 0.94768(6) 0.68296(6) 0.25665(6)
O7_8 O 0.81704(6) 0.74335(6) 0.44768(6)
C10_12 C 0.69985(9) 0.63474(7) 0.13474(7)
H4_12 H 0.7287 0.6202 0.1202
C11_12 C 0.67809(7) 0.61327(9) 0.17809(7)
C12_12 C 0.70348(7) 0.56900(9) 0.20348(7)
O10_12 O 0.55232(6) 0.74335(6) 0.18296(6)
C13_12 C 0.63474(7) 0.63474(7) 0.19985(9)
H5_12 H 0.6202 0.6202 0.2287
C14_12 C 0.61327(9) 0.67809(7) 0.17809(7)
C15_12 C 0.56900(9) 0.70348(7) 0.20348(7)
O11_12 O 0.74335(6) 0.68296(6) 0.05232(6)
C16_12 C 0.63474(7) 0.69985(9) 0.13474(7)
H6_12 H 0.6202 0.7287 0.1202
C17_12 C 0.67809(7) 0.67809(7) 0.11327(9)
C18_12 C 0.70348(7) 0.70348(7) 0.06900(9)
O13_12 O 0.68296(6) 0.74335(6) 0.05232(6)
O14_12 O 0.74335(6) 0.55232(6) 0.18296(6)
C10_13 C 0.63474(7) 0.13474(7) 0.69985(9)
H4_13 H 0.6202 0.1202 0.7287
C11_13 C 0.61327(9) 0.17809(7) 0.67809(7)
C12_13 C 0.56900(9) 0.20348(7) 0.70348(7)
O10_13 O 0.74335(6) 0.18296(6) 0.55232(6)
C13_13 C 0.63474(7) 0.19985(9) 0.63474(7)
H5_13 H 0.6202 0.2287 0.6202
C14_13 C 0.67809(7) 0.17809(7) 0.61327(9)
C15_13 C 0.70348(7) 0.20348(7) 0.56900(9)
O11_13 O 0.68296(6) 0.05232(6) 0.74335(6)
C16_13 C 0.69985(9) 0.13474(7) 0.63474(7)
H6_13 H 0.7287 0.1202 0.6202
C17_13 C 0.67809(7) 0.11327(9) 0.67809(7)
C18_13 C 0.70348(7) 0.06900(9) 0.70348(7)
O13_13 O 0.74335(6) 0.05232(6) 0.68296(6)
O14_13 O 0.55232(6) 0.18296(6) 0.74335(6)
C10_14 C 0.36526(7) 0.13474(7) 0.30015(9)
H4_14 H 0.3798 0.1202 0.2713
C11_14 C 0.38673(9) 0.17809(7) 0.32191(7)
C12_14 C 0.43100(9) 0.20348(7) 0.29652(7)
O10_14 O 0.25665(6) 0.18296(6) 0.44768(6)
C13_14 C 0.36526(7) 0.19985(9) 0.36526(7)
H5_14 H 0.3798 0.2287 0.3798
C14_14 C 0.32191(7) 0.17809(7) 0.38673(9)
C15_14 C 0.29652(7) 0.20348(7) 0.43100(9)
O11_14 O 0.31704(6) 0.05232(6) 0.25665(6)
C16_14 C 0.30015(9) 0.13474(7) 0.36526(7)
H6_14 H 0.2713 0.1202 0.3798
C17_14 C 0.32191(7) 0.11327(9) 0.32191(7)
C18_14 C 0.29652(7) 0.06900(9) 0.29652(7)
O13_14 O 0.25665(6) 0.05232(6) 0.31704(6)
O14_14 O 0.44768(6) 0.18296(6) 0.25665(6)
C10_15 C 0.36526(7) 0.86526(7) 0.69985(9)
H4_15 H 0.3798 0.8798 0.7287
C11_15 C 0.38673(9) 0.82191(7) 0.67809(7)
C12_15 C 0.43100(9) 0.79652(7) 0.70348(7)
O10_15 O 0.25665(6) 0.81704(6) 0.55232(6)
C13_15 C 0.36526(7) 0.80015(9) 0.63474(7)
H5_15 H 0.3798 0.7713 0.6202
C14_15 C 0.32191(7) 0.82191(7) 0.61327(9)
C15_15 C 0.29652(7) 0.79652(7) 0.56900(9)
O11_15 O 0.31704(6) 0.94768(6) 0.74335(6)
C16_15 C 0.30015(9) 0.86526(7) 0.63474(7)
H6_15 H 0.2713 0.8798 0.6202
C17_15 C 0.32191(7) 0.88673(9) 0.67809(7)
C18_15 C 0.29652(7) 0.93100(9) 0.70348(7)
O13_15 O 0.25665(6) 0.94768(6) 0.68296(6)
O14_15 O 0.44768(6) 0.81704(6) 0.74335(6)
C10_16 C 0.63474(7) 0.86526(7) 0.30015(9)
H4_16 H 0.6202 0.8798 0.2713
C11_16 C 0.61327(9) 0.82191(7) 0.32191(7)
C12_16 C 0.56900(9) 0.79652(7) 0.29652(7)
O10_16 O 0.74335(6) 0.81704(6) 0.44768(6)
C13_16 C 0.63474(7) 0.80015(9) 0.36526(7)
H5_16 H 0.6202 0.7713 0.3798
C14_16 C 0.67809(7) 0.82191(7) 0.38673(9)
C15_16 C 0.70348(7) 0.79652(7) 0.43100(9)
O11_16 O 0.68296(6) 0.94768(6) 0.25665(6)
C16_16 C 0.69985(9) 0.86526(7) 0.36526(7)
H6_16 H 0.7287 0.8798 0.3798
C17_16 C 0.67809(7) 0.88673(9) 0.32191(7)
C18_16 C 0.70348(7) 0.93100(9) 0.29652(7)
O13_16 O 0.74335(6) 0.94768(6) 0.31704(6)
O14_16 O 0.55232(6) 0.81704(6) 0.25665(6)
O15_5 O 0.6569(2) -0.0000 0.8431(2)
O22_5 O 0.75665(6) 0.05232(6) 0.81704(6)
O2_5 O 0.6569(2) 0.8431(2) 0.0000
O17_5 O 0.75665(6) 0.81704(6) 0.05232(6)
O2_6 O 0.6569(2) 0.8431(2) 1.0000
O9_5 O 0.5000 0.8431(2) 0.8431(2)
O15_6 O 0.6569(2) 1.0000 0.8431(2)
O16_5 O 0.75665(6) 0.94768(6) 0.81704(6)
O23_5 O 0.75665(6) 0.81704(6) 0.94768(6)
O2_7 O 0.3431(2) 0.1569(2) 0.0000
O17_6 O 0.24335(6) 0.18296(6) 0.05232(6)
O2_8 O 0.3431(2) 0.1569(2) 1.0000
O9_6 O 0.5000 0.1569(2) 0.8431(2)
O15_7 O 0.3431(2) -0.0000 0.8431(2)
O16_6 O 0.24335(6) 0.05232(6) 0.81704(6)
O23_6 O 0.24335(6) 0.18296(6) 0.94768(6)
O15_8 O 0.3431(2) 1.0000 0.8431(2)
O22_6 O 0.24335(6) 0.94768(6) 0.81704(6)
O15_9 O 0.3431(2) -0.0000 0.1569(2)
O22_7 O 0.24335(6) 0.05232(6) 0.18296(6)
O2_9 O 0.3431(2) 0.8431(2) 0.0000
O9_7 O 0.5000 0.8431(2) 0.1569(2)
O15_10 O 0.3431(2) 1.0000 0.1569(2)
O16_7 O 0.24335(6) 0.94768(6) 0.18296(6)
O23_7 O 0.24335(6) 0.81704(6) 0.05232(6)
O2_10 O 0.3431(2) 0.8431(2) 1.0000
O17_7 O 0.24335(6) 0.81704(6) 0.94768(6)
O2_11 O 0.6569(2) 0.1569(2) 0.0000
O9_8 O 0.5000 0.1569(2) 0.1569(2)
O15_11 O 0.6569(2) -0.0000 0.1569(2)
O16_8 O 0.75665(6) 0.05232(6) 0.18296(6)
O23_8 O 0.75665(6) 0.18296(6) 0.05232(6)
O2_12 O 0.6569(2) 0.1569(2) 1.0000
O17_8 O 0.75665(6) 0.18296(6) 0.94768(6)
O15_12 O 0.6569(2) 1.0000 0.1569(2)
O22_8 O 0.75665(6) 0.94768(6) 0.18296(6)
C10_17 C 0.13474(7) 0.13474(7) 0.80015(9)
H4_17 H 0.1202 0.1202 0.7713
C11_17 C 0.17809(7) 0.11327(9) 0.82191(7)
C12_17 C 0.20348(7) 0.06900(9) 0.79652(7)
O10_17 O 0.18296(6) 0.24335(6) 0.94768(6)
C13_17 C 0.19985(9) 0.13474(7) 0.86526(7)
H5_17 H 0.2287 0.1202 0.8798
C14_17 C 0.17809(7) 0.17809(7) 0.88673(9)
C15_17 C 0.20348(7) 0.20348(7) 0.93100(9)
O11_17 O 0.05232(6) 0.18296(6) 0.75665(6)
C16_17 C 0.13474(7) 0.19985(9) 0.86526(7)
H6_17 H 0.1202 0.2287 0.8798
C17_17 C 0.11327(9) 0.17809(7) 0.82191(7)
C18_17 C 0.06900(9) 0.20348(7) 0.79652(7)
O13_17 O 0.05232(6) 0.24335(6) 0.81704(6)
O14_17 O 0.18296(6) 0.05232(6) 0.75665(6)
C10_18 C 0.13474(7) 0.86526(7) 0.19985(9)
H4_18 H 0.1202 0.8798 0.2287
C11_18 C 0.17809(7) 0.88673(9) 0.17809(7)
C12_18 C 0.20348(7) 0.93100(9) 0.20348(7)
O10_18 O 0.18296(6) 0.75665(6) 0.05232(6)
C13_18 C 0.19985(9) 0.86526(7) 0.13474(7)
H5_18 H 0.2287 0.8798 0.1202
C14_18 C 0.17809(7) 0.82191(7) 0.11327(9)
C15_18 C 0.20348(7) 0.79652(7) 0.06900(9)
O11_18 O 0.05232(6) 0.81704(6) 0.24335(6)
C16_18 C 0.13474(7) 0.80015(9) 0.13474(7)
H6_18 H 0.1202 0.7713 0.1202
C17_18 C 0.11327(9) 0.82191(7) 0.17809(7)
C18_18 C 0.06900(9) 0.79652(7) 0.20348(7)
O13_18 O 0.05232(6) 0.75665(6) 0.18296(6)
O14_18 O 0.18296(6) 0.94768(6) 0.24335(6)
C10_19 C 0.86526(7) 0.86526(7) 0.80015(9)
H4_19 H 0.8798 0.8798 0.7713
C11_19 C 0.82191(7) 0.88673(9) 0.82191(7)
C12_19 C 0.79652(7) 0.93100(9) 0.79652(7)
O10_19 O 0.81704(6) 0.75665(6) 0.94768(6)
C13_19 C 0.80015(9) 0.86526(7) 0.86526(7)
H5_19 H 0.7713 0.8798 0.8798
C14_19 C 0.82191(7) 0.82191(7) 0.88673(9)
C15_19 C 0.79652(7) 0.79652(7) 0.93100(9)
O11_19 O 0.94768(6) 0.81704(6) 0.75665(6)
C16_19 C 0.86526(7) 0.80015(9) 0.86526(7)
H6_19 H 0.8798 0.7713 0.8798
C17_19 C 0.88673(9) 0.82191(7) 0.82191(7)
C18_19 C 0.93100(9) 0.79652(7) 0.79652(7)
O13_19 O 0.94768(6) 0.75665(6) 0.81704(6)
O14_19 O 0.81704(6) 0.94768(6) 0.75665(6)
C10_20 C 0.86526(7) 0.13474(7) 0.19985(9)
H4_20 H 0.8798 0.1202 0.2287
C11_20 C 0.82191(7) 0.11327(9) 0.17809(7)
C12_20 C 0.79652(7) 0.06900(9) 0.20348(7)
O10_20 O 0.81704(6) 0.24335(6) 0.05232(6)
C13_20 C 0.80015(9) 0.13474(7) 0.13474(7)
H5_20 H 0.7713 0.1202 0.1202
C14_20 C 0.82191(7) 0.17809(7) 0.11327(9)
C15_20 C 0.79652(7) 0.20348(7) 0.06900(9)
O11_20 O 0.94768(6) 0.18296(6) 0.24335(6)
C16_20 C 0.86526(7) 0.19985(9) 0.13474(7)
H6_20 H 0.8798 0.2287 0.1202
C17_20 C 0.88673(9) 0.17809(7) 0.17809(7)
C18_20 C 0.93100(9) 0.20348(7) 0.20348(7)
O13_20 O 0.94768(6) 0.24335(6) 0.18296(6)
O14_20 O 0.81704(6) 0.05232(6) 0.24335(6)
C1_9 C 0.13474(7) 0.19985(9) 0.13474(7)
H1_9 H 0.1202 0.2287 0.1202
C2_9 C 0.17809(7) 0.17809(7) 0.11327(9)
C3_9 C 0.20348(7) 0.20348(7) 0.06900(9)
O3_9 O 0.18296(6) 0.05232(6) 0.24335(6)
C4_9 C 0.19985(9) 0.13474(7) 0.13474(7)
H2_9 H 0.2287 0.1202 0.1202
C5_9 C 0.17809(7) 0.11327(9) 0.17809(7)
C6_9 C 0.20348(7) 0.06900(9) 0.20348(7)
O4_9 O 0.05232(6) 0.24335(6) 0.18296(6)
C7_9 C 0.13474(7) 0.13474(7) 0.19985(9)
H3_9 H 0.1202 0.1202 0.2287
C8_9 C 0.11327(9) 0.17809(7) 0.17809(7)
C9_9 C 0.06900(9) 0.20348(7) 0.20348(7)
O6_9 O 0.05232(6) 0.18296(6) 0.24335(6)
O7_9 O 0.18296(6) 0.24335(6) 0.05232(6)
C1_10 C 0.86526(7) 0.80015(9) 0.13474(7)
H1_10 H 0.8798 0.7713 0.1202
C2_10 C 0.82191(7) 0.82191(7) 0.11327(9)
C3_10 C 0.79652(7) 0.79652(7) 0.06900(9)
O3_10 O 0.81704(6) 0.94768(6) 0.24335(6)
C4_10 C 0.80015(9) 0.86526(7) 0.13474(7)
H2_10 H 0.7713 0.8798 0.1202
C5_10 C 0.82191(7) 0.88673(9) 0.17809(7)
C6_10 C 0.79652(7) 0.93100(9) 0.20348(7)
O4_10 O 0.94768(6) 0.75665(6) 0.18296(6)
C7_10 C 0.86526(7) 0.86526(7) 0.19985(9)
H3_10 H 0.8798 0.8798 0.2287
C8_10 C 0.88673(9) 0.82191(7) 0.17809(7)
C9_10 C 0.93100(9) 0.79652(7) 0.20348(7)
O6_10 O 0.94768(6) 0.81704(6) 0.24335(6)
O7_10 O 0.81704(6) 0.75665(6) 0.05232(6)
C1_11 C 0.13474(7) 0.80015(9) 0.86526(7)
H1_11 H 0.1202 0.7713 0.8798
C2_11 C 0.17809(7) 0.82191(7) 0.88673(9)
C3_11 C 0.20348(7) 0.79652(7) 0.93100(9)
O3_11 O 0.18296(6) 0.94768(6) 0.75665(6)
C4_11 C 0.19985(9) 0.86526(7) 0.86526(7)
H2_11 H 0.2287 0.8798 0.8798
C5_11 C 0.17809(7) 0.88673(9) 0.82191(7)
C6_11 C 0.20348(7) 0.93100(9) 0.79652(7)
O4_11 O 0.05232(6) 0.75665(6) 0.81704(6)
C7_11 C 0.13474(7) 0.86526(7) 0.80015(9)
H3_11 H 0.1202 0.8798 0.7713
C8_11 C 0.11327(9) 0.82191(7) 0.82191(7)
C9_11 C 0.06900(9) 0.79652(7) 0.79652(7)
O6_11 O 0.05232(6) 0.81704(6) 0.75665(6)
O7_11 O 0.18296(6) 0.75665(6) 0.94768(6)
C1_12 C 0.86526(7) 0.19985(9) 0.86526(7)
H1_12 H 0.8798 0.2287 0.8798
C2_12 C 0.82191(7) 0.17809(7) 0.88673(9)
C3_12 C 0.79652(7) 0.20348(7) 0.93100(9)
O3_12 O 0.81704(6) 0.05232(6) 0.75665(6)
C4_12 C 0.80015(9) 0.13474(7) 0.86526(7)
H2_12 H 0.7713 0.1202 0.8798
C5_12 C 0.82191(7) 0.11327(9) 0.82191(7)
C6_12 C 0.79652(7) 0.06900(9) 0.79652(7)
O4_12 O 0.94768(6) 0.24335(6) 0.81704(6)
C7_12 C 0.86526(7) 0.13474(7) 0.80015(9)
H3_12 H 0.8798 0.1202 0.7713
C8_12 C 0.88673(9) 0.17809(7) 0.82191(7)
C9_12 C 0.93100(9) 0.20348(7) 0.79652(7)
O6_12 O 0.94768(6) 0.18296(6) 0.75665(6)
O7_12 O 0.81704(6) 0.24335(6) 0.94768(6)
O2_13 O 0.1569(2) 0.3431(2) 0.0000
O2_14 O 0.1569(2) 0.3431(2) 1.0000
O9_9 O -0.0000 0.3431(2) 0.8431(2)
O15_13 O 0.1569(2) 0.5000 0.8431(2)
O9_10 O 1.0000 0.3431(2) 0.8431(2)
O9_11 O 0.0000 0.6569(2) 0.8431(2)
O2_15 O 0.8431(2) 0.6569(2) 0.0000
O2_16 O 0.8431(2) 0.6569(2) 1.0000
O9_12 O 1.0000 0.6569(2) 0.8431(2)
O15_14 O 0.8431(2) 0.5000 0.8431(2)
O9_13 O 0.0000 0.3431(2) 0.1569(2)
O2_17 O 0.8431(2) 0.3431(2) 0.0000
O9_14 O 1.0000 0.3431(2) 0.1569(2)
O15_15 O 0.8431(2) 0.5000 0.1569(2)
O2_18 O 0.8431(2) 0.3431(2) 1.0000
O2_19 O 0.1569(2) 0.6569(2) 0.0000
O9_15 O 0.0000 0.6569(2) 0.1569(2)
O15_16 O 0.1569(2) 0.5000 0.1569(2)
O2_20 O 0.1569(2) 0.6569(2) 1.0000
O9_16 O 1.0000 0.6569(2) 0.1569(2)
O15_17 O 0.1569(2) 0.0000 0.3431(2)
O2_21 O 0.1569(2) 0.8431(2) 0.5000
O9_17 O -0.0000 0.8431(2) 0.3431(2)
O15_18 O 0.1569(2) 1.0000 0.3431(2)
O9_18 O 1.0000 0.8431(2) 0.3431(2)
O9_19 O -0.0000 0.1569(2) 0.3431(2)
O2_22 O 0.8431(2) 0.1569(2) 0.5000
O9_20 O 1.0000 0.1569(2) 0.3431(2)
O15_19 O 0.8431(2) 0.0000 0.3431(2)
O15_20 O 0.8431(2) 1.0000 0.3431(2)
O9_21 O 0.0000 0.8431(2) 0.6569(2)
O15_21 O 0.8431(2) 0.0000 0.6569(2)
O2_23 O 0.8431(2) 0.8431(2) 0.5000
O9_22 O 1.0000 0.8431(2) 0.6569(2)
O15_22 O 0.8431(2) 1.0000 0.6569(2)
O2_24 O 0.1569(2) 0.1569(2) 0.5000
O9_23 O 0.0000 0.1569(2) 0.6569(2)
O15_23 O 0.1569(2) 0.0000 0.6569(2)
O15_24 O 0.1569(2) 1.0000 0.6569(2)
O9_24 O 1.0000 0.1569(2) 0.6569(2)
loop_
_geom_bond_atom_site_label_1
_geom_bond_atom_site_label_2
_geom_bond_site_symmetry_1
_geom_bond_site_symmetry_2
Cu1 O1 1_555 1_555
O1 C3 1_555 1_555
C1 H1 1_555 1_555
C2 C1 1_555 1_555
C3 C2 1_555 1_555
O2 Cu1 1_555 1_555
O3 C6 1_555 1_555
C4 C2 1_555 1_555
H2 C4 1_555 1_555
C5 C4 1_555 1_555
C6 C5 1_555 1_555
O4 C9 1_555 1_555
C7 C5 1_555 1_555
H3 C7 1_555 1_555
C8 C1 1_555 1_555
C9 C8 1_555 1_555
O5 C6 1_555 1_555
O6 C9 1_555 1_555
O7 C3 1_555 1_555
Cu2 O5 1_555 1_555
O8 Cu2 1_555 1_555
C10 H4 1_555 1_555
C11 C10 1_555 1_555
C12 O8 1_555 1_555
O9 Cu2 1_555 1_555
O10 C15 1_555 1_555
C13 C11 1_555 1_555
H5 C13 1_555 1_555
C14 C13 1_555 1_555
C15 C14 1_555 1_555
O11 C18 1_555 1_555
C16 C14 1_555 1_555
H6 C16 1_555 1_555
C17 C10 1_555 1_555
C18 C17 1_555 1_555
O12 C15 1_555 1_555
O13 C18 1_555 1_555
O14 C12 1_555 1_555
Cu3 O12 1_555 1_555
O15 Cu3 1_555 1_555
Cu4 O11 1_555 1_555
Cu5 O3 1_555 1_555
Cu6 O6 1_555 1_555
Cu7 O13 1_555 1_555
Cu8 O10 1_555 1_555
Cu9 O7 1_555 1_555
Cu10 O4 1_555 1_555
O16 Cu3 1_555 1_555
O17 Cu1 1_555 1_555
O18 Cu3 1_555 1_555
O19 Cu2 1_555 1_555
O20 Cu1 1_555 1_555
O21 Cu2 1_555 1_555
O22 Cu3 1_555 1_555
O23 Cu1 1_555 1_555
C7 C8 1_555 1_555
C11 C12 1_555 1_555
C16 C17 1_555 1_555
O14 Cu5 1_555 1_555
Cu1_2 O1_2 1_555 1_555
O1_2 C3_2 1_555 1_555
C1_2 H1_2 1_555 1_555
C2_2 C1_2 1_555 1_555
C3_2 C2_2 1_555 1_555
O2_2 Cu1_2 1_555 1_555
O3_2 C6_2 1_555 1_555
C4_2 C2_2 1_555 1_555
H2_2 C4_2 1_555 1_555
C5_2 C4_2 1_555 1_555
C6_2 C5_2 1_555 1_555
O4_2 C9_2 1_555 1_555
C7_2 C5_2 1_555 1_555
H3_2 C7_2 1_555 1_555
C8_2 C1_2 1_555 1_555
C9_2 C8_2 1_555 1_555
O5_2 C6_2 1_555 1_555
O6_2 C9_2 1_555 1_555
O7_2 C3_2 1_555 1_555
Cu2_2 O5_2 1_555 1_555
O8_2 Cu2_2 1_555 1_555
C10_2 H4_2 1_555 1_555
C11_2 C10_2 1_555 1_555
C12_2 O8_2 1_555 1_555
O9_2 Cu2_2 1_555 1_555
O10_2 C15_2 1_555 1_555
C13_2 C11_2 1_555 1_555
H5_2 C13_2 1_555 1_555
C14_2 C13_2 1_555 1_555
C15_2 C14_2 1_555 1_555
O11_2 C18_2 1_555 1_555
C16_2 C14_2 1_555 1_555
H6_2 C16_2 1_555 1_555
C17_2 C10_2 1_555 1_555
C18_2 C17_2 1_555 1_555
O12_2 C15_2 1_555 1_555
O13_2 C18_2 1_555 1_555
O14_2 C12_2 1_555 1_555
Cu3_2 O12_2 1_555 1_555
O15_2 Cu3_2 1_555 1_555
Cu4_3 O11_2 1_555 1_555
Cu5_2 O3_2 1_555 1_555
Cu6_4 O6_2 1_555 1_555
Cu7_3 O13_2 1_555 1_555
Cu8_2 O10_2 1_555 1_555
Cu9_2 O7_2 1_555 1_555
Cu10_4 O4_2 1_555 1_555
O16_2 Cu3_2 1_555 1_555
O17_2 Cu1_2 1_555 1_555
O18_2 Cu3_2 1_555 1_555
O19_2 Cu2_2 1_555 1_555
O20_2 Cu1_2 1_555 1_555
O21_2 Cu2_2 1_555 1_555
O22_2 Cu3_2 1_555 1_555
O23_2 Cu1_2 1_555 1_555
C7_2 C8_2 1_555 1_555
C11_2 C12_2 1_555 1_555
C16_2 C17_2 1_555 1_555
O14_2 Cu5_2 1_555 1_555
Cu1_3 O1_3 1_555 1_555
O1_3 C3_3 1_555 1_555
C1_3 H1_3 1_555 1_555
C2_3 C1_3 1_555 1_555
C3_3 C2_3 1_555 1_555
O2_3 Cu1_3 1_555 1_555
O3_3 C6_3 1_555 1_555
C4_3 C2_3 1_555 1_555
H2_3 C4_3 1_555 1_555
C5_3 C4_3 1_555 1_555
C6_3 C5_3 1_555 1_555
O4_3 C9_3 1_555 1_555
C7_3 C5_3 1_555 1_555
H3_3 C7_3 1_555 1_555
C8_3 C1_3 1_555 1_555
C9_3 C8_3 1_555 1_555
O5_3 C6_3 1_555 1_555
O6_3 C9_3 1_555 1_555
O7_3 C3_3 1_555 1_555
Cu2_3 O5_3 1_555 1_555
O8_3 Cu2_3 1_555 1_555
C10_3 H4_3 1_555 1_555
C11_3 C10_3 1_555 1_555
C12_3 O8_3 1_555 1_555
O9_3 Cu2_3 1_555 1_555
O10_3 C15_3 1_555 1_555
C13_3 C11_3 1_555 1_555
H5_3 C13_3 1_555 1_555
C14_3 C13_3 1_555 1_555
C15_3 C14_3 1_555 1_555
O11_3 C18_3 1_555 1_555
C16_3 C14_3 1_555 1_555
H6_3 C16_3 1_555 1_555
C17_3 C10_3 1_555 1_555
C18_3 C17_3 1_555 1_555
O12_3 C15_3 1_555 1_555
O13_3 C18_3 1_555 1_555
O14_3 C12_3 1_555 1_555
Cu3_3 O12_3 1_555 1_555
O15_3 Cu3_3 1_555 1_555
Cu4_6 O11_3 1_555 1_555
Cu5_3 O3_3 1_555 1_555
Cu6_5 O6_3 1_555 1_555
Cu7_6 O13_3 1_555 1_555
Cu8_3 O10_3 1_555 1_555
Cu9_3 O7_3 1_555 1_555
Cu10_5 O4_3 1_555 1_555
O16_3 Cu3_3 1_555 1_555
O17_3 Cu1_3 1_555 1_555
O18_3 Cu3_3 1_555 1_555
O19_3 Cu2_3 1_555 1_555
O20_3 Cu1_3 1_555 1_555
O21_3 Cu2_3 1_555 1_555
O22_3 Cu3_3 1_555 1_555
O23_3 Cu1_3 1_555 1_555
C7_3 C8_3 1_555 1_555
C11_3 C12_3 1_555 1_555
C16_3 C17_3 1_555 1_555
O14_3 Cu5_3 1_555 1_555
Cu1_4 O1_4 1_555 1_555
O1_4 C3_4 1_555 1_555
C1_4 H1_4 1_555 1_555
C2_4 C1_4 1_555 1_555
C3_4 C2_4 1_555 1_555
O2_4 Cu1_4 1_555 1_555
O3_4 C6_4 1_555 1_555
C4_4 C2_4 1_555 1_555
H2_4 C4_4 1_555 1_555
C5_4 C4_4 1_555 1_555
C6_4 C5_4 1_555 1_555
O4_4 C9_4 1_555 1_555
C7_4 C5_4 1_555 1_555
H3_4 C7_4 1_555 1_555
C8_4 C1_4 1_555 1_555
C9_4 C8_4 1_555 1_555
O5_4 C6_4 1_555 1_555
O6_4 C9_4 1_555 1_555
O7_4 C3_4 1_555 1_555
Cu2_4 O5_4 1_555 1_555
O8_4 Cu2_4 1_555 1_555
C10_4 H4_4 1_555 1_555
C11_4 C10_4 1_555 1_555
C12_4 O8_4 1_555 1_555
O9_4 Cu2_4 1_555 1_555
O10_4 C15_4 1_555 1_555
C13_4 C11_4 1_555 1_555
H5_4 C13_4 1_555 1_555
C14_4 C13_4 1_555 1_555
C15_4 C14_4 1_555 1_555
O11_4 C18_4 1_555 1_555
C16_4 C14_4 1_555 1_555
H6_4 C16_4 1_555 1_555
C17_4 C10_4 1_555 1_555
C18_4 C17_4 1_555 1_555
O12_4 C15_4 1_555 1_555
O13_4 C18_4 1_555 1_555
O14_4 C12_4 1_555 1_555
Cu3_4 O12_4 1_555 1_555
O15_4 Cu3_4 1_555 1_555
Cu4_8 O11_4 1_555 1_555
Cu5_4 O3_4 1_555 1_555
Cu6_8 O6_4 1_555 1_555
Cu7_8 O13_4 1_555 1_555
Cu8_4 O10_4 1_555 1_555
Cu9_4 O7_4 1_555 1_555
Cu10_8 O4_4 1_555 1_555
O16_4 Cu3_4 1_555 1_555
O17_4 Cu1_4 1_555 1_555
O18_4 Cu3_4 1_555 1_555
O19_4 Cu2_4 1_555 1_555
O20_4 Cu1_4 1_555 1_555
O21_4 Cu2_4 1_555 1_555
O22_4 Cu3_4 1_555 1_555
O23_4 Cu1_4 1_555 1_555
C7_4 C8_4 1_555 1_555
C11_4 C12_4 1_555 1_555
C16_4 C17_4 1_555 1_555
O14_4 Cu5_4 1_555 1_555
C10_5 H4_5 1_555 1_555
C11_5 C10_5 1_555 1_555
C12_5 O16_2 1_555 1_555
O10_5 C15_5 1_555 1_555
C13_5 C11_5 1_555 1_555
H5_5 C13_5 1_555 1_555
C14_5 C13_5 1_555 1_555
C15_5 C14_5 1_555 1_555
O11_5 C18_5 1_555 1_555
C16_5 C14_5 1_555 1_555
H6_5 C16_5 1_555 1_555
C17_5 C10_5 1_555 1_555
C18_5 C17_5 1_555 1_555
O23_2 C15_5 1_555 1_555
O13_5 C18_5 1_555 1_555
O14_5 C12_5 1_555 1_555
Cu4_9 O11_5 1_555 1_555
Cu7_9 O13_5 1_555 1_555
Cu9_2 O10_5 1_555 1_555
C11_5 C12_5 1_555 1_555
C16_5 C17_5 1_555 1_555
O14_5 Cu8_2 1_555 1_555
C10_6 H4_6 1_555 1_555
C11_6 C10_6 1_555 1_555
C12_6 O16_3 1_555 1_555
O10_6 C15_6 1_555 1_555
C13_6 C11_6 1_555 1_555
H5_6 C13_6 1_555 1_555
C14_6 C13_6 1_555 1_555
C15_6 C14_6 1_555 1_555
O11_6 C18_6 1_555 1_555
C16_6 C14_6 1_555 1_555
H6_6 C16_6 1_555 1_555
C17_6 C10_6 1_555 1_555
C18_6 C17_6 1_555 1_555
O23_3 C15_6 1_555 1_555
O13_6 C18_6 1_555 1_555
O14_6 C12_6 1_555 1_555
Cu4_11 O11_6 1_555 1_555
Cu7_11 O13_6 1_555 1_555
Cu9_3 O10_6 1_555 1_555
C11_6 C12_6 1_555 1_555
C16_6 C17_6 1_555 1_555
O14_6 Cu8_3 1_555 1_555
C10_7 H4_7 1_555 1_555
C11_7 C10_7 1_555 1_555
C12_7 O16 1_555 1_555
O10_7 C15_7 1_555 1_555
C13_7 C11_7 1_555 1_555
H5_7 C13_7 1_555 1_555
C14_7 C13_7 1_555 1_555
C15_7 C14_7 1_555 1_555
O11_7 C18_7 1_555 1_555
C16_7 C14_7 1_555 1_555
H6_7 C16_7 1_555 1_555
C17_7 C10_7 1_555 1_555
C18_7 C17_7 1_555 1_555
O23 C15_7 1_555 1_555
O13_7 C18_7 1_555 1_555
O14_7 C12_7 1_555 1_555
Cu4_14 O11_7 1_555 1_555
Cu7_14 O13_7 1_555 1_555
Cu9 O10_7 1_555 1_555
C11_7 C12_7 1_555 1_555
C16_7 C17_7 1_555 1_555
O14_7 Cu8 1_555 1_555
C10_8 H4_8 1_555 1_555
C11_8 C10_8 1_555 1_555
C12_8 O16_4 1_555 1_555
O10_8 C15_8 1_555 1_555
C13_8 C11_8 1_555 1_555
H5_8 C13_8 1_555 1_555
C14_8 C13_8 1_555 1_555
C15_8 C14_8 1_555 1_555
O11_8 C18_8 1_555 1_555
C16_8 C14_8 1_555 1_555
H6_8 C16_8 1_555 1_555
C17_8 C10_8 1_555 1_555
C18_8 C17_8 1_555 1_555
O23_4 C15_8 1_555 1_555
O13_8 C18_8 1_555 1_555
O14_8 C12_8 1_555 1_555
Cu4_16 O11_8 1_555 1_555
Cu7_16 O13_8 1_555 1_555
Cu9_4 O10_8 1_555 1_555
C11_8 C12_8 1_555 1_555
C16_8 C17_8 1_555 1_555
O14_8 Cu8_4 1_555 1_555
O17_2 C3_5 1_555 1_555
C1_5 H1_5 1_555 1_555
C2_5 C1_5 1_555 1_555
C3_5 C2_5 1_555 1_555
O3_5 C6_5 1_555 1_555
C4_5 C2_5 1_555 1_555
H2_5 C4_5 1_555 1_555
C5_5 C4_5 1_555 1_555
C6_5 C5_5 1_555 1_555
O4_5 C9_5 1_555 1_555
C7_5 C5_5 1_555 1_555
H3_5 C7_5 1_555 1_555
C8_5 C1_5 1_555 1_555
C9_5 C8_5 1_555 1_555
O22_3 C6_5 1_555 1_555
O6_5 C9_5 1_555 1_555
O7_5 C3_5 1_555 1_555
C10_9 H4_9 1_555 1_555
C11_9 C10_9 1_555 1_555
C12_9 O18_3 1_555 1_555
O10_9 C15_9 1_555 1_555
C13_9 C11_9 1_555 1_555
H5_9 C13_9 1_555 1_555
C14_9 C13_9 1_555 1_555
C15_9 C14_9 1_555 1_555
O11_9 C18_9 1_555 1_555
C16_9 C14_9 1_555 1_555
H6_9 C16_9 1_555 1_555
C17_9 C10_9 1_555 1_555
C18_9 C17_9 1_555 1_555
O21_4 C15_9 1_555 1_555
O13_9 C18_9 1_555 1_555
O14_9 C12_9 1_555 1_555
Cu7_4 O11_9 1_555 1_555
Cu8_3 O3_5 1_555 1_555
Cu4_15 O6_5 1_555 1_555
Cu4_4 O13_9 1_555 1_555
Cu5_4 O10_9 1_555 1_555
Cu9_2 O7_5 1_555 1_555
Cu7_15 O4_5 1_555 1_555
C7_5 C8_5 1_555 1_555
C11_9 C12_9 1_555 1_555
C16_9 C17_9 1_555 1_555
O14_9 Cu8_3 1_555 1_555
O17 C3_6 1_555 1_555
C1_6 H1_6 1_555 1_555
C2_6 C1_6 1_555 1_555
C3_6 C2_6 1_555 1_555
O3_6 C6_6 1_555 1_555
C4_6 C2_6 1_555 1_555
H2_6 C4_6 1_555 1_555
C5_6 C4_6 1_555 1_555
C6_6 C5_6 1_555 1_555
O4_6 C9_6 1_555 1_555
C7_6 C5_6 1_555 1_555
H3_6 C7_6 1_555 1_555
C8_6 C1_6 1_555 1_555
C9_6 C8_6 1_555 1_555
O22_4 C6_6 1_555 1_555
O6_6 C9_6 1_555 1_555
O7_6 C3_6 1_555 1_555
C10_10 H4_10 1_555 1_555
C11_10 C10_10 1_555 1_555
C12_10 O18_4 1_555 1_555
O10_10 C15_10 1_555 1_555
C13_10 C11_10 1_555 1_555
H5_10 C13_10 1_555 1_555
C14_10 C13_10 1_555 1_555
C15_10 C14_10 1_555 1_555
O11_10 C18_10 1_555 1_555
C16_10 C14_10 1_555 1_555
H6_10 C16_10 1_555 1_555
C17_10 C10_10 1_555 1_555
C18_10 C17_10 1_555 1_555
O21_3 C15_10 1_555 1_555
O13_10 C18_10 1_555 1_555
O14_10 C12_10 1_555 1_555
Cu7_2 O11_10 1_555 1_555
Cu8_4 O3_6 1_555 1_555
Cu4_12 O6_6 1_555 1_555
Cu4_2 O13_10 1_555 1_555
Cu5_3 O10_10 1_555 1_555
Cu9 O7_6 1_555 1_555
Cu7_12 O4_6 1_555 1_555
C7_6 C8_6 1_555 1_555
C11_10 C12_10 1_555 1_555
C16_10 C17_10 1_555 1_555
O14_10 Cu8_4 1_555 1_555
O17_3 C3_7 1_555 1_555
C1_7 H1_7 1_555 1_555
C2_7 C1_7 1_555 1_555
C3_7 C2_7 1_555 1_555
O3_7 C6_7 1_555 1_555
C4_7 C2_7 1_555 1_555
H2_7 C4_7 1_555 1_555
C5_7 C4_7 1_555 1_555
C6_7 C5_7 1_555 1_555
O4_7 C9_7 1_555 1_555
C7_7 C5_7 1_555 1_555
H3_7 C7_7 1_555 1_555
C8_7 C1_7 1_555 1_555
C9_7 C8_7 1_555 1_555
O22_2 C6_7 1_555 1_555
O6_7 C9_7 1_555 1_555
O7_7 C3_7 1_555 1_555
C10_11 H4_11 1_555 1_555
C11_11 C10_11 1_555 1_555
C12_11 O18_2 1_555 1_555
O10_11 C15_11 1_555 1_555
C13_11 C11_11 1_555 1_555
H5_11 C13_11 1_555 1_555
C14_11 C13_11 1_555 1_555
C15_11 C14_11 1_555 1_555
O11_11 C18_11 1_555 1_555
C16_11 C14_11 1_555 1_555
H6_11 C16_11 1_555 1_555
C17_11 C10_11 1_555 1_555
C18_11 C17_11 1_555 1_555
O21 C15_11 1_555 1_555
O13_11 C18_11 1_555 1_555
O14_11 C12_11 1_555 1_555
Cu7_5 O11_11 1_555 1_555
Cu8_2 O3_7 1_555 1_555
Cu4_13 O6_7 1_555 1_555
Cu4_5 O13_11 1_555 1_555
Cu5 O10_11 1_555 1_555
Cu9_3 O7_7 1_555 1_555
Cu7_13 O4_7 1_555 1_555
C7_7 C8_7 1_555 1_555
C11_11 C12_11 1_555 1_555
