
###############################################################################
#
# This file contains modified crystal structure data generated from the
# MOF subset of the Cambridge Structural Database (CSD) v543 
# hosted by the Cambridge Crystallographic Data Centre (CCDC).
#
# This work is licensed under the Creative Commons
# Attribution-NonCommercial-ShareAlike 4.0 International License.
# To view a copy of this license, visit
# http://creativecommons.org/licenses/by-nc-sa/4.0/
# or send a letter to
# Creative Commons, PO Box 1866, Mountain View, CA 94042, USA.
#
# CIF created using the CSD Python API on 29 September 2022
# The structure has been converted into the P1 space group
# The structure has a 3D framework
# The original CSD entry ISOLIO is in the cubic crystal system
# The framework has been calculated to contain at least 10.0% void space
# The void calculation uses a probe of radius 1.32A, grid spacing 0.4
# The framework is charged, counterions have been retained in the structure
#
###############################################################################

data_ISOLIO
_chemical_formula_moiety         '(C3456 H3072 Ag192 B160 F640 N576 P192 32+)n'
_symmetry_cell_setting           triclinic
_symmetry_space_group_name_H-M   'P 1'
_symmetry_Int_Tables_number      1
_space_group_name_Hall           'P 1'
loop_
_symmetry_equiv_pos_site_id
_symmetry_equiv_pos_as_xyz
1 x,y,z
_cell_length_a                   49.0448(5)
_cell_length_b                   49.0448(5)
_cell_length_c                   49.0448(5)
_cell_angle_alpha                90
_cell_angle_beta                 90
_cell_angle_gamma                90
_cell_volume                     117972
loop_
_atom_site_label
_atom_site_type_symbol
_atom_site_fract_x
_atom_site_fract_y
_atom_site_fract_z
B1 B 0.375000 0.375000 0.56679(19)
F1 F 0.35433(9) 0.36603(10) 0.58242(11)
F2 F 0.36604(12) 0.39568(9) 0.55148(12)
F3 F 0.39567(9) 0.38397(10) 0.58242(11)
F4 F 0.38396(12) 0.35432(9) 0.55148(12)
B1_2 B 0.875000 0.375000 0.06679(19)
F1_2 F 0.89567(9) 0.38397(10) 0.08242(11)
F2_2 F 0.88396(12) 0.35432(9) 0.05148(12)
F3_2 F 0.85433(9) 0.36603(10) 0.08242(11)
F4_2 F 0.86604(12) 0.39568(9) 0.05148(12)
B1_3 B 0.375000 0.875000 0.68321(19)
F1_3 F 0.39567(9) 0.86603(10) 0.66758(11)
F2_3 F 0.38396(12) 0.89568(9) 0.69852(12)
F3_3 F 0.35433(9) 0.88397(10) 0.66758(11)
F4_3 F 0.36604(12) 0.85432(9) 0.69852(12)
B1_4 B 0.875000 0.875000 0.18321(19)
F1_4 F 0.85433(9) 0.88397(10) 0.16758(11)
F2_4 F 0.86604(12) 0.85432(9) 0.19852(12)
F3_4 F 0.89567(9) 0.86603(10) 0.16758(11)
F4_4 F 0.88396(12) 0.89568(9) 0.19852(12)
B1_5 B 0.56679(19) 0.375000 0.375000
F1_5 F 0.58242(11) 0.35433(9) 0.36603(10)
F2_5 F 0.55148(12) 0.36604(12) 0.39568(9)
F3_5 F 0.58242(11) 0.39567(9) 0.38397(10)
F4_5 F 0.55148(12) 0.38396(12) 0.35432(9)
B1_6 B 0.06679(19) 0.875000 0.375000
F1_6 F 0.08242(11) 0.89567(9) 0.38397(10)
F2_6 F 0.05148(12) 0.88396(12) 0.35432(9)
F3_6 F 0.08242(11) 0.85433(9) 0.36603(10)
F4_6 F 0.05148(12) 0.86604(12) 0.39568(9)
B1_7 B 0.68321(19) 0.375000 0.875000
F1_7 F 0.66758(11) 0.39567(9) 0.86603(10)
F2_7 F 0.69852(12) 0.38396(12) 0.89568(9)
F3_7 F 0.66758(11) 0.35433(9) 0.88397(10)
F4_7 F 0.69852(12) 0.36604(12) 0.85432(9)
B1_8 B 0.18321(19) 0.875000 0.875000
F1_8 F 0.16758(11) 0.85433(9) 0.88397(10)
F2_8 F 0.19852(12) 0.86604(12) 0.85432(9)
F3_8 F 0.16758(11) 0.89567(9) 0.86603(10)
F4_8 F 0.19852(12) 0.88396(12) 0.89568(9)
B1_9 B 0.375000 0.56679(19) 0.375000
F1_9 F 0.36603(10) 0.58242(11) 0.35433(9)
F2_9 F 0.39568(9) 0.55148(12) 0.36604(12)
F3_9 F 0.38397(10) 0.58242(11) 0.39567(9)
F4_9 F 0.35432(9) 0.55148(12) 0.38396(12)
B1_10 B 0.375000 0.06679(19) 0.875000
F1_10 F 0.38397(10) 0.08242(11) 0.89567(9)
F2_10 F 0.35432(9) 0.05148(12) 0.88396(12)
F3_10 F 0.36603(10) 0.08242(11) 0.85433(9)
F4_10 F 0.39568(9) 0.05148(12) 0.86604(12)
B1_11 B 0.875000 0.68321(19) 0.375000
F1_11 F 0.86603(10) 0.66758(11) 0.39567(9)
F2_11 F 0.89568(9) 0.69852(12) 0.38396(12)
F3_11 F 0.88397(10) 0.66758(11) 0.35433(9)
F4_11 F 0.85432(9) 0.69852(12) 0.36604(12)
B1_12 B 0.875000 0.18321(19) 0.875000
F1_12 F 0.88397(10) 0.16758(11) 0.85433(9)
F2_12 F 0.85432(9) 0.19852(12) 0.86604(12)
F3_12 F 0.86603(10) 0.16758(11) 0.89567(9)
F4_12 F 0.89568(9) 0.19852(12) 0.88396(12)
B1_13 B 0.125000 0.625000 0.43321(19)
F1_13 F 0.11603(10) 0.60433(9) 0.41758(11)
F2_13 F 0.14568(9) 0.61604(12) 0.44852(12)
F3_13 F 0.13397(10) 0.64567(9) 0.41758(11)
F4_13 F 0.10432(9) 0.63396(12) 0.44852(12)
B1_14 B 0.125000 0.125000 0.93321(19)
F1_14 F 0.13397(10) 0.14567(9) 0.91758(11)
F2_14 F 0.10432(9) 0.13396(12) 0.94852(12)
F3_14 F 0.11603(10) 0.10433(9) 0.91758(11)
F4_14 F 0.14568(9) 0.11604(12) 0.94852(12)
B1_15 B 0.625000 0.625000 0.31679(19)
F1_15 F 0.61603(10) 0.64567(9) 0.33242(11)
F2_15 F 0.64568(9) 0.63396(12) 0.30148(12)
F3_15 F 0.63397(10) 0.60433(9) 0.33242(11)
F4_15 F 0.60432(9) 0.61604(12) 0.30148(12)
B1_16 B 0.625000 0.125000 0.81679(19)
F1_16 F 0.63397(10) 0.10433(9) 0.83242(11)
F2_16 F 0.60432(9) 0.11604(12) 0.80148(12)
F3_16 F 0.61603(10) 0.14567(9) 0.83242(11)
F4_16 F 0.64568(9) 0.13396(12) 0.80148(12)
B1_17 B 0.125000 0.81679(19) 0.625000
F1_17 F 0.10433(9) 0.83242(11) 0.63397(10)
F2_17 F 0.11604(12) 0.80148(12) 0.60432(9)
F3_17 F 0.14567(9) 0.83242(11) 0.61603(10)
F4_17 F 0.13396(12) 0.80148(12) 0.64568(9)
B1_18 B 0.625000 0.31679(19) 0.625000
F1_18 F 0.64567(9) 0.33242(11) 0.61603(10)
F2_18 F 0.63396(12) 0.30148(12) 0.64568(9)
F3_18 F 0.60433(9) 0.33242(11) 0.63397(10)
F4_18 F 0.61604(12) 0.30148(12) 0.60432(9)
B1_19 B 0.125000 0.93321(19) 0.125000
F1_19 F 0.14567(9) 0.91758(11) 0.13397(10)
F2_19 F 0.13396(12) 0.94852(12) 0.10432(9)
F3_19 F 0.10433(9) 0.91758(11) 0.11603(10)
F4_19 F 0.11604(12) 0.94852(12) 0.14568(9)
B1_20 B 0.625000 0.43321(19) 0.125000
F1_20 F 0.60433(9) 0.41758(11) 0.11603(10)
F2_20 F 0.61604(12) 0.44852(12) 0.14568(9)
F3_20 F 0.64567(9) 0.41758(11) 0.13397(10)
F4_20 F 0.63396(12) 0.44852(12) 0.10432(9)
B1_21 B 0.31679(19) 0.625000 0.625000
F1_21 F 0.33242(11) 0.61603(10) 0.64567(9)
F2_21 F 0.30148(12) 0.64568(9) 0.63396(12)
F3_21 F 0.33242(11) 0.63397(10) 0.60433(9)
F4_21 F 0.30148(12) 0.60432(9) 0.61604(12)
B1_22 B 0.81679(19) 0.625000 0.125000
F1_22 F 0.83242(11) 0.63397(10) 0.10433(9)
F2_22 F 0.80148(12) 0.60432(9) 0.11604(12)
F3_22 F 0.83242(11) 0.61603(10) 0.14567(9)
F4_22 F 0.80148(12) 0.64568(9) 0.13396(12)
B1_23 B 0.43321(19) 0.125000 0.625000
F1_23 F 0.41758(11) 0.11603(10) 0.60433(9)
F2_23 F 0.44852(12) 0.14568(9) 0.61604(12)
F3_23 F 0.41758(11) 0.13397(10) 0.64567(9)
F4_23 F 0.44852(12) 0.10432(9) 0.63396(12)
B1_24 B 0.93321(19) 0.125000 0.125000
F1_24 F 0.91758(11) 0.13397(10) 0.14567(9)
F2_24 F 0.94852(12) 0.10432(9) 0.13396(12)
F3_24 F 0.91758(11) 0.11603(10) 0.10433(9)
F4_24 F 0.94852(12) 0.14568(9) 0.11604(12)
B1_25 B 0.375000 0.875000 0.06679(19)
F1_25 F 0.35433(9) 0.86603(10) 0.08242(11)
F2_25 F 0.36604(12) 0.89568(9) 0.05148(12)
F3_25 F 0.39567(9) 0.88397(10) 0.08242(11)
F4_25 F 0.38396(12) 0.85432(9) 0.05148(12)
B1_26 B 0.875000 0.875000 0.56679(19)
F1_26 F 0.89567(9) 0.88397(10) 0.58242(11)
F2_26 F 0.88396(12) 0.85432(9) 0.55148(12)
F3_26 F 0.85433(9) 0.86603(10) 0.58242(11)
F4_26 F 0.86604(12) 0.89568(9) 0.55148(12)
B1_27 B 0.375000 0.375000 0.18321(19)
F1_27 F 0.39567(9) 0.36603(10) 0.16758(11)
F2_27 F 0.38396(12) 0.39568(9) 0.19852(12)
F3_27 F 0.35433(9) 0.38397(10) 0.16758(11)
F4_27 F 0.36604(12) 0.35432(9) 0.19852(12)
B1_28 B 0.875000 0.375000 0.68321(19)
F1_28 F 0.85433(9) 0.38397(10) 0.66758(11)
F2_28 F 0.86604(12) 0.35432(9) 0.69852(12)
F3_28 F 0.89567(9) 0.36603(10) 0.66758(11)
F4_28 F 0.88396(12) 0.39568(9) 0.69852(12)
B1_29 B 0.56679(19) 0.875000 0.875000
F1_29 F 0.58242(11) 0.85433(9) 0.86603(10)
F2_29 F 0.55148(12) 0.86604(12) 0.89568(9)
F3_29 F 0.58242(11) 0.89567(9) 0.88397(10)
F4_29 F 0.55148(12) 0.88396(12) 0.85432(9)
B1_30 B 0.06679(19) 0.375000 0.875000
F1_30 F 0.08242(11) 0.39567(9) 0.88397(10)
F2_30 F 0.05148(12) 0.38396(12) 0.85432(9)
F3_30 F 0.08242(11) 0.35433(9) 0.86603(10)
F4_30 F 0.05148(12) 0.36604(12) 0.89568(9)
B1_31 B 0.68321(19) 0.875000 0.375000
F1_31 F 0.66758(11) 0.89567(9) 0.36603(10)
F2_31 F 0.69852(12) 0.88396(12) 0.39568(9)
F3_31 F 0.66758(11) 0.85433(9) 0.38397(10)
F4_31 F 0.69852(12) 0.86604(12) 0.35432(9)
B1_32 B 0.18321(19) 0.375000 0.375000
F1_32 F 0.16758(11) 0.35433(9) 0.38397(10)
F2_32 F 0.19852(12) 0.36604(12) 0.35432(9)
F3_32 F 0.16758(11) 0.39567(9) 0.36603(10)
F4_32 F 0.19852(12) 0.38396(12) 0.39568(9)
B1_33 B 0.125000 0.31679(19) 0.125000
F1_33 F 0.10433(9) 0.33242(11) 0.13397(10)
F2_33 F 0.11604(12) 0.30148(12) 0.10432(9)
F3_33 F 0.14567(9) 0.33242(11) 0.11603(10)
F4_33 F 0.13396(12) 0.30148(12) 0.14568(9)
B1_34 B 0.625000 0.81679(19) 0.125000
F1_34 F 0.64567(9) 0.83242(11) 0.11603(10)
F2_34 F 0.63396(12) 0.80148(12) 0.14568(9)
F3_34 F 0.60433(9) 0.83242(11) 0.13397(10)
F4_34 F 0.61604(12) 0.80148(12) 0.10432(9)
B1_35 B 0.125000 0.43321(19) 0.625000
F1_35 F 0.14567(9) 0.41758(11) 0.63397(10)
F2_35 F 0.13396(12) 0.44852(12) 0.60432(9)
F3_35 F 0.10433(9) 0.41758(11) 0.61603(10)
F4_35 F 0.11604(12) 0.44852(12) 0.64568(9)
B1_36 B 0.625000 0.93321(19) 0.625000
F1_36 F 0.60433(9) 0.91758(11) 0.61603(10)
F2_36 F 0.61604(12) 0.94852(12) 0.64568(9)
F3_36 F 0.64567(9) 0.91758(11) 0.63397(10)
F4_36 F 0.63396(12) 0.94852(12) 0.60432(9)
B1_37 B 0.31679(19) 0.125000 0.125000
F1_37 F 0.33242(11) 0.11603(10) 0.14567(9)
F2_37 F 0.30148(12) 0.14568(9) 0.13396(12)
F3_37 F 0.33242(11) 0.13397(10) 0.10433(9)
F4_37 F 0.30148(12) 0.10432(9) 0.11604(12)
B1_38 B 0.81679(19) 0.125000 0.625000
F1_38 F 0.83242(11) 0.13397(10) 0.60433(9)
F2_38 F 0.80148(12) 0.10432(9) 0.61604(12)
F3_38 F 0.83242(11) 0.11603(10) 0.64567(9)
F4_38 F 0.80148(12) 0.14568(9) 0.63396(12)
B1_39 B 0.43321(19) 0.625000 0.125000
F1_39 F 0.41758(11) 0.61603(10) 0.10433(9)
F2_39 F 0.44852(12) 0.64568(9) 0.11604(12)
F3_39 F 0.41758(11) 0.63397(10) 0.14567(9)
F4_39 F 0.44852(12) 0.60432(9) 0.13396(12)
B1_40 B 0.93321(19) 0.625000 0.625000
F1_40 F 0.91758(11) 0.63397(10) 0.64567(9)
F2_40 F 0.94852(12) 0.60432(9) 0.63396(12)
F3_40 F 0.91758(11) 0.61603(10) 0.60433(9)
F4_40 F 0.94852(12) 0.64568(9) 0.61604(12)
B1_41 B 0.875000 0.56679(19) 0.875000
F1_41 F 0.86603(10) 0.58242(11) 0.85433(9)
F2_41 F 0.89568(9) 0.55148(12) 0.86604(12)
F3_41 F 0.88397(10) 0.58242(11) 0.89567(9)
F4_41 F 0.85432(9) 0.55148(12) 0.88396(12)
B1_42 B 0.875000 0.06679(19) 0.375000
F1_42 F 0.88397(10) 0.08242(11) 0.39567(9)
F2_42 F 0.85432(9) 0.05148(12) 0.38396(12)
F3_42 F 0.86603(10) 0.08242(11) 0.35433(9)
F4_42 F 0.89568(9) 0.05148(12) 0.36604(12)
B1_43 B 0.375000 0.68321(19) 0.875000
F1_43 F 0.36603(10) 0.66758(11) 0.89567(9)
F2_43 F 0.39568(9) 0.69852(12) 0.88396(12)
F3_43 F 0.38397(10) 0.66758(11) 0.85433(9)
F4_43 F 0.35432(9) 0.69852(12) 0.86604(12)
B1_44 B 0.375000 0.18321(19) 0.375000
F1_44 F 0.38397(10) 0.16758(11) 0.35433(9)
F2_44 F 0.35432(9) 0.19852(12) 0.36604(12)
F3_44 F 0.36603(10) 0.16758(11) 0.39567(9)
F4_44 F 0.39568(9) 0.19852(12) 0.38396(12)
B1_45 B 0.625000 0.625000 0.93321(19)
F1_45 F 0.61603(10) 0.60433(9) 0.91758(11)
F2_45 F 0.64568(9) 0.61604(12) 0.94852(12)
F3_45 F 0.63397(10) 0.64567(9) 0.91758(11)
F4_45 F 0.60432(9) 0.63396(12) 0.94852(12)
B1_46 B 0.625000 0.125000 0.43321(19)
F1_46 F 0.63397(10) 0.14567(9) 0.41758(11)
F2_46 F 0.60432(9) 0.13396(12) 0.44852(12)
F3_46 F 0.61603(10) 0.10433(9) 0.41758(11)
F4_46 F 0.64568(9) 0.11604(12) 0.44852(12)
B1_47 B 0.125000 0.625000 0.81679(19)
F1_47 F 0.11603(10) 0.64567(9) 0.83242(11)
F2_47 F 0.14568(9) 0.63396(12) 0.80148(12)
F3_47 F 0.13397(10) 0.60433(9) 0.83242(11)
F4_47 F 0.10432(9) 0.61604(12) 0.80148(12)
B1_48 B 0.125000 0.125000 0.31679(19)
F1_48 F 0.13397(10) 0.10433(9) 0.33242(11)
F2_48 F 0.10432(9) 0.11604(12) 0.30148(12)
F3_48 F 0.11603(10) 0.14567(9) 0.33242(11)
F4_48 F 0.14568(9) 0.13396(12) 0.30148(12)
B1_49 B 0.625000 0.625000 0.43321(19)
F1_49 F 0.64567(9) 0.63397(10) 0.41758(11)
F2_49 F 0.63396(12) 0.60432(9) 0.44852(12)
F3_49 F 0.60433(9) 0.61603(10) 0.41758(11)
F4_49 F 0.61604(12) 0.64568(9) 0.44852(12)
B1_50 B 0.125000 0.625000 0.93321(19)
F1_50 F 0.10433(9) 0.61603(10) 0.91758(11)
F2_50 F 0.11604(12) 0.64568(9) 0.94852(12)
F3_50 F 0.14567(9) 0.63397(10) 0.91758(11)
F4_50 F 0.13396(12) 0.60432(9) 0.94852(12)
B1_51 B 0.625000 0.125000 0.31679(19)
F1_51 F 0.60433(9) 0.13397(10) 0.33242(11)
F2_51 F 0.61604(12) 0.10432(9) 0.30148(12)
F3_51 F 0.64567(9) 0.11603(10) 0.33242(11)
F4_51 F 0.63396(12) 0.14568(9) 0.30148(12)
B1_52 B 0.125000 0.125000 0.81679(19)
F1_52 F 0.14567(9) 0.11603(10) 0.83242(11)
F2_52 F 0.13396(12) 0.14568(9) 0.80148(12)
F3_52 F 0.10433(9) 0.13397(10) 0.83242(11)
F4_52 F 0.11604(12) 0.10432(9) 0.80148(12)
B1_53 B 0.43321(19) 0.625000 0.625000
F1_53 F 0.41758(11) 0.64567(9) 0.63397(10)
F2_53 F 0.44852(12) 0.63396(12) 0.60432(9)
F3_53 F 0.41758(11) 0.60433(9) 0.61603(10)
F4_53 F 0.44852(12) 0.61604(12) 0.64568(9)
B1_54 B 0.93321(19) 0.125000 0.625000
F1_54 F 0.91758(11) 0.10433(9) 0.61603(10)
F2_54 F 0.94852(12) 0.11604(12) 0.64568(9)
F3_54 F 0.91758(11) 0.14567(9) 0.63397(10)
F4_54 F 0.94852(12) 0.13396(12) 0.60432(9)
B1_55 B 0.31679(19) 0.625000 0.125000
F1_55 F 0.33242(11) 0.60433(9) 0.13397(10)
F2_55 F 0.30148(12) 0.61604(12) 0.10432(9)
F3_55 F 0.33242(11) 0.64567(9) 0.11603(10)
F4_55 F 0.30148(12) 0.63396(12) 0.14568(9)
B1_56 B 0.81679(19) 0.125000 0.125000
F1_56 F 0.83242(11) 0.14567(9) 0.11603(10)
F2_56 F 0.80148(12) 0.13396(12) 0.14568(9)
F3_56 F 0.83242(11) 0.10433(9) 0.13397(10)
F4_56 F 0.80148(12) 0.11604(12) 0.10432(9)
B1_57 B 0.625000 0.43321(19) 0.625000
F1_57 F 0.63397(10) 0.41758(11) 0.64567(9)
F2_57 F 0.60432(9) 0.44852(12) 0.63396(12)
F3_57 F 0.61603(10) 0.41758(11) 0.60433(9)
F4_57 F 0.64568(9) 0.44852(12) 0.61604(12)
B1_58 B 0.625000 0.93321(19) 0.125000
F1_58 F 0.61603(10) 0.91758(11) 0.10433(9)
F2_58 F 0.64568(9) 0.94852(12) 0.11604(12)
F3_58 F 0.63397(10) 0.91758(11) 0.14567(9)
F4_58 F 0.60432(9) 0.94852(12) 0.13396(12)
B1_59 B 0.125000 0.31679(19) 0.625000
F1_59 F 0.13397(10) 0.33242(11) 0.60433(9)
F2_59 F 0.10432(9) 0.30148(12) 0.61604(12)
F3_59 F 0.11603(10) 0.33242(11) 0.64567(9)
F4_59 F 0.14568(9) 0.30148(12) 0.63396(12)
B1_60 B 0.125000 0.81679(19) 0.125000
F1_60 F 0.11603(10) 0.83242(11) 0.14567(9)
F2_60 F 0.14568(9) 0.80148(12) 0.13396(12)
F3_60 F 0.13397(10) 0.83242(11) 0.10433(9)
F4_60 F 0.10432(9) 0.80148(12) 0.11604(12)
B1_61 B 0.875000 0.375000 0.56679(19)
F1_61 F 0.88397(10) 0.39567(9) 0.58242(11)
F2_61 F 0.85432(9) 0.38396(12) 0.55148(12)
F3_61 F 0.86603(10) 0.35433(9) 0.58242(11)
F4_61 F 0.89568(9) 0.36604(12) 0.55148(12)
B1_62 B 0.875000 0.875000 0.06679(19)
F1_62 F 0.86603(10) 0.85433(9) 0.08242(11)
F2_62 F 0.89568(9) 0.86604(12) 0.05148(12)
F3_62 F 0.88397(10) 0.89567(9) 0.08242(11)
F4_62 F 0.85432(9) 0.88396(12) 0.05148(12)
B1_63 B 0.375000 0.375000 0.68321(19)
F1_63 F 0.38397(10) 0.35433(9) 0.66758(11)
F2_63 F 0.35432(9) 0.36604(12) 0.69852(12)
F3_63 F 0.36603(10) 0.39567(9) 0.66758(11)
F4_63 F 0.39568(9) 0.38396(12) 0.69852(12)
B1_64 B 0.375000 0.875000 0.18321(19)
F1_64 F 0.36603(10) 0.89567(9) 0.16758(11)
F2_64 F 0.39568(9) 0.88396(12) 0.19852(12)
F3_64 F 0.38397(10) 0.85433(9) 0.16758(11)
F4_64 F 0.35432(9) 0.86604(12) 0.19852(12)
B1_65 B 0.875000 0.18321(19) 0.375000
F1_65 F 0.89567(9) 0.16758(11) 0.36603(10)
F2_65 F 0.88396(12) 0.19852(12) 0.39568(9)
F3_65 F 0.85433(9) 0.16758(11) 0.38397(10)
F4_65 F 0.86604(12) 0.19852(12) 0.35432(9)
B1_66 B 0.375000 0.68321(19) 0.375000
F1_66 F 0.35433(9) 0.66758(11) 0.38397(10)
F2_66 F 0.36604(12) 0.69852(12) 0.35432(9)
F3_66 F 0.39567(9) 0.66758(11) 0.36603(10)
F4_66 F 0.38396(12) 0.69852(12) 0.39568(9)
B1_67 B 0.875000 0.06679(19) 0.875000
F1_67 F 0.85433(9) 0.08242(11) 0.86603(10)
F2_67 F 0.86604(12) 0.05148(12) 0.89568(9)
F3_67 F 0.89567(9) 0.08242(11) 0.88397(10)
F4_67 F 0.88396(12) 0.05148(12) 0.85432(9)
B1_68 B 0.375000 0.56679(19) 0.875000
F1_68 F 0.39567(9) 0.58242(11) 0.88397(10)
F2_68 F 0.38396(12) 0.55148(12) 0.85432(9)
F3_68 F 0.35433(9) 0.58242(11) 0.86603(10)
F4_68 F 0.36604(12) 0.55148(12) 0.89568(9)
B1_69 B 0.68321(19) 0.375000 0.375000
F1_69 F 0.66758(11) 0.38397(10) 0.35433(9)
F2_69 F 0.69852(12) 0.35432(9) 0.36604(12)
F3_69 F 0.66758(11) 0.36603(10) 0.39567(9)
F4_69 F 0.69852(12) 0.39568(9) 0.38396(12)
B1_70 B 0.18321(19) 0.375000 0.875000
F1_70 F 0.16758(11) 0.36603(10) 0.89567(9)
F2_70 F 0.19852(12) 0.39568(9) 0.88396(12)
F3_70 F 0.16758(11) 0.38397(10) 0.85433(9)
F4_70 F 0.19852(12) 0.35432(9) 0.86604(12)
B1_71 B 0.56679(19) 0.875000 0.375000
F1_71 F 0.58242(11) 0.88397(10) 0.39567(9)
F2_71 F 0.55148(12) 0.85432(9) 0.38396(12)
F3_71 F 0.58242(11) 0.86603(10) 0.35433(9)
F4_71 F 0.55148(12) 0.89568(9) 0.36604(12)
B1_72 B 0.06679(19) 0.875000 0.875000
F1_72 F 0.08242(11) 0.86603(10) 0.85433(9)
F2_72 F 0.05148(12) 0.89568(9) 0.86604(12)
F3_72 F 0.08242(11) 0.88397(10) 0.89567(9)
F4_72 F 0.05148(12) 0.85432(9) 0.88396(12)
B1_73 B 0.625000 0.125000 0.93321(19)
F1_73 F 0.64567(9) 0.13397(10) 0.91758(11)
F2_73 F 0.63396(12) 0.10432(9) 0.94852(12)
F3_73 F 0.60433(9) 0.11603(10) 0.91758(11)
F4_73 F 0.61604(12) 0.14568(9) 0.94852(12)
B1_74 B 0.125000 0.125000 0.43321(19)
F1_74 F 0.10433(9) 0.11603(10) 0.41758(11)
F2_74 F 0.11604(12) 0.14568(9) 0.44852(12)
F3_74 F 0.14567(9) 0.13397(10) 0.41758(11)
F4_74 F 0.13396(12) 0.10432(9) 0.44852(12)
B1_75 B 0.625000 0.625000 0.81679(19)
F1_75 F 0.60433(9) 0.63397(10) 0.83242(11)
F2_75 F 0.61604(12) 0.60432(9) 0.80148(12)
F3_75 F 0.64567(9) 0.61603(10) 0.83242(11)
F4_75 F 0.63396(12) 0.64568(9) 0.80148(12)
B1_76 B 0.125000 0.625000 0.31679(19)
F1_76 F 0.14567(9) 0.61603(10) 0.33242(11)
F2_76 F 0.13396(12) 0.64568(9) 0.30148(12)
F3_76 F 0.10433(9) 0.63397(10) 0.33242(11)
F4_76 F 0.11604(12) 0.60432(9) 0.30148(12)
B1_77 B 0.43321(19) 0.125000 0.125000
F1_77 F 0.41758(11) 0.14567(9) 0.13397(10)
F2_77 F 0.44852(12) 0.13396(12) 0.10432(9)
F3_77 F 0.41758(11) 0.10433(9) 0.11603(10)
F4_77 F 0.44852(12) 0.11604(12) 0.14568(9)
B1_78 B 0.93321(19) 0.625000 0.125000
F1_78 F 0.91758(11) 0.60433(9) 0.11603(10)
F2_78 F 0.94852(12) 0.61604(12) 0.14568(9)
F3_78 F 0.91758(11) 0.64567(9) 0.13397(10)
F4_78 F 0.94852(12) 0.63396(12) 0.10432(9)
B1_79 B 0.31679(19) 0.125000 0.625000
F1_79 F 0.33242(11) 0.10433(9) 0.63397(10)
F2_79 F 0.30148(12) 0.11604(12) 0.60432(9)
F3_79 F 0.33242(11) 0.14567(9) 0.61603(10)
F4_79 F 0.30148(12) 0.13396(12) 0.64568(9)
B1_80 B 0.81679(19) 0.625000 0.625000
F1_80 F 0.83242(11) 0.64567(9) 0.61603(10)
F2_80 F 0.80148(12) 0.63396(12) 0.64568(9)
F3_80 F 0.83242(11) 0.60433(9) 0.63397(10)
F4_80 F 0.80148(12) 0.61604(12) 0.60432(9)
B1_81 B 0.875000 0.68321(19) 0.875000
F1_81 F 0.89567(9) 0.66758(11) 0.86603(10)
F2_81 F 0.88396(12) 0.69852(12) 0.89568(9)
F3_81 F 0.85433(9) 0.66758(11) 0.88397(10)
F4_81 F 0.86604(12) 0.69852(12) 0.85432(9)
B1_82 B 0.375000 0.18321(19) 0.875000
F1_82 F 0.35433(9) 0.16758(11) 0.88397(10)
F2_82 F 0.36604(12) 0.19852(12) 0.85432(9)
F3_82 F 0.39567(9) 0.16758(11) 0.86603(10)
F4_82 F 0.38396(12) 0.19852(12) 0.89568(9)
B1_83 B 0.875000 0.56679(19) 0.375000
F1_83 F 0.85433(9) 0.58242(11) 0.36603(10)
F2_83 F 0.86604(12) 0.55148(12) 0.39568(9)
F3_83 F 0.89567(9) 0.58242(11) 0.38397(10)
F4_83 F 0.88396(12) 0.55148(12) 0.35432(9)
B1_84 B 0.375000 0.06679(19) 0.375000
F1_84 F 0.39567(9) 0.08242(11) 0.38397(10)
F2_84 F 0.38396(12) 0.05148(12) 0.35432(9)
F3_84 F 0.35433(9) 0.08242(11) 0.36603(10)
F4_84 F 0.36604(12) 0.05148(12) 0.39568(9)
B1_85 B 0.68321(19) 0.875000 0.875000
F1_85 F 0.66758(11) 0.88397(10) 0.85433(9)
F2_85 F 0.69852(12) 0.85432(9) 0.86604(12)
F3_85 F 0.66758(11) 0.86603(10) 0.89567(9)
F4_85 F 0.69852(12) 0.89568(9) 0.88396(12)
B1_86 B 0.18321(19) 0.875000 0.375000
F1_86 F 0.16758(11) 0.86603(10) 0.39567(9)
F2_86 F 0.19852(12) 0.89568(9) 0.38396(12)
F3_86 F 0.16758(11) 0.88397(10) 0.35433(9)
F4_86 F 0.19852(12) 0.85432(9) 0.36604(12)
B1_87 B 0.56679(19) 0.375000 0.875000
F1_87 F 0.58242(11) 0.38397(10) 0.89567(9)
F2_87 F 0.55148(12) 0.35432(9) 0.88396(12)
F3_87 F 0.58242(11) 0.36603(10) 0.85433(9)
F4_87 F 0.55148(12) 0.39568(9) 0.86604(12)
B1_88 B 0.06679(19) 0.375000 0.375000
F1_88 F 0.08242(11) 0.36603(10) 0.35433(9)
F2_88 F 0.05148(12) 0.39568(9) 0.36604(12)
F3_88 F 0.08242(11) 0.38397(10) 0.39567(9)
F4_88 F 0.05148(12) 0.35432(9) 0.38396(12)
B1_89 B 0.125000 0.43321(19) 0.125000
F1_89 F 0.13397(10) 0.41758(11) 0.14567(9)
F2_89 F 0.10432(9) 0.44852(12) 0.13396(12)
F3_89 F 0.11603(10) 0.41758(11) 0.10433(9)
F4_89 F 0.14568(9) 0.44852(12) 0.11604(12)
B1_90 B 0.125000 0.93321(19) 0.625000
F1_90 F 0.11603(10) 0.91758(11) 0.60433(9)
F2_90 F 0.14568(9) 0.94852(12) 0.61604(12)
F3_90 F 0.13397(10) 0.91758(11) 0.64567(9)
F4_90 F 0.10432(9) 0.94852(12) 0.63396(12)
B1_91 B 0.625000 0.31679(19) 0.125000
F1_91 F 0.63397(10) 0.33242(11) 0.10433(9)
F2_91 F 0.60432(9) 0.30148(12) 0.11604(12)
F3_91 F 0.61603(10) 0.33242(11) 0.14567(9)
F4_91 F 0.64568(9) 0.30148(12) 0.13396(12)
B1_92 B 0.625000 0.81679(19) 0.625000
F1_92 F 0.61603(10) 0.83242(11) 0.64567(9)
F2_92 F 0.64568(9) 0.80148(12) 0.63396(12)
F3_92 F 0.63397(10) 0.83242(11) 0.60433(9)
F4_92 F 0.60432(9) 0.80148(12) 0.61604(12)
B1_93 B 0.375000 0.375000 0.06679(19)
F1_93 F 0.38397(10) 0.39567(9) 0.08242(11)
F2_93 F 0.35432(9) 0.38396(12) 0.05148(12)
F3_93 F 0.36603(10) 0.35433(9) 0.08242(11)
F4_93 F 0.39568(9) 0.36604(12) 0.05148(12)
B1_94 B 0.375000 0.875000 0.56679(19)
F1_94 F 0.36603(10) 0.85433(9) 0.58242(11)
F2_94 F 0.39568(9) 0.86604(12) 0.55148(12)
F3_94 F 0.38397(10) 0.89567(9) 0.58242(11)
F4_94 F 0.35432(9) 0.88396(12) 0.55148(12)
B1_95 B 0.875000 0.375000 0.18321(19)
F1_95 F 0.88397(10) 0.35433(9) 0.16758(11)
F2_95 F 0.85432(9) 0.36604(12) 0.19852(12)
F3_95 F 0.86603(10) 0.39567(9) 0.16758(11)
F4_95 F 0.89568(9) 0.38396(12) 0.19852(12)
B1_96 B 0.875000 0.875000 0.68321(19)
F1_96 F 0.86603(10) 0.89567(9) 0.66758(11)
F2_96 F 0.89568(9) 0.88396(12) 0.69852(12)
F3_96 F 0.88397(10) 0.85433(9) 0.66758(11)
F4_96 F 0.85432(9) 0.86604(12) 0.69852(12)
B2 B 0.3123(2) 0.3123(2) 0.4377(2)
F5 F 0.29652(19) 0.29652(19) 0.45348(19)
F6 F 0.3205(3) 0.2981(2) 0.4158(3)
F7 F 0.3342(3) 0.3205(3) 0.4519(2)
F8 F 0.2981(2) 0.3342(3) 0.4295(3)
B2_2 B 0.9377(2) 0.4377(2) 0.9377(2)
F5_2 F 0.95348(19) 0.45348(19) 0.95348(19)
F6_2 F 0.9295(3) 0.4519(2) 0.9158(3)
F7_2 F 0.9158(3) 0.4295(3) 0.9519(2)
F8_2 F 0.9519(2) 0.4158(3) 0.9295(3)
B2_3 B 0.4377(2) 0.8123(2) 0.8123(2)
F5_3 F 0.45348(19) 0.79652(19) 0.79652(19)
F6_3 F 0.4295(3) 0.7981(2) 0.8342(3)
F7_3 F 0.4158(3) 0.8205(3) 0.7981(2)
F8_3 F 0.4519(2) 0.8342(3) 0.8205(3)
B2_4 B 0.8123(2) 0.9377(2) 0.3123(2)
F5_4 F 0.79652(19) 0.95348(19) 0.29652(19)
F6_4 F 0.8205(3) 0.9519(2) 0.3342(3)
F7_4 F 0.8342(3) 0.9295(3) 0.2981(2)
F8_4 F 0.7981(2) 0.9158(3) 0.3205(3)
B2_5 B 0.4377(2) 0.3123(2) 0.3123(2)
F5_5 F 0.45348(19) 0.29652(19) 0.29652(19)
F6_5 F 0.4158(3) 0.3205(3) 0.2981(2)
F7_5 F 0.4519(2) 0.3342(3) 0.3205(3)
F8_5 F 0.4295(3) 0.2981(2) 0.3342(3)
B2_6 B 0.9377(2) 0.9377(2) 0.4377(2)
F5_6 F 0.95348(19) 0.95348(19) 0.45348(19)
F6_6 F 0.9158(3) 0.9295(3) 0.4519(2)
F7_6 F 0.9519(2) 0.9158(3) 0.4295(3)
F8_6 F 0.9295(3) 0.9519(2) 0.4158(3)
B2_7 B 0.8123(2) 0.4377(2) 0.8123(2)
F5_7 F 0.79652(19) 0.45348(19) 0.79652(19)
F6_7 F 0.8342(3) 0.4295(3) 0.7981(2)
F7_7 F 0.7981(2) 0.4158(3) 0.8205(3)
F8_7 F 0.8205(3) 0.4519(2) 0.8342(3)
B2_8 B 0.3123(2) 0.8123(2) 0.9377(2)
F5_8 F 0.29652(19) 0.79652(19) 0.95348(19)
F6_8 F 0.3342(3) 0.8205(3) 0.9519(2)
F7_8 F 0.2981(2) 0.8342(3) 0.9295(3)
F8_8 F 0.3205(3) 0.7981(2) 0.9158(3)
B2_9 B 0.3123(2) 0.4377(2) 0.3123(2)
F5_9 F 0.29652(19) 0.45348(19) 0.29652(19)
F6_9 F 0.2981(2) 0.4158(3) 0.3205(3)
F7_9 F 0.3205(3) 0.4519(2) 0.3342(3)
F8_9 F 0.3342(3) 0.4295(3) 0.2981(2)
B2_10 B 0.4377(2) 0.9377(2) 0.9377(2)
F5_10 F 0.45348(19) 0.95348(19) 0.95348(19)
F6_10 F 0.4519(2) 0.9158(3) 0.9295(3)
F7_10 F 0.4295(3) 0.9519(2) 0.9158(3)
F8_10 F 0.4158(3) 0.9295(3) 0.9519(2)
B2_11 B 0.8123(2) 0.8123(2) 0.4377(2)
F5_11 F 0.79652(19) 0.79652(19) 0.45348(19)
F6_11 F 0.7981(2) 0.8342(3) 0.4295(3)
F7_11 F 0.8205(3) 0.7981(2) 0.4158(3)
F8_11 F 0.8342(3) 0.8205(3) 0.4519(2)
B2_12 B 0.9377(2) 0.3123(2) 0.8123(2)
F5_12 F 0.95348(19) 0.29652(19) 0.79652(19)
F6_12 F 0.9519(2) 0.3342(3) 0.8205(3)
F7_12 F 0.9295(3) 0.2981(2) 0.8342(3)
F8_12 F 0.9158(3) 0.3205(3) 0.7981(2)
B2_13 B 0.0623(2) 0.5623(2) 0.5623(2)
F5_13 F 0.04652(19) 0.54652(19) 0.54652(19)
F6_13 F 0.0481(2) 0.5705(3) 0.5842(3)
F7_13 F 0.0705(3) 0.5842(3) 0.5481(2)
F8_13 F 0.0842(3) 0.5481(2) 0.5705(3)
B2_14 B 0.1877(2) 0.1877(2) 0.0623(2)
F5_14 F 0.20348(19) 0.20348(19) 0.04652(19)
F6_14 F 0.2019(2) 0.1795(3) 0.0842(3)
F7_14 F 0.1795(3) 0.1658(3) 0.0481(2)
F8_14 F 0.1658(3) 0.2019(2) 0.0705(3)
B2_15 B 0.5623(2) 0.6877(2) 0.1877(2)
F5_15 F 0.54652(19) 0.70348(19) 0.20348(19)
F6_15 F 0.5481(2) 0.6795(3) 0.1658(3)
F7_15 F 0.5705(3) 0.6658(3) 0.2019(2)
F8_15 F 0.5842(3) 0.7019(2) 0.1795(3)
B2_16 B 0.6877(2) 0.0623(2) 0.6877(2)
F5_16 F 0.70348(19) 0.04652(19) 0.70348(19)
F6_16 F 0.7019(2) 0.0705(3) 0.6658(3)
F7_16 F 0.6795(3) 0.0842(3) 0.7019(2)
F8_16 F 0.6658(3) 0.0481(2) 0.6795(3)
B2_17 B 0.0623(2) 0.6877(2) 0.6877(2)
F5_17 F 0.04652(19) 0.70348(19) 0.70348(19)
F6_17 F 0.0705(3) 0.6658(3) 0.7019(2)
F7_17 F 0.0842(3) 0.7019(2) 0.6795(3)
F8_17 F 0.0481(2) 0.6795(3) 0.6658(3)
B2_18 B 0.6877(2) 0.1877(2) 0.5623(2)
F5_18 F 0.70348(19) 0.20348(19) 0.54652(19)
F6_18 F 0.6795(3) 0.1658(3) 0.5481(2)
F7_18 F 0.6658(3) 0.2019(2) 0.5705(3)
F8_18 F 0.7019(2) 0.1795(3) 0.5842(3)
B2_19 B 0.1877(2) 0.0623(2) 0.1877(2)
F5_19 F 0.20348(19) 0.04652(19) 0.20348(19)
F6_19 F 0.1795(3) 0.0842(3) 0.2019(2)
F7_19 F 0.1658(3) 0.0481(2) 0.1795(3)
F8_19 F 0.2019(2) 0.0705(3) 0.1658(3)
B2_20 B 0.5623(2) 0.5623(2) 0.0623(2)
F5_20 F 0.54652(19) 0.54652(19) 0.04652(19)
F6_20 F 0.5705(3) 0.5842(3) 0.0481(2)
F7_20 F 0.5842(3) 0.5481(2) 0.0705(3)
F8_20 F 0.5481(2) 0.5705(3) 0.0842(3)
B2_21 B 0.1877(2) 0.5623(2) 0.6877(2)
F5_21 F 0.20348(19) 0.54652(19) 0.70348(19)
F6_21 F 0.1658(3) 0.5481(2) 0.6795(3)
F7_21 F 0.2019(2) 0.5705(3) 0.6658(3)
F8_21 F 0.1795(3) 0.5842(3) 0.7019(2)
B2_22 B 0.6877(2) 0.6877(2) 0.0623(2)
F5_22 F 0.70348(19) 0.70348(19) 0.04652(19)
F6_22 F 0.6658(3) 0.7019(2) 0.0705(3)
F7_22 F 0.7019(2) 0.6795(3) 0.0842(3)
F8_22 F 0.6795(3) 0.6658(3) 0.0481(2)
B2_23 B 0.5623(2) 0.0623(2) 0.5623(2)
F5_23 F 0.54652(19) 0.04652(19) 0.54652(19)
F6_23 F 0.5842(3) 0.0481(2) 0.5705(3)
F7_23 F 0.5481(2) 0.0705(3) 0.5842(3)
F8_23 F 0.5705(3) 0.0842(3) 0.5481(2)
B2_24 B 0.0623(2) 0.1877(2) 0.1877(2)
F5_24 F 0.04652(19) 0.20348(19) 0.20348(19)
F6_24 F 0.0842(3) 0.2019(2) 0.1795(3)
F7_24 F 0.0481(2) 0.1795(3) 0.1658(3)
F8_24 F 0.0705(3) 0.1658(3) 0.2019(2)
B2_25 B 0.3123(2) 0.9377(2) 0.8123(2)
F5_25 F 0.29652(19) 0.95348(19) 0.79652(19)
F6_25 F 0.2981(2) 0.9158(3) 0.8205(3)
F7_25 F 0.3205(3) 0.9519(2) 0.8342(3)
F8_25 F 0.3342(3) 0.9295(3) 0.7981(2)
B2_26 B 0.4377(2) 0.4377(2) 0.4377(2)
F5_26 F 0.45348(19) 0.45348(19) 0.45348(19)
F6_26 F 0.4519(2) 0.4158(3) 0.4295(3)
F7_26 F 0.4295(3) 0.4519(2) 0.4158(3)
F8_26 F 0.4158(3) 0.4295(3) 0.4519(2)
B2_27 B 0.8123(2) 0.3123(2) 0.9377(2)
F5_27 F 0.79652(19) 0.29652(19) 0.95348(19)
F6_27 F 0.7981(2) 0.3342(3) 0.9295(3)
F7_27 F 0.8205(3) 0.2981(2) 0.9158(3)
F8_27 F 0.8342(3) 0.3205(3) 0.9519(2)
B2_28 B 0.9377(2) 0.8123(2) 0.3123(2)
F5_28 F 0.95348(19) 0.79652(19) 0.29652(19)
F6_28 F 0.9519(2) 0.8342(3) 0.3205(3)
F7_28 F 0.9295(3) 0.7981(2) 0.3342(3)
F8_28 F 0.9158(3) 0.8205(3) 0.2981(2)
B2_29 B 0.0623(2) 0.0623(2) 0.0623(2)
F5_29 F 0.04652(19) 0.04652(19) 0.04652(19)
F6_29 F 0.0481(2) 0.0705(3) 0.0842(3)
F7_29 F 0.0705(3) 0.0842(3) 0.0481(2)
F8_29 F 0.0842(3) 0.0481(2) 0.0705(3)
B2_30 B 0.1877(2) 0.6877(2) 0.5623(2)
F5_30 F 0.20348(19) 0.70348(19) 0.54652(19)
F6_30 F 0.2019(2) 0.6795(3) 0.5842(3)
F7_30 F 0.1795(3) 0.6658(3) 0.5481(2)
F8_30 F 0.1658(3) 0.7019(2) 0.5705(3)
B2_31 B 0.5623(2) 0.1877(2) 0.6877(2)
F5_31 F 0.54652(19) 0.20348(19) 0.70348(19)
F6_31 F 0.5481(2) 0.1795(3) 0.6658(3)
F7_31 F 0.5705(3) 0.1658(3) 0.7019(2)
F8_31 F 0.5842(3) 0.2019(2) 0.6795(3)
B2_32 B 0.6877(2) 0.5623(2) 0.1877(2)
F5_32 F 0.70348(19) 0.54652(19) 0.20348(19)
F6_32 F 0.7019(2) 0.5705(3) 0.1658(3)
F7_32 F 0.6795(3) 0.5842(3) 0.2019(2)
F8_32 F 0.6658(3) 0.5481(2) 0.1795(3)
B2_33 B 0.6877(2) 0.6877(2) 0.5623(2)
F5_33 F 0.70348(19) 0.70348(19) 0.54652(19)
F6_33 F 0.6795(3) 0.7019(2) 0.5842(3)
F7_33 F 0.6658(3) 0.6795(3) 0.5481(2)
F8_33 F 0.7019(2) 0.6658(3) 0.5705(3)
B2_34 B 0.0623(2) 0.5623(2) 0.0623(2)
F5_34 F 0.04652(19) 0.54652(19) 0.04652(19)
F6_34 F 0.0705(3) 0.5481(2) 0.0842(3)
F7_34 F 0.0842(3) 0.5705(3) 0.0481(2)
F8_34 F 0.0481(2) 0.5842(3) 0.0705(3)
B2_35 B 0.5623(2) 0.1877(2) 0.1877(2)
F5_35 F 0.54652(19) 0.20348(19) 0.20348(19)
F6_35 F 0.5705(3) 0.2019(2) 0.1658(3)
F7_35 F 0.5842(3) 0.1795(3) 0.2019(2)
F8_35 F 0.5481(2) 0.1658(3) 0.1795(3)
B2_36 B 0.1877(2) 0.0623(2) 0.6877(2)
F5_36 F 0.20348(19) 0.04652(19) 0.70348(19)
F6_36 F 0.1795(3) 0.0481(2) 0.6658(3)
F7_36 F 0.1658(3) 0.0705(3) 0.7019(2)
F8_36 F 0.2019(2) 0.0842(3) 0.6795(3)
B2_37 B 0.5623(2) 0.6877(2) 0.6877(2)
F5_37 F 0.54652(19) 0.70348(19) 0.70348(19)
F6_37 F 0.5842(3) 0.6795(3) 0.7019(2)
F7_37 F 0.5481(2) 0.6658(3) 0.6795(3)
F8_37 F 0.5705(3) 0.7019(2) 0.6658(3)
B2_38 B 0.0623(2) 0.0623(2) 0.5623(2)
F5_38 F 0.04652(19) 0.04652(19) 0.54652(19)
F6_38 F 0.0842(3) 0.0705(3) 0.5481(2)
F7_38 F 0.0481(2) 0.0842(3) 0.5705(3)
F8_38 F 0.0705(3) 0.0481(2) 0.5842(3)
B2_39 B 0.1877(2) 0.5623(2) 0.1877(2)
F5_39 F 0.20348(19) 0.54652(19) 0.20348(19)
F6_39 F 0.1658(3) 0.5705(3) 0.2019(2)
F7_39 F 0.2019(2) 0.5842(3) 0.1795(3)
F8_39 F 0.1795(3) 0.5481(2) 0.1658(3)
B2_40 B 0.6877(2) 0.1877(2) 0.0623(2)
F5_40 F 0.70348(19) 0.20348(19) 0.04652(19)
F6_40 F 0.6658(3) 0.1795(3) 0.0481(2)
F7_40 F 0.7019(2) 0.1658(3) 0.0705(3)
F8_40 F 0.6795(3) 0.2019(2) 0.0842(3)
B2_41 B 0.6877(2) 0.5623(2) 0.6877(2)
F5_41 F 0.70348(19) 0.54652(19) 0.70348(19)
F6_41 F 0.7019(2) 0.5842(3) 0.6795(3)
F7_41 F 0.6795(3) 0.5481(2) 0.6658(3)
F8_41 F 0.6658(3) 0.5705(3) 0.7019(2)
B2_42 B 0.5623(2) 0.0623(2) 0.0623(2)
F5_42 F 0.54652(19) 0.04652(19) 0.04652(19)
F6_42 F 0.5481(2) 0.0842(3) 0.0705(3)
F7_42 F 0.5705(3) 0.0481(2) 0.0842(3)
F8_42 F 0.5842(3) 0.0705(3) 0.0481(2)
B2_43 B 0.1877(2) 0.1877(2) 0.5623(2)
F5_43 F 0.20348(19) 0.20348(19) 0.54652(19)
F6_43 F 0.2019(2) 0.1658(3) 0.5705(3)
F7_43 F 0.1795(3) 0.2019(2) 0.5842(3)
F8_43 F 0.1658(3) 0.1795(3) 0.5481(2)
B2_44 B 0.0623(2) 0.6877(2) 0.1877(2)
F5_44 F 0.04652(19) 0.70348(19) 0.20348(19)
F6_44 F 0.0481(2) 0.6658(3) 0.1795(3)
F7_44 F 0.0705(3) 0.7019(2) 0.1658(3)
F8_44 F 0.0842(3) 0.6795(3) 0.2019(2)
B2_45 B 0.9377(2) 0.4377(2) 0.4377(2)
F5_45 F 0.95348(19) 0.45348(19) 0.45348(19)
F6_45 F 0.9519(2) 0.4295(3) 0.4158(3)
F7_45 F 0.9295(3) 0.4158(3) 0.4519(2)
F8_45 F 0.9158(3) 0.4519(2) 0.4295(3)
B2_46 B 0.8123(2) 0.8123(2) 0.9377(2)
F5_46 F 0.79652(19) 0.79652(19) 0.95348(19)
F6_46 F 0.7981(2) 0.8205(3) 0.9158(3)
F7_46 F 0.8205(3) 0.8342(3) 0.9519(2)
F8_46 F 0.8342(3) 0.7981(2) 0.9295(3)
B2_47 B 0.4377(2) 0.3123(2) 0.8123(2)
F5_47 F 0.45348(19) 0.29652(19) 0.79652(19)
F6_47 F 0.4519(2) 0.3205(3) 0.8342(3)
F7_47 F 0.4295(3) 0.3342(3) 0.7981(2)
F8_47 F 0.4158(3) 0.2981(2) 0.8205(3)
B2_48 B 0.3123(2) 0.9377(2) 0.3123(2)
F5_48 F 0.29652(19) 0.95348(19) 0.29652(19)
F6_48 F 0.2981(2) 0.9295(3) 0.3342(3)
F7_48 F 0.3205(3) 0.9158(3) 0.2981(2)
F8_48 F 0.3342(3) 0.9519(2) 0.3205(3)
B2_49 B 0.9377(2) 0.3123(2) 0.3123(2)
F5_49 F 0.95348(19) 0.29652(19) 0.29652(19)
F6_49 F 0.9295(3) 0.3342(3) 0.2981(2)
F7_49 F 0.9158(3) 0.2981(2) 0.3205(3)
F8_49 F 0.9519(2) 0.3205(3) 0.3342(3)
B2_50 B 0.3123(2) 0.8123(2) 0.4377(2)
F5_50 F 0.29652(19) 0.79652(19) 0.45348(19)
F6_50 F 0.3205(3) 0.8342(3) 0.4519(2)
F7_50 F 0.3342(3) 0.7981(2) 0.4295(3)
F8_50 F 0.2981(2) 0.8205(3) 0.4158(3)
B2_51 B 0.8123(2) 0.9377(2) 0.8123(2)
F5_51 F 0.79652(19) 0.95348(19) 0.79652(19)
F6_51 F 0.8205(3) 0.9158(3) 0.7981(2)
F7_51 F 0.8342(3) 0.9519(2) 0.8205(3)
F8_51 F 0.7981(2) 0.9295(3) 0.8342(3)
B2_52 B 0.4377(2) 0.4377(2) 0.9377(2)
F5_52 F 0.45348(19) 0.45348(19) 0.95348(19)
F6_52 F 0.4295(3) 0.4158(3) 0.9519(2)
F7_52 F 0.4158(3) 0.4519(2) 0.9295(3)
F8_52 F 0.4519(2) 0.4295(3) 0.9158(3)
B2_53 B 0.8123(2) 0.4377(2) 0.3123(2)
F5_53 F 0.79652(19) 0.45348(19) 0.29652(19)
F6_53 F 0.8342(3) 0.4519(2) 0.3205(3)
F7_53 F 0.7981(2) 0.4295(3) 0.3342(3)
F8_53 F 0.8205(3) 0.4158(3) 0.2981(2)
B2_54 B 0.3123(2) 0.3123(2) 0.9377(2)
F5_54 F 0.29652(19) 0.29652(19) 0.95348(19)
F6_54 F 0.3342(3) 0.2981(2) 0.9295(3)
F7_54 F 0.2981(2) 0.3205(3) 0.9158(3)
F8_54 F 0.3205(3) 0.3342(3) 0.9519(2)
B2_55 B 0.4377(2) 0.9377(2) 0.4377(2)
F5_55 F 0.45348(19) 0.95348(19) 0.45348(19)
F6_55 F 0.4158(3) 0.9519(2) 0.4295(3)
F7_55 F 0.4519(2) 0.9295(3) 0.4158(3)
F8_55 F 0.4295(3) 0.9158(3) 0.4519(2)
B2_56 B 0.9377(2) 0.8123(2) 0.8123(2)
F5_56 F 0.95348(19) 0.79652(19) 0.79652(19)
F6_56 F 0.9158(3) 0.7981(2) 0.8205(3)
F7_56 F 0.9519(2) 0.8205(3) 0.8342(3)
F8_56 F 0.9295(3) 0.8342(3) 0.7981(2)
B2_57 B 0.6877(2) 0.0623(2) 0.1877(2)
F5_57 F 0.70348(19) 0.04652(19) 0.20348(19)
F6_57 F 0.7019(2) 0.0842(3) 0.1795(3)
F7_57 F 0.6795(3) 0.0481(2) 0.1658(3)
F8_57 F 0.6658(3) 0.0705(3) 0.2019(2)
B2_58 B 0.5623(2) 0.5623(2) 0.5623(2)
F5_58 F 0.54652(19) 0.54652(19) 0.54652(19)
F6_58 F 0.5481(2) 0.5842(3) 0.5705(3)
F7_58 F 0.5705(3) 0.5481(2) 0.5842(3)
F8_58 F 0.5842(3) 0.5705(3) 0.5481(2)
B2_59 B 0.1877(2) 0.6877(2) 0.0623(2)
F5_59 F 0.20348(19) 0.70348(19) 0.04652(19)
F6_59 F 0.2019(2) 0.6658(3) 0.0705(3)
F7_59 F 0.1795(3) 0.7019(2) 0.0842(3)
F8_59 F 0.1658(3) 0.6795(3) 0.0481(2)
B2_60 B 0.0623(2) 0.1877(2) 0.6877(2)
F5_60 F 0.04652(19) 0.20348(19) 0.70348(19)
F6_60 F 0.0481(2) 0.1658(3) 0.6795(3)
F7_60 F 0.0705(3) 0.2019(2) 0.6658(3)
F8_60 F 0.0842(3) 0.1795(3) 0.7019(2)
B2_61 B 0.9377(2) 0.9377(2) 0.9377(2)
F5_61 F 0.95348(19) 0.95348(19) 0.95348(19)
F6_61 F 0.9519(2) 0.9295(3) 0.9158(3)
F7_61 F 0.9295(3) 0.9158(3) 0.9519(2)
F8_61 F 0.9158(3) 0.9519(2) 0.9295(3)
B2_62 B 0.8123(2) 0.3123(2) 0.4377(2)
F5_62 F 0.79652(19) 0.29652(19) 0.45348(19)
F6_62 F 0.7981(2) 0.3205(3) 0.4158(3)
F7_62 F 0.8205(3) 0.3342(3) 0.4519(2)
F8_62 F 0.8342(3) 0.2981(2) 0.4295(3)
B2_63 B 0.4377(2) 0.8123(2) 0.3123(2)
F5_63 F 0.45348(19) 0.79652(19) 0.29652(19)
F6_63 F 0.4519(2) 0.8205(3) 0.3342(3)
F7_63 F 0.4295(3) 0.8342(3) 0.2981(2)
F8_63 F 0.4158(3) 0.7981(2) 0.3205(3)
B2_64 B 0.3123(2) 0.4377(2) 0.8123(2)
F5_64 F 0.29652(19) 0.45348(19) 0.79652(19)
F6_64 F 0.2981(2) 0.4295(3) 0.8342(3)
F7_64 F 0.3205(3) 0.4158(3) 0.7981(2)
F8_64 F 0.3342(3) 0.4519(2) 0.8205(3)
Ag1 Ag 0.27415(2) 0.41253(2) 0.61315(2)
P1 P 0.25937(3) 0.35388(3) 0.57545(3)
N1 N 0.29534(9) 0.36938(9) 0.61438(9)
N2 N 0.31765(9) 0.31772(9) 0.62300(10)
C1 C 0.28715(10) 0.34766(10) 0.59977(11)
C2 C 0.29870(10) 0.32224(11) 0.60405(12)
H1 H 0.292866 0.307419 0.593030
C3 C 0.32557(12) 0.33931(11) 0.63778(13)
H2 H 0.339017 0.337008 0.651532
C4 C 0.31448(11) 0.36500(11) 0.63334(12)
H3 H 0.320654 0.379889 0.644073
C5 C 0.24304(11) 0.32068(12) 0.57372(13)
C6 C 0.22553(16) 0.31413(16) 0.59544(17)
H4 H 0.223204 0.326612 0.610071
C7 C 0.21162(19) 0.28944(19) 0.5956(2)
H5 H 0.199038 0.285344 0.609725
C8 C 0.21628(16) 0.27103(17) 0.5750(2)
H6 H 0.207891 0.253582 0.575738
C9 C 0.23238(16) 0.27723(15) 0.55396(19)
H7 H 0.234619 0.264557 0.539484
C10 C 0.24632(15) 0.30289(13) 0.55310(16)
H8 H 0.257762 0.307304 0.538108
C11 C 0.27580(12) 0.35923(11) 0.54286(11)
C12 C 0.26031(16) 0.37214(18) 0.52264(14)
H9 H 0.242167 0.377772 0.526434
C13 C 0.27158(18) 0.3767(2) 0.49690(15)
H10 H 0.261098 0.385115 0.482933
C14 C 0.2981(2) 0.3689(2) 0.49207(17)
H11 H 0.305776 0.371614 0.474468
C15 C 0.3136(2) 0.35746(19) 0.51181(19)
H12 H 0.332086 0.353056 0.508274
C16 C 0.30225(16) 0.35206(15) 0.53758(16)
H13 H 0.312911 0.343461 0.551276
N3 N 0.28638(17) 0.42545(14) 0.57053(13)
C17 C 0.3013(3) 0.4290(2) 0.5532(2)
C18 C 0.3213(3) 0.4338(3) 0.5280(3)
H14 H 0.310605 0.436426 0.511307
H15 H 0.333193 0.417859 0.525789
H16 H 0.332513 0.450011 0.531312
Ag2 Ag 0.22585(2) 0.38685(2) 0.58747(2)
Ag3 Ag 0.33747(2) 0.27415(2) 0.63685(2)
P2 P 0.24063(3) 0.42455(3) 0.64612(3)
N4 N 0.31772(9) 0.43235(9) 0.62700(10)
C5_2 C 0.00696(11) 0.42932(12) 0.07372(13)
C6_2 C 0.02447(16) 0.43587(16) 0.09544(17)
H4_2 H 0.026796 0.423388 0.110071
C7_2 C 0.03838(19) 0.46056(19) 0.0956(2)
H5_2 H 0.050962 0.464656 0.109725
C8_2 C 0.03372(16) 0.47897(17) 0.0750(2)
H6_2 H 0.042109 0.496418 0.075738
C9_2 C 0.01762(16) 0.47277(15) 0.05396(19)
H7_2 H 0.015381 0.485443 0.039484
C10_2 C 0.00368(15) 0.44711(13) 0.05310(16)
H9_2 H 0.007833 0.372228 0.026434
Ag2_2 Ag 0.02415(2) 0.36315(2) 0.08747(2)
P2_2 P 0.00937(3) 0.32545(3) 0.14612(3)
Ag1_2 Ag 0.97585(2) 0.33747(2) 0.11315(2)
P1_2 P 0.99063(3) 0.39612(3) 0.07545(3)
N1_2 N 0.95466(9) 0.38062(9) 0.11438(9)
N2_2 N 0.93235(9) 0.43228(9) 0.12300(10)
C1_2 C 0.96285(10) 0.40234(10) 0.09977(11)
C2_2 C 0.95130(10) 0.42776(11) 0.10405(12)
H1_2 H 0.957134 0.442581 0.093030
C3_2 C 0.92443(12) 0.41069(11) 0.13778(13)
H2_2 H 0.910983 0.412992 0.151532
C4_2 C 0.93552(11) 0.38500(11) 0.13334(12)
H3_2 H 0.929346 0.370111 0.144073
H8_2 H 0.992238 0.442696 0.038108
C11_2 C 0.97420(12) 0.39077(11) 0.04286(11)
C12_2 C 0.98969(16) 0.37786(18) 0.02264(14)
C15_2 C 0.9364(2) 0.39254(19) 0.01181(19)
H12_2 H 0.917914 0.396944 0.008274
C16_2 C 0.94775(16) 0.39794(15) 0.03758(16)
H13_2 H 0.937089 0.406539 0.051276
N3_2 N 0.96362(17) 0.32455(14) 0.07053(13)
C17_2 C 0.9487(3) 0.3210(2) 0.0532(2)
C18_2 C 0.9287(3) 0.3162(3) 0.0280(3)
H14_2 H 0.939395 0.313574 0.011307
H15_2 H 0.916807 0.332141 0.025789
H16_2 H 0.917487 0.299989 0.031312
Ag3_2 Ag 0.91253(2) 0.47585(2) 0.13685(2)
N4_2 N 0.93228(9) 0.31765(9) 0.12700(10)
Ag1_3 Ag 0.47585(2) 0.91253(2) 0.63685(2)
P1_3 P 0.49063(3) 0.85388(3) 0.67455(3)
N1_3 N 0.45466(9) 0.86938(9) 0.63562(9)
N2_3 N 0.43235(9) 0.81772(9) 0.62700(10)
C1_3 C 0.46285(10) 0.84766(10) 0.65023(11)
C2_3 C 0.45130(10) 0.82224(11) 0.64595(12)
H1_3 H 0.457134 0.807419 0.656970
C3_3 C 0.42443(12) 0.83931(11) 0.61222(13)
H2_3 H 0.410983 0.837008 0.598468
C4_3 C 0.43552(11) 0.86500(11) 0.61666(12)
H3_3 H 0.429346 0.879889 0.605927
C5_3 C 0.50696(11) 0.82068(12) 0.67628(13)
C6_3 C 0.52447(16) 0.81413(16) 0.65456(17)
H4_3 H 0.526796 0.826612 0.639929
C7_3 C 0.53838(19) 0.78944(19) 0.6544(2)
H5_3 H 0.550962 0.785344 0.640275
C8_3 C 0.53372(16) 0.77103(17) 0.6750(2)
H6_3 H 0.542109 0.753582 0.674262
C9_3 C 0.51762(16) 0.77723(15) 0.69604(19)
H7_3 H 0.515381 0.764557 0.710516
C10_3 C 0.50368(15) 0.80289(13) 0.69690(16)
H8_3 H 0.492238 0.807304 0.711892
C11_3 C 0.47420(12) 0.85923(11) 0.70714(11)
C12_3 C 0.48969(16) 0.87214(18) 0.72736(14)
H9_3 H 0.507833 0.877772 0.723566
C13_2 C 0.47842(18) 0.8767(2) 0.75310(15)
H10_2 H 0.488902 0.885115 0.767067
C14_2 C 0.4519(2) 0.8689(2) 0.75793(17)
H11_2 H 0.444224 0.871614 0.775532
C15_3 C 0.4364(2) 0.85746(19) 0.73819(19)
H12_3 H 0.417914 0.853056 0.741726
C16_3 C 0.44775(16) 0.85206(15) 0.71242(16)
H13_3 H 0.437089 0.843461 0.698724
N3_3 N 0.46362(17) 0.92545(14) 0.67947(13)
C17_3 C 0.4487(3) 0.9290(2) 0.6968(2)
C18_3 C 0.4287(3) 0.9338(3) 0.7220(3)
H14_3 H 0.439395 0.936426 0.738693
H15_3 H 0.416807 0.917859 0.724211
H16_3 H 0.417487 0.950011 0.718688
Ag2_3 Ag 0.52415(2) 0.88685(2) 0.66253(2)
Ag3_3 Ag 0.41253(2) 0.77415(2) 0.61315(2)
P2_3 P 0.50937(3) 0.92455(3) 0.60388(3)
N4_3 N 0.43228(9) 0.93235(9) 0.62300(10)
Ag1_4 Ag 0.77415(2) 0.83747(2) 0.13685(2)
P1_4 P 0.75937(3) 0.89612(3) 0.17455(3)
N1_4 N 0.79534(9) 0.88062(9) 0.13562(9)
N2_4 N 0.81765(9) 0.93228(9) 0.12700(10)
C1_4 C 0.78715(10) 0.90234(10) 0.15023(11)
C2_4 C 0.79870(10) 0.92776(11) 0.14595(12)
H1_4 H 0.792866 0.942581 0.156970
C3_4 C 0.82557(12) 0.91069(11) 0.11222(13)
H2_4 H 0.839017 0.912992 0.098468
C4_4 C 0.81448(11) 0.88500(11) 0.11666(12)
H3_4 H 0.820654 0.870111 0.105927
C5_4 C 0.74304(11) 0.92932(12) 0.17628(13)
C6_4 C 0.72553(16) 0.93587(16) 0.15456(17)
H4_4 H 0.723204 0.923388 0.139929
C7_4 C 0.71162(19) 0.96056(19) 0.1544(2)
H5_4 H 0.699038 0.964656 0.140275
C8_4 C 0.71628(16) 0.97897(17) 0.1750(2)
H6_4 H 0.707891 0.996418 0.174262
C9_4 C 0.73238(16) 0.97277(15) 0.19604(19)
H7_4 H 0.734619 0.985443 0.210516
