
###############################################################################
#
# This file contains modified crystal structure data generated from the
# MOF subset of the Cambridge Structural Database (CSD) v543 
# hosted by the Cambridge Crystallographic Data Centre (CCDC).
#
# This work is licensed under the Creative Commons
# Attribution-NonCommercial-ShareAlike 4.0 International License.
# To view a copy of this license, visit
# http://creativecommons.org/licenses/by-nc-sa/4.0/
# or send a letter to
# Creative Commons, PO Box 1866, Mountain View, CA 94042, USA.
#
# CIF created using the CSD Python API on 29 September 2022
# The structure has been converted into the P1 space group
# The structure has a 3D framework
# The original CSD entry ISOLAG is in the cubic crystal system
# The framework has been calculated to contain at least 10.0% void space
# The void calculation uses a probe of radius 1.32A, grid spacing 0.4
#
###############################################################################

data_ISOLAG
_chemical_formula_moiety         
'(C3456 H3072 Ag192 Cl280 N576 O1024 P192 64-)n'
_symmetry_cell_setting           triclinic
_symmetry_space_group_name_H-M   'P 1'
_symmetry_Int_Tables_number      1
_space_group_name_Hall           'P 1'
loop_
_symmetry_equiv_pos_site_id
_symmetry_equiv_pos_as_xyz
1 x,y,z
_cell_length_a                   49.0181(5)
_cell_length_b                   49.0181(5)
_cell_length_c                   49.0181(5)
_cell_angle_alpha                90
_cell_angle_beta                 90
_cell_angle_gamma                90
_cell_volume                     117779
loop_
_atom_site_label
_atom_site_type_symbol
_atom_site_fract_x
_atom_site_fract_y
_atom_site_fract_z
Cl1 Cl 0.625000 0.625000 0.31365(4)
O1 O 0.64635(11) 0.61512(11) 0.32954(11)
O2 O 0.61550(13) 0.60233(12) 0.30005(14)
O3 O 0.60365(11) 0.63488(11) 0.32954(11)
O4 O 0.63450(13) 0.64767(12) 0.30005(14)
Cl1_2 Cl 0.625000 0.125000 0.81365(4)
O1_2 O 0.60365(11) 0.13488(11) 0.82954(11)
O2_2 O 0.63450(13) 0.14767(12) 0.80005(14)
O3_2 O 0.64635(11) 0.11512(11) 0.82954(11)
O4_2 O 0.61550(13) 0.10233(12) 0.80005(14)
Cl1_3 Cl 0.125000 0.125000 0.93635(4)
O1_3 O 0.10365(11) 0.11512(11) 0.92046(11)
O2_3 O 0.13450(13) 0.10233(12) 0.94995(14)
O3_3 O 0.14635(11) 0.13488(11) 0.92046(11)
O4_3 O 0.11550(13) 0.14767(12) 0.94995(14)
Cl1_4 Cl 0.125000 0.625000 0.43635(4)
O1_4 O 0.14635(11) 0.63488(11) 0.42046(11)
O2_4 O 0.11550(13) 0.64767(12) 0.44995(14)
O3_4 O 0.10365(11) 0.61512(11) 0.42046(11)
O4_4 O 0.13450(13) 0.60233(12) 0.44995(14)
Cl1_5 Cl 0.31365(4) 0.625000 0.625000
O1_5 O 0.32954(11) 0.64635(11) 0.61512(11)
O2_5 O 0.30005(14) 0.61550(13) 0.60233(12)
O3_5 O 0.32954(11) 0.60365(11) 0.63488(11)
O4_5 O 0.30005(14) 0.63450(13) 0.64767(12)
Cl1_6 Cl 0.81365(4) 0.625000 0.125000
O1_6 O 0.82954(11) 0.60365(11) 0.13488(11)
O2_6 O 0.80005(14) 0.63450(13) 0.14767(12)
O3_6 O 0.82954(11) 0.64635(11) 0.11512(11)
O4_6 O 0.80005(14) 0.61550(13) 0.10233(12)
Cl1_7 Cl 0.93635(4) 0.125000 0.125000
O1_7 O 0.92046(11) 0.10365(11) 0.11512(11)
O2_7 O 0.94995(14) 0.13450(13) 0.10233(12)
O3_7 O 0.92046(11) 0.14635(11) 0.13488(11)
O4_7 O 0.94995(14) 0.11550(13) 0.14767(12)
Cl1_8 Cl 0.43635(4) 0.125000 0.625000
O1_8 O 0.42046(11) 0.14635(11) 0.63488(11)
O2_8 O 0.44995(14) 0.11550(13) 0.64767(12)
O3_8 O 0.42046(11) 0.10365(11) 0.61512(11)
O4_8 O 0.44995(14) 0.13450(13) 0.60233(12)
Cl1_9 Cl 0.625000 0.31365(4) 0.625000
O1_9 O 0.61512(11) 0.32954(11) 0.64635(11)
O2_9 O 0.60233(12) 0.30005(14) 0.61550(13)
O3_9 O 0.63488(11) 0.32954(11) 0.60365(11)
O4_9 O 0.64767(12) 0.30005(14) 0.63450(13)
Cl1_10 Cl 0.125000 0.81365(4) 0.625000
O1_10 O 0.13488(11) 0.82954(11) 0.60365(11)
O2_10 O 0.14767(12) 0.80005(14) 0.63450(13)
O3_10 O 0.11512(11) 0.82954(11) 0.64635(11)
O4_10 O 0.10233(12) 0.80005(14) 0.61550(13)
Cl1_11 Cl 0.125000 0.93635(4) 0.125000
O1_11 O 0.11512(11) 0.92046(11) 0.10365(11)
O2_11 O 0.10233(12) 0.94995(14) 0.13450(13)
O3_11 O 0.13488(11) 0.92046(11) 0.14635(11)
O4_11 O 0.14767(12) 0.94995(14) 0.11550(13)
Cl1_12 Cl 0.625000 0.43635(4) 0.125000
O1_12 O 0.63488(11) 0.42046(11) 0.14635(11)
O2_12 O 0.64767(12) 0.44995(14) 0.11550(13)
O3_12 O 0.61512(11) 0.42046(11) 0.10365(11)
O4_12 O 0.60233(12) 0.44995(14) 0.13450(13)
Cl1_13 Cl 0.375000 0.875000 0.68635(4)
O1_13 O 0.36512(11) 0.89635(11) 0.67046(11)
O2_13 O 0.35233(12) 0.86550(13) 0.69995(14)
O3_13 O 0.38488(11) 0.85365(11) 0.67046(11)
O4_13 O 0.39767(12) 0.88450(13) 0.69995(14)
Cl1_14 Cl 0.875000 0.875000 0.18635(4)
O1_14 O 0.88488(11) 0.85365(11) 0.17046(11)
O2_14 O 0.89767(12) 0.88450(13) 0.19995(14)
O3_14 O 0.86512(11) 0.89635(11) 0.17046(11)
O4_14 O 0.85233(12) 0.86550(13) 0.19995(14)
Cl1_15 Cl 0.875000 0.375000 0.06365(4)
O1_15 O 0.86512(11) 0.35365(11) 0.07954(11)
O2_15 O 0.85233(12) 0.38450(13) 0.05005(14)
O3_15 O 0.88488(11) 0.39635(11) 0.07954(11)
O4_15 O 0.89767(12) 0.36550(13) 0.05005(14)
Cl1_16 Cl 0.375000 0.375000 0.56365(4)
O1_16 O 0.38488(11) 0.39635(11) 0.57954(11)
O2_16 O 0.39767(12) 0.36550(13) 0.55005(14)
O3_16 O 0.36512(11) 0.35365(11) 0.57954(11)
O4_16 O 0.35233(12) 0.38450(13) 0.55005(14)
Cl1_17 Cl 0.375000 0.56365(4) 0.375000
O1_17 O 0.39635(11) 0.57954(11) 0.38488(11)
O2_17 O 0.36550(13) 0.55005(14) 0.39767(12)
O3_17 O 0.35365(11) 0.57954(11) 0.36512(11)
O4_17 O 0.38450(13) 0.55005(14) 0.35233(12)
Cl1_18 Cl 0.375000 0.06365(4) 0.875000
O1_18 O 0.35365(11) 0.07954(11) 0.86512(11)
O2_18 O 0.38450(13) 0.05005(14) 0.85233(12)
O3_18 O 0.39635(11) 0.07954(11) 0.88488(11)
O4_18 O 0.36550(13) 0.05005(14) 0.89767(12)
Cl1_19 Cl 0.875000 0.18635(4) 0.875000
O1_19 O 0.85365(11) 0.17046(11) 0.88488(11)
O2_19 O 0.88450(13) 0.19995(14) 0.89767(12)
O3_19 O 0.89635(11) 0.17046(11) 0.86512(11)
O4_19 O 0.86550(13) 0.19995(14) 0.85233(12)
Cl1_20 Cl 0.875000 0.68635(4) 0.375000
O1_20 O 0.89635(11) 0.67046(11) 0.36512(11)
O2_20 O 0.86550(13) 0.69995(14) 0.35233(12)
O3_20 O 0.85365(11) 0.67046(11) 0.38488(11)
O4_20 O 0.88450(13) 0.69995(14) 0.39767(12)
Cl1_21 Cl 0.06365(4) 0.875000 0.375000
O1_21 O 0.07954(11) 0.86512(11) 0.35365(11)
O2_21 O 0.05005(14) 0.85233(12) 0.38450(13)
O3_21 O 0.07954(11) 0.88488(11) 0.39635(11)
O4_21 O 0.05005(14) 0.89767(12) 0.36550(13)
Cl1_22 Cl 0.56365(4) 0.375000 0.375000
O1_22 O 0.57954(11) 0.38488(11) 0.39635(11)
O2_22 O 0.55005(14) 0.39767(12) 0.36550(13)
O3_22 O 0.57954(11) 0.36512(11) 0.35365(11)
O4_22 O 0.55005(14) 0.35233(12) 0.38450(13)
Cl1_23 Cl 0.68635(4) 0.375000 0.875000
O1_23 O 0.67046(11) 0.36512(11) 0.89635(11)
O2_23 O 0.69995(14) 0.35233(12) 0.86550(13)
O3_23 O 0.67046(11) 0.38488(11) 0.85365(11)
O4_23 O 0.69995(14) 0.39767(12) 0.88450(13)
Cl1_24 Cl 0.18635(4) 0.875000 0.875000
O1_24 O 0.17046(11) 0.88488(11) 0.85365(11)
O2_24 O 0.19995(14) 0.89767(12) 0.88450(13)
O3_24 O 0.17046(11) 0.86512(11) 0.89635(11)
O4_24 O 0.19995(14) 0.85233(12) 0.86550(13)
Cl1_25 Cl 0.31365(4) 0.125000 0.125000
O1_25 O 0.32954(11) 0.14635(11) 0.11512(11)
O2_25 O 0.30005(14) 0.11550(13) 0.10233(12)
O3_25 O 0.32954(11) 0.10365(11) 0.13488(11)
O4_25 O 0.30005(14) 0.13450(13) 0.14767(12)
Cl1_26 Cl 0.81365(4) 0.125000 0.625000
O1_26 O 0.82954(11) 0.10365(11) 0.63488(11)
O2_26 O 0.80005(14) 0.13450(13) 0.64767(12)
O3_26 O 0.82954(11) 0.14635(11) 0.61512(11)
O4_26 O 0.80005(14) 0.11550(13) 0.60233(12)
Cl1_27 Cl 0.93635(4) 0.625000 0.625000
O1_27 O 0.92046(11) 0.60365(11) 0.61512(11)
O2_27 O 0.94995(14) 0.63450(13) 0.60233(12)
O3_27 O 0.92046(11) 0.64635(11) 0.63488(11)
O4_27 O 0.94995(14) 0.61550(13) 0.64767(12)
Cl1_28 Cl 0.43635(4) 0.625000 0.125000
O1_28 O 0.42046(11) 0.64635(11) 0.13488(11)
O2_28 O 0.44995(14) 0.61550(13) 0.14767(12)
O3_28 O 0.42046(11) 0.60365(11) 0.11512(11)
O4_28 O 0.44995(14) 0.63450(13) 0.10233(12)
Cl1_29 Cl 0.625000 0.81365(4) 0.125000
O1_29 O 0.61512(11) 0.82954(11) 0.14635(11)
O2_29 O 0.60233(12) 0.80005(14) 0.11550(13)
O3_29 O 0.63488(11) 0.82954(11) 0.10365(11)
O4_29 O 0.64767(12) 0.80005(14) 0.13450(13)
Cl1_30 Cl 0.125000 0.31365(4) 0.125000
O1_30 O 0.13488(11) 0.32954(11) 0.10365(11)
O2_30 O 0.14767(12) 0.30005(14) 0.13450(13)
O3_30 O 0.11512(11) 0.32954(11) 0.14635(11)
O4_30 O 0.10233(12) 0.30005(14) 0.11550(13)
Cl1_31 Cl 0.125000 0.43635(4) 0.625000
O1_31 O 0.11512(11) 0.42046(11) 0.60365(11)
O2_31 O 0.10233(12) 0.44995(14) 0.63450(13)
O3_31 O 0.13488(11) 0.42046(11) 0.64635(11)
O4_31 O 0.14767(12) 0.44995(14) 0.61550(13)
Cl1_32 Cl 0.625000 0.93635(4) 0.625000
O1_32 O 0.63488(11) 0.92046(11) 0.64635(11)
O2_32 O 0.64767(12) 0.94995(14) 0.61550(13)
O3_32 O 0.61512(11) 0.92046(11) 0.60365(11)
O4_32 O 0.60233(12) 0.94995(14) 0.63450(13)
Cl1_33 Cl 0.375000 0.375000 0.18635(4)
O1_33 O 0.36512(11) 0.39635(11) 0.17046(11)
O2_33 O 0.35233(12) 0.36550(13) 0.19995(14)
O3_33 O 0.38488(11) 0.35365(11) 0.17046(11)
O4_33 O 0.39767(12) 0.38450(13) 0.19995(14)
Cl1_34 Cl 0.875000 0.375000 0.68635(4)
O1_34 O 0.88488(11) 0.35365(11) 0.67046(11)
O2_34 O 0.89767(12) 0.38450(13) 0.69995(14)
O3_34 O 0.86512(11) 0.39635(11) 0.67046(11)
O4_34 O 0.85233(12) 0.36550(13) 0.69995(14)
Cl1_35 Cl 0.875000 0.875000 0.56365(4)
O1_35 O 0.86512(11) 0.85365(11) 0.57954(11)
O2_35 O 0.85233(12) 0.88450(13) 0.55005(14)
O3_35 O 0.88488(11) 0.89635(11) 0.57954(11)
O4_35 O 0.89767(12) 0.86550(13) 0.55005(14)
Cl1_36 Cl 0.375000 0.875000 0.06365(4)
O1_36 O 0.38488(11) 0.89635(11) 0.07954(11)
O2_36 O 0.39767(12) 0.86550(13) 0.05005(14)
O3_36 O 0.36512(11) 0.85365(11) 0.07954(11)
O4_36 O 0.35233(12) 0.88450(13) 0.05005(14)
Cl1_37 Cl 0.06365(4) 0.375000 0.875000
O1_37 O 0.07954(11) 0.36512(11) 0.85365(11)
O2_37 O 0.05005(14) 0.35233(12) 0.88450(13)
O3_37 O 0.07954(11) 0.38488(11) 0.89635(11)
O4_37 O 0.05005(14) 0.39767(12) 0.86550(13)
Cl1_38 Cl 0.56365(4) 0.875000 0.875000
O1_38 O 0.57954(11) 0.88488(11) 0.89635(11)
O2_38 O 0.55005(14) 0.89767(12) 0.86550(13)
O3_38 O 0.57954(11) 0.86512(11) 0.85365(11)
O4_38 O 0.55005(14) 0.85233(12) 0.88450(13)
Cl1_39 Cl 0.68635(4) 0.875000 0.375000
O1_39 O 0.67046(11) 0.86512(11) 0.39635(11)
O2_39 O 0.69995(14) 0.85233(12) 0.36550(13)
O3_39 O 0.67046(11) 0.88488(11) 0.35365(11)
O4_39 O 0.69995(14) 0.89767(12) 0.38450(13)
Cl1_40 Cl 0.18635(4) 0.375000 0.375000
O1_40 O 0.17046(11) 0.38488(11) 0.35365(11)
O2_40 O 0.19995(14) 0.39767(12) 0.38450(13)
O3_40 O 0.17046(11) 0.36512(11) 0.39635(11)
O4_40 O 0.19995(14) 0.35233(12) 0.36550(13)
Cl1_41 Cl 0.125000 0.625000 0.81365(4)
O1_41 O 0.14635(11) 0.61512(11) 0.82954(11)
O2_41 O 0.11550(13) 0.60233(12) 0.80005(14)
O3_41 O 0.10365(11) 0.63488(11) 0.82954(11)
O4_41 O 0.13450(13) 0.64767(12) 0.80005(14)
Cl1_42 Cl 0.125000 0.125000 0.31365(4)
O1_42 O 0.10365(11) 0.13488(11) 0.32954(11)
O2_42 O 0.13450(13) 0.14767(12) 0.30005(14)
O3_42 O 0.14635(11) 0.11512(11) 0.32954(11)
O4_42 O 0.11550(13) 0.10233(12) 0.30005(14)
Cl1_43 Cl 0.625000 0.125000 0.43635(4)
O1_43 O 0.60365(11) 0.11512(11) 0.42046(11)
O2_43 O 0.63450(13) 0.10233(12) 0.44995(14)
O3_43 O 0.64635(11) 0.13488(11) 0.42046(11)
O4_43 O 0.61550(13) 0.14767(12) 0.44995(14)
Cl1_44 Cl 0.625000 0.625000 0.93635(4)
O1_44 O 0.64635(11) 0.63488(11) 0.92046(11)
O2_44 O 0.61550(13) 0.64767(12) 0.94995(14)
O3_44 O 0.60365(11) 0.61512(11) 0.92046(11)
O4_44 O 0.63450(13) 0.60233(12) 0.94995(14)
Cl1_45 Cl 0.875000 0.56365(4) 0.875000
O1_45 O 0.89635(11) 0.57954(11) 0.88488(11)
O2_45 O 0.86550(13) 0.55005(14) 0.89767(12)
O3_45 O 0.85365(11) 0.57954(11) 0.86512(11)
O4_45 O 0.88450(13) 0.55005(14) 0.85233(12)
Cl1_46 Cl 0.875000 0.06365(4) 0.375000
O1_46 O 0.85365(11) 0.07954(11) 0.36512(11)
O2_46 O 0.88450(13) 0.05005(14) 0.35233(12)
O3_46 O 0.89635(11) 0.07954(11) 0.38488(11)
O4_46 O 0.86550(13) 0.05005(14) 0.39767(12)
Cl1_47 Cl 0.375000 0.18635(4) 0.375000
O1_47 O 0.35365(11) 0.17046(11) 0.38488(11)
O2_47 O 0.38450(13) 0.19995(14) 0.39767(12)
O3_47 O 0.39635(11) 0.17046(11) 0.36512(11)
O4_47 O 0.36550(13) 0.19995(14) 0.35233(12)
Cl1_48 Cl 0.375000 0.68635(4) 0.875000
O1_48 O 0.39635(11) 0.67046(11) 0.86512(11)
O2_48 O 0.36550(13) 0.69995(14) 0.85233(12)
O3_48 O 0.35365(11) 0.67046(11) 0.88488(11)
O4_48 O 0.38450(13) 0.69995(14) 0.89767(12)
Cl1_49 Cl 0.375000 0.375000 0.68635(4)
O1_49 O 0.35365(11) 0.38488(11) 0.67046(11)
O2_49 O 0.38450(13) 0.39767(12) 0.69995(14)
O3_49 O 0.39635(11) 0.36512(11) 0.67046(11)
O4_49 O 0.36550(13) 0.35233(12) 0.69995(14)
Cl1_50 Cl 0.375000 0.875000 0.18635(4)
O1_50 O 0.39635(11) 0.86512(11) 0.17046(11)
O2_50 O 0.36550(13) 0.85233(12) 0.19995(14)
O3_50 O 0.35365(11) 0.88488(11) 0.17046(11)
O4_50 O 0.38450(13) 0.89767(12) 0.19995(14)
Cl1_51 Cl 0.875000 0.875000 0.06365(4)
O1_51 O 0.89635(11) 0.88488(11) 0.07954(11)
O2_51 O 0.86550(13) 0.89767(12) 0.05005(14)
O3_51 O 0.85365(11) 0.86512(11) 0.07954(11)
O4_51 O 0.88450(13) 0.85233(12) 0.05005(14)
Cl1_52 Cl 0.875000 0.375000 0.56365(4)
O1_52 O 0.85365(11) 0.36512(11) 0.57954(11)
O2_52 O 0.88450(13) 0.35233(12) 0.55005(14)
O3_52 O 0.89635(11) 0.38488(11) 0.57954(11)
O4_52 O 0.86550(13) 0.39767(12) 0.55005(14)
Cl1_53 Cl 0.68635(4) 0.375000 0.375000
O1_53 O 0.67046(11) 0.35365(11) 0.38488(11)
O2_53 O 0.69995(14) 0.38450(13) 0.39767(12)
O3_53 O 0.67046(11) 0.39635(11) 0.36512(11)
O4_53 O 0.69995(14) 0.36550(13) 0.35233(12)
Cl1_54 Cl 0.18635(4) 0.375000 0.875000
O1_54 O 0.17046(11) 0.39635(11) 0.86512(11)
O2_54 O 0.19995(14) 0.36550(13) 0.85233(12)
O3_54 O 0.17046(11) 0.35365(11) 0.88488(11)
O4_54 O 0.19995(14) 0.38450(13) 0.89767(12)
Cl1_55 Cl 0.06365(4) 0.875000 0.875000
O1_55 O 0.07954(11) 0.89635(11) 0.88488(11)
O2_55 O 0.05005(14) 0.86550(13) 0.89767(12)
O3_55 O 0.07954(11) 0.85365(11) 0.86512(11)
O4_55 O 0.05005(14) 0.88450(13) 0.85233(12)
Cl1_56 Cl 0.56365(4) 0.875000 0.375000
O1_56 O 0.57954(11) 0.85365(11) 0.36512(11)
O2_56 O 0.55005(14) 0.88450(13) 0.35233(12)
O3_56 O 0.57954(11) 0.89635(11) 0.38488(11)
O4_56 O 0.55005(14) 0.86550(13) 0.39767(12)
Cl1_57 Cl 0.375000 0.68635(4) 0.375000
O1_57 O 0.38488(11) 0.67046(11) 0.35365(11)
O2_57 O 0.39767(12) 0.69995(14) 0.38450(13)
O3_57 O 0.36512(11) 0.67046(11) 0.39635(11)
O4_57 O 0.35233(12) 0.69995(14) 0.36550(13)
Cl1_58 Cl 0.875000 0.18635(4) 0.375000
O1_58 O 0.86512(11) 0.17046(11) 0.39635(11)
O2_58 O 0.85233(12) 0.19995(14) 0.36550(13)
O3_58 O 0.88488(11) 0.17046(11) 0.35365(11)
O4_58 O 0.89767(12) 0.19995(14) 0.38450(13)
Cl1_59 Cl 0.875000 0.06365(4) 0.875000
O1_59 O 0.88488(11) 0.07954(11) 0.89635(11)
O2_59 O 0.89767(12) 0.05005(14) 0.86550(13)
O3_59 O 0.86512(11) 0.07954(11) 0.85365(11)
O4_59 O 0.85233(12) 0.05005(14) 0.88450(13)
Cl1_60 Cl 0.375000 0.56365(4) 0.875000
O1_60 O 0.36512(11) 0.57954(11) 0.85365(11)
O2_60 O 0.35233(12) 0.55005(14) 0.88450(13)
O3_60 O 0.38488(11) 0.57954(11) 0.89635(11)
O4_60 O 0.39767(12) 0.55005(14) 0.86550(13)
Cl1_61 Cl 0.625000 0.125000 0.31365(4)
O1_61 O 0.63488(11) 0.10365(11) 0.32954(11)
O2_61 O 0.64767(12) 0.13450(13) 0.30005(14)
O3_61 O 0.61512(11) 0.14635(11) 0.32954(11)
O4_61 O 0.60233(12) 0.11550(13) 0.30005(14)
Cl1_62 Cl 0.125000 0.125000 0.81365(4)
O1_62 O 0.11512(11) 0.14635(11) 0.82954(11)
O2_62 O 0.10233(12) 0.11550(13) 0.80005(14)
O3_62 O 0.13488(11) 0.10365(11) 0.82954(11)
O4_62 O 0.14767(12) 0.13450(13) 0.80005(14)
Cl1_63 Cl 0.125000 0.625000 0.93635(4)
O1_63 O 0.13488(11) 0.64635(11) 0.92046(11)
O2_63 O 0.14767(12) 0.61550(13) 0.94995(14)
O3_63 O 0.11512(11) 0.60365(11) 0.92046(11)
O4_63 O 0.10233(12) 0.63450(13) 0.94995(14)
Cl1_64 Cl 0.625000 0.625000 0.43635(4)
O1_64 O 0.61512(11) 0.60365(11) 0.42046(11)
O2_64 O 0.60233(12) 0.63450(13) 0.44995(14)
O3_64 O 0.63488(11) 0.64635(11) 0.42046(11)
O4_64 O 0.64767(12) 0.61550(13) 0.44995(14)
Cl1_65 Cl 0.625000 0.43635(4) 0.625000
O1_65 O 0.60365(11) 0.42046(11) 0.61512(11)
O2_65 O 0.63450(13) 0.44995(14) 0.60233(12)
O3_65 O 0.64635(11) 0.42046(11) 0.63488(11)
O4_65 O 0.61550(13) 0.44995(14) 0.64767(12)
Cl1_66 Cl 0.625000 0.93635(4) 0.125000
O1_66 O 0.64635(11) 0.92046(11) 0.13488(11)
O2_66 O 0.61550(13) 0.94995(14) 0.14767(12)
O3_66 O 0.60365(11) 0.92046(11) 0.11512(11)
O4_66 O 0.63450(13) 0.94995(14) 0.10233(12)
Cl1_67 Cl 0.125000 0.81365(4) 0.125000
O1_67 O 0.14635(11) 0.82954(11) 0.11512(11)
O2_67 O 0.11550(13) 0.80005(14) 0.10233(12)
O3_67 O 0.10365(11) 0.82954(11) 0.13488(11)
O4_67 O 0.13450(13) 0.80005(14) 0.14767(12)
Cl1_68 Cl 0.125000 0.31365(4) 0.625000
O1_68 O 0.10365(11) 0.32954(11) 0.63488(11)
O2_68 O 0.13450(13) 0.30005(14) 0.64767(12)
O3_68 O 0.14635(11) 0.32954(11) 0.61512(11)
O4_68 O 0.11550(13) 0.30005(14) 0.60233(12)
Cl1_69 Cl 0.93635(4) 0.125000 0.625000
O1_69 O 0.92046(11) 0.13488(11) 0.64635(11)
O2_69 O 0.94995(14) 0.14767(12) 0.61550(13)
O3_69 O 0.92046(11) 0.11512(11) 0.60365(11)
O4_69 O 0.94995(14) 0.10233(12) 0.63450(13)
Cl1_70 Cl 0.43635(4) 0.625000 0.625000
O1_70 O 0.42046(11) 0.61512(11) 0.60365(11)
O2_70 O 0.44995(14) 0.60233(12) 0.63450(13)
O3_70 O 0.42046(11) 0.63488(11) 0.64635(11)
O4_70 O 0.44995(14) 0.64767(12) 0.61550(13)
Cl1_71 Cl 0.31365(4) 0.625000 0.125000
O1_71 O 0.32954(11) 0.63488(11) 0.10365(11)
O2_71 O 0.30005(14) 0.64767(12) 0.13450(13)
O3_71 O 0.32954(11) 0.61512(11) 0.14635(11)
O4_71 O 0.30005(14) 0.60233(12) 0.11550(13)
Cl1_72 Cl 0.81365(4) 0.125000 0.125000
O1_72 O 0.82954(11) 0.11512(11) 0.14635(11)
O2_72 O 0.80005(14) 0.10233(12) 0.11550(13)
O3_72 O 0.82954(11) 0.13488(11) 0.10365(11)
O4_72 O 0.80005(14) 0.14767(12) 0.13450(13)
Cl1_73 Cl 0.68635(4) 0.875000 0.875000
O1_73 O 0.67046(11) 0.85365(11) 0.88488(11)
O2_73 O 0.69995(14) 0.88450(13) 0.89767(12)
O3_73 O 0.67046(11) 0.89635(11) 0.86512(11)
O4_73 O 0.69995(14) 0.86550(13) 0.85233(12)
Cl1_74 Cl 0.18635(4) 0.875000 0.375000
O1_74 O 0.17046(11) 0.89635(11) 0.36512(11)
O2_74 O 0.19995(14) 0.86550(13) 0.35233(12)
O3_74 O 0.17046(11) 0.85365(11) 0.38488(11)
O4_74 O 0.19995(14) 0.88450(13) 0.39767(12)
Cl1_75 Cl 0.06365(4) 0.375000 0.375000
O1_75 O 0.07954(11) 0.39635(11) 0.38488(11)
O2_75 O 0.05005(14) 0.36550(13) 0.39767(12)
O3_75 O 0.07954(11) 0.35365(11) 0.36512(11)
O4_75 O 0.05005(14) 0.38450(13) 0.35233(12)
Cl1_76 Cl 0.56365(4) 0.375000 0.875000
O1_76 O 0.57954(11) 0.35365(11) 0.86512(11)
O2_76 O 0.55005(14) 0.38450(13) 0.85233(12)
O3_76 O 0.57954(11) 0.39635(11) 0.88488(11)
O4_76 O 0.55005(14) 0.36550(13) 0.89767(12)
Cl1_77 Cl 0.375000 0.18635(4) 0.875000
O1_77 O 0.38488(11) 0.17046(11) 0.85365(11)
O2_77 O 0.39767(12) 0.19995(14) 0.88450(13)
O3_77 O 0.36512(11) 0.17046(11) 0.89635(11)
O4_77 O 0.35233(12) 0.19995(14) 0.86550(13)
Cl1_78 Cl 0.875000 0.68635(4) 0.875000
O1_78 O 0.86512(11) 0.67046(11) 0.89635(11)
O2_78 O 0.85233(12) 0.69995(14) 0.86550(13)
O3_78 O 0.88488(11) 0.67046(11) 0.85365(11)
O4_78 O 0.89767(12) 0.69995(14) 0.88450(13)
Cl1_79 Cl 0.875000 0.56365(4) 0.375000
O1_79 O 0.88488(11) 0.57954(11) 0.39635(11)
O2_79 O 0.89767(12) 0.55005(14) 0.36550(13)
O3_79 O 0.86512(11) 0.57954(11) 0.35365(11)
O4_79 O 0.85233(12) 0.55005(14) 0.38450(13)
Cl1_80 Cl 0.375000 0.06365(4) 0.375000
O1_80 O 0.36512(11) 0.07954(11) 0.35365(11)
O2_80 O 0.35233(12) 0.05005(14) 0.38450(13)
O3_80 O 0.38488(11) 0.07954(11) 0.39635(11)
O4_80 O 0.39767(12) 0.05005(14) 0.36550(13)
Cl1_81 Cl 0.625000 0.625000 0.81365(4)
O1_81 O 0.63488(11) 0.60365(11) 0.82954(11)
O2_81 O 0.64767(12) 0.63450(13) 0.80005(14)
O3_81 O 0.61512(11) 0.64635(11) 0.82954(11)
O4_81 O 0.60233(12) 0.61550(13) 0.80005(14)
Cl1_82 Cl 0.125000 0.625000 0.31365(4)
O1_82 O 0.11512(11) 0.64635(11) 0.32954(11)
O2_82 O 0.10233(12) 0.61550(13) 0.30005(14)
O3_82 O 0.13488(11) 0.60365(11) 0.32954(11)
O4_82 O 0.14767(12) 0.63450(13) 0.30005(14)
Cl1_83 Cl 0.125000 0.125000 0.43635(4)
O1_83 O 0.13488(11) 0.14635(11) 0.42046(11)
O2_83 O 0.14767(12) 0.11550(13) 0.44995(14)
O3_83 O 0.11512(11) 0.10365(11) 0.42046(11)
O4_83 O 0.10233(12) 0.13450(13) 0.44995(14)
Cl1_84 Cl 0.625000 0.125000 0.93635(4)
O1_84 O 0.61512(11) 0.10365(11) 0.92046(11)
O2_84 O 0.60233(12) 0.13450(13) 0.94995(14)
O3_84 O 0.63488(11) 0.14635(11) 0.92046(11)
O4_84 O 0.64767(12) 0.11550(13) 0.94995(14)
Cl1_85 Cl 0.93635(4) 0.625000 0.125000
O1_85 O 0.92046(11) 0.63488(11) 0.14635(11)
O2_85 O 0.94995(14) 0.64767(12) 0.11550(13)
O3_85 O 0.92046(11) 0.61512(11) 0.10365(11)
O4_85 O 0.94995(14) 0.60233(12) 0.13450(13)
Cl1_86 Cl 0.43635(4) 0.125000 0.125000
O1_86 O 0.42046(11) 0.11512(11) 0.10365(11)
O2_86 O 0.44995(14) 0.10233(12) 0.13450(13)
O3_86 O 0.42046(11) 0.13488(11) 0.14635(11)
O4_86 O 0.44995(14) 0.14767(12) 0.11550(13)
Cl1_87 Cl 0.31365(4) 0.125000 0.625000
O1_87 O 0.32954(11) 0.13488(11) 0.60365(11)
O2_87 O 0.30005(14) 0.14767(12) 0.63450(13)
O3_87 O 0.32954(11) 0.11512(11) 0.64635(11)
O4_87 O 0.30005(14) 0.10233(12) 0.61550(13)
Cl1_88 Cl 0.81365(4) 0.625000 0.625000
O1_88 O 0.82954(11) 0.61512(11) 0.64635(11)
O2_88 O 0.80005(14) 0.60233(12) 0.61550(13)
O3_88 O 0.82954(11) 0.63488(11) 0.60365(11)
O4_88 O 0.80005(14) 0.64767(12) 0.63450(13)
Cl1_89 Cl 0.875000 0.375000 0.18635(4)
O1_89 O 0.85365(11) 0.38488(11) 0.17046(11)
O2_89 O 0.88450(13) 0.39767(12) 0.19995(14)
O3_89 O 0.89635(11) 0.36512(11) 0.17046(11)
O4_89 O 0.86550(13) 0.35233(12) 0.19995(14)
Cl1_90 Cl 0.875000 0.875000 0.68635(4)
O1_90 O 0.89635(11) 0.86512(11) 0.67046(11)
O2_90 O 0.86550(13) 0.85233(12) 0.69995(14)
O3_90 O 0.85365(11) 0.88488(11) 0.67046(11)
O4_90 O 0.88450(13) 0.89767(12) 0.69995(14)
Cl1_91 Cl 0.375000 0.875000 0.56365(4)
O1_91 O 0.39635(11) 0.88488(11) 0.57954(11)
O2_91 O 0.36550(13) 0.89767(12) 0.55005(14)
O3_91 O 0.35365(11) 0.86512(11) 0.57954(11)
O4_91 O 0.38450(13) 0.85233(12) 0.55005(14)
Cl1_92 Cl 0.375000 0.375000 0.06365(4)
O1_92 O 0.35365(11) 0.36512(11) 0.07954(11)
O2_92 O 0.38450(13) 0.35233(12) 0.05005(14)
O3_92 O 0.39635(11) 0.38488(11) 0.07954(11)
O4_92 O 0.36550(13) 0.39767(12) 0.05005(14)
Cl1_93 Cl 0.125000 0.43635(4) 0.125000
O1_93 O 0.10365(11) 0.42046(11) 0.11512(11)
O2_93 O 0.13450(13) 0.44995(14) 0.10233(12)
O3_93 O 0.14635(11) 0.42046(11) 0.13488(11)
O4_93 O 0.11550(13) 0.44995(14) 0.14767(12)
Cl1_94 Cl 0.125000 0.93635(4) 0.625000
O1_94 O 0.14635(11) 0.92046(11) 0.63488(11)
O2_94 O 0.11550(13) 0.94995(14) 0.64767(12)
O3_94 O 0.10365(11) 0.92046(11) 0.61512(11)
O4_94 O 0.13450(13) 0.94995(14) 0.60233(12)
Cl1_95 Cl 0.625000 0.81365(4) 0.625000
O1_95 O 0.64635(11) 0.82954(11) 0.61512(11)
O2_95 O 0.61550(13) 0.80005(14) 0.60233(12)
O3_95 O 0.60365(11) 0.82954(11) 0.63488(11)
O4_95 O 0.63450(13) 0.80005(14) 0.64767(12)
Cl1_96 Cl 0.625000 0.31365(4) 0.125000
O1_96 O 0.60365(11) 0.32954(11) 0.13488(11)
O2_96 O 0.63450(13) 0.30005(14) 0.14767(12)
O3_96 O 0.64635(11) 0.32954(11) 0.11512(11)
O4_96 O 0.61550(13) 0.30005(14) 0.10233(12)
Cl2 Cl 0.43569(13) 0.81431(13) 0.31431(13)
O5 O 0.45188(15) 0.79812(15) 0.29812(15)
O6 O 0.4286(3) 0.7970(3) 0.3357(2)
O7 O 0.4530(3) 0.8357(2) 0.3214(3)
O8 O 0.4143(2) 0.8214(3) 0.2970(3)
Cl2_2 Cl 0.81431(13) 0.93569(13) 0.81431(13)
O5_2 O 0.79812(15) 0.95188(15) 0.79812(15)
O6_2 O 0.8214(3) 0.9530(3) 0.8357(2)
O7_2 O 0.7970(3) 0.9143(2) 0.8214(3)
O8_2 O 0.8357(2) 0.9286(3) 0.7970(3)
Cl2_3 Cl 0.31431(13) 0.31431(13) 0.93569(13)
O5_3 O 0.29812(15) 0.29812(15) 0.95188(15)
O6_3 O 0.3214(3) 0.2970(3) 0.9143(2)
O7_3 O 0.2970(3) 0.3357(2) 0.9286(3)
O8_3 O 0.3357(2) 0.3214(3) 0.9530(3)
Cl2_4 Cl 0.93569(13) 0.43569(13) 0.43569(13)
O5_4 O 0.95188(15) 0.45188(15) 0.45188(15)
O6_4 O 0.9286(3) 0.4530(3) 0.4143(2)
O7_4 O 0.9530(3) 0.4143(2) 0.4286(3)
O8_4 O 0.9143(2) 0.4286(3) 0.4530(3)
Cl2_5 Cl 0.31431(13) 0.43569(13) 0.81431(13)
O5_5 O 0.29812(15) 0.45188(15) 0.79812(15)
O6_5 O 0.3357(2) 0.4286(3) 0.7970(3)
O7_5 O 0.3214(3) 0.4530(3) 0.8357(2)
O8_5 O 0.2970(3) 0.4143(2) 0.8214(3)
Cl2_6 Cl 0.81431(13) 0.81431(13) 0.93569(13)
O5_6 O 0.79812(15) 0.79812(15) 0.95188(15)
O6_6 O 0.8357(2) 0.8214(3) 0.9530(3)
O7_6 O 0.8214(3) 0.7970(3) 0.9143(2)
O8_6 O 0.7970(3) 0.8357(2) 0.9286(3)
Cl2_7 Cl 0.93569(13) 0.31431(13) 0.31431(13)
O5_7 O 0.95188(15) 0.29812(15) 0.29812(15)
O6_7 O 0.9143(2) 0.3214(3) 0.2970(3)
O7_7 O 0.9286(3) 0.2970(3) 0.3357(2)
O8_7 O 0.9530(3) 0.3357(2) 0.3214(3)
Cl2_8 Cl 0.43569(13) 0.93569(13) 0.43569(13)
O5_8 O 0.45188(15) 0.95188(15) 0.45188(15)
O6_8 O 0.4143(2) 0.9286(3) 0.4530(3)
O7_8 O 0.4286(3) 0.9530(3) 0.4143(2)
O8_8 O 0.4530(3) 0.9143(2) 0.4286(3)
Cl2_9 Cl 0.81431(13) 0.31431(13) 0.43569(13)
O5_9 O 0.79812(15) 0.29812(15) 0.45188(15)
O6_9 O 0.7970(3) 0.3357(2) 0.4286(3)
O7_9 O 0.8357(2) 0.3214(3) 0.4530(3)
O8_9 O 0.8214(3) 0.2970(3) 0.4143(2)
Cl2_10 Cl 0.93569(13) 0.81431(13) 0.81431(13)
O5_10 O 0.95188(15) 0.79812(15) 0.79812(15)
O6_10 O 0.9530(3) 0.8357(2) 0.8214(3)
O7_10 O 0.9143(2) 0.8214(3) 0.7970(3)
O8_10 O 0.9286(3) 0.7970(3) 0.8357(2)
Cl2_11 Cl 0.31431(13) 0.93569(13) 0.31431(13)
O5_11 O 0.29812(15) 0.95188(15) 0.29812(15)
O6_11 O 0.2970(3) 0.9143(2) 0.3214(3)
O7_11 O 0.3357(2) 0.9286(3) 0.2970(3)
O8_11 O 0.3214(3) 0.9530(3) 0.3357(2)
Cl2_12 Cl 0.43569(13) 0.43569(13) 0.93569(13)
O5_12 O 0.45188(15) 0.45188(15) 0.95188(15)
O6_12 O 0.4530(3) 0.4143(2) 0.9286(3)
O7_12 O 0.4143(2) 0.4286(3) 0.9530(3)
O8_12 O 0.4286(3) 0.4530(3) 0.9143(2)
Cl2_13 Cl 0.56431(13) 0.68569(13) 0.68569(13)
O5_13 O 0.54812(15) 0.70188(15) 0.70188(15)
O6_13 O 0.5470(3) 0.6786(3) 0.6643(2)
O7_13 O 0.5857(2) 0.7030(3) 0.6786(3)
O8_13 O 0.5714(3) 0.6643(2) 0.7030(3)
Cl2_14 Cl 0.68569(13) 0.06431(13) 0.18569(13)
O5_14 O 0.70188(15) 0.04812(15) 0.20188(15)
O6_14 O 0.7030(3) 0.0714(3) 0.1643(2)
O7_14 O 0.6643(2) 0.0470(3) 0.1786(3)
O8_14 O 0.6786(3) 0.0857(2) 0.2030(3)
Cl2_15 Cl 0.06431(13) 0.56431(13) 0.06431(13)
O5_15 O 0.04812(15) 0.54812(15) 0.04812(15)
O6_15 O 0.0470(3) 0.5714(3) 0.0857(2)
O7_15 O 0.0857(2) 0.5470(3) 0.0714(3)
O8_15 O 0.0714(3) 0.5857(2) 0.0470(3)
Cl2_16 Cl 0.18569(13) 0.18569(13) 0.56431(13)
O5_16 O 0.20188(15) 0.20188(15) 0.54812(15)
O6_16 O 0.2030(3) 0.1786(3) 0.5857(2)
O7_16 O 0.1643(2) 0.2030(3) 0.5714(3)
O8_16 O 0.1786(3) 0.1643(2) 0.5470(3)
Cl2_17 Cl 0.18569(13) 0.56431(13) 0.18569(13)
O5_17 O 0.20188(15) 0.54812(15) 0.20188(15)
O6_17 O 0.1786(3) 0.5857(2) 0.2030(3)
O7_17 O 0.2030(3) 0.5714(3) 0.1643(2)
O8_17 O 0.1643(2) 0.5470(3) 0.1786(3)
Cl2_18 Cl 0.56431(13) 0.06431(13) 0.06431(13)
O5_18 O 0.54812(15) 0.04812(15) 0.04812(15)
O6_18 O 0.5714(3) 0.0857(2) 0.0470(3)
O7_18 O 0.5470(3) 0.0714(3) 0.0857(2)
O8_18 O 0.5857(2) 0.0470(3) 0.0714(3)
Cl2_19 Cl 0.06431(13) 0.18569(13) 0.68569(13)
O5_19 O 0.04812(15) 0.20188(15) 0.70188(15)
O6_19 O 0.0714(3) 0.1643(2) 0.7030(3)
O7_19 O 0.0470(3) 0.1786(3) 0.6643(2)
O8_19 O 0.0857(2) 0.2030(3) 0.6786(3)
Cl2_20 Cl 0.68569(13) 0.68569(13) 0.56431(13)
O5_20 O 0.70188(15) 0.70188(15) 0.54812(15)
O6_20 O 0.6786(3) 0.6643(2) 0.5470(3)
O7_20 O 0.7030(3) 0.6786(3) 0.5857(2)
O8_20 O 0.6643(2) 0.7030(3) 0.5714(3)
Cl2_21 Cl 0.06431(13) 0.06431(13) 0.56431(13)
O5_21 O 0.04812(15) 0.04812(15) 0.54812(15)
O6_21 O 0.0857(2) 0.0470(3) 0.5714(3)
O7_21 O 0.0714(3) 0.0857(2) 0.5470(3)
O8_21 O 0.0470(3) 0.0714(3) 0.5857(2)
Cl2_22 Cl 0.56431(13) 0.18569(13) 0.18569(13)
O5_22 O 0.54812(15) 0.20188(15) 0.20188(15)
O6_22 O 0.5857(2) 0.2030(3) 0.1786(3)
O7_22 O 0.5714(3) 0.1643(2) 0.2030(3)
O8_22 O 0.5470(3) 0.1786(3) 0.1643(2)
Cl2_23 Cl 0.68569(13) 0.56431(13) 0.68569(13)
O5_23 O 0.70188(15) 0.54812(15) 0.70188(15)
O6_23 O 0.6643(2) 0.5470(3) 0.6786(3)
O7_23 O 0.6786(3) 0.5857(2) 0.7030(3)
O8_23 O 0.7030(3) 0.5714(3) 0.6643(2)
Cl2_24 Cl 0.18569(13) 0.68569(13) 0.06431(13)
O5_24 O 0.20188(15) 0.70188(15) 0.04812(15)
O6_24 O 0.1643(2) 0.7030(3) 0.0714(3)
O7_24 O 0.1786(3) 0.6643(2) 0.0470(3)
O8_24 O 0.2030(3) 0.6786(3) 0.0857(2)
Cl2_25 Cl 0.43569(13) 0.31431(13) 0.81431(13)
O5_25 O 0.45188(15) 0.29812(15) 0.79812(15)
O6_25 O 0.4286(3) 0.2970(3) 0.8357(2)
O7_25 O 0.4530(3) 0.3357(2) 0.8214(3)
O8_25 O 0.4143(2) 0.3214(3) 0.7970(3)
Cl2_26 Cl 0.81431(13) 0.43569(13) 0.31431(13)
O5_26 O 0.79812(15) 0.45188(15) 0.29812(15)
O6_26 O 0.8214(3) 0.4530(3) 0.3357(2)
O7_26 O 0.7970(3) 0.4143(2) 0.3214(3)
O8_26 O 0.8357(2) 0.4286(3) 0.2970(3)
Cl2_27 Cl 0.31431(13) 0.81431(13) 0.43569(13)
O5_27 O 0.29812(15) 0.79812(15) 0.45188(15)
O6_27 O 0.3214(3) 0.7970(3) 0.4143(2)
O7_27 O 0.2970(3) 0.8357(2) 0.4286(3)
O8_27 O 0.3357(2) 0.8214(3) 0.4530(3)
Cl2_28 Cl 0.93569(13) 0.93569(13) 0.93569(13)
O5_28 O 0.95188(15) 0.95188(15) 0.95188(15)
O6_28 O 0.9286(3) 0.9530(3) 0.9143(2)
O7_28 O 0.9530(3) 0.9143(2) 0.9286(3)
O8_28 O 0.9143(2) 0.9286(3) 0.9530(3)
Cl2_29 Cl 0.18569(13) 0.06431(13) 0.68569(13)
O5_29 O 0.20188(15) 0.04812(15) 0.70188(15)
O6_29 O 0.1786(3) 0.0857(2) 0.7030(3)
O7_29 O 0.2030(3) 0.0714(3) 0.6643(2)
O8_29 O 0.1643(2) 0.0470(3) 0.6786(3)
Cl2_30 Cl 0.56431(13) 0.56431(13) 0.56431(13)
O5_30 O 0.54812(15) 0.54812(15) 0.54812(15)
O6_30 O 0.5714(3) 0.5857(2) 0.5470(3)
O7_30 O 0.5470(3) 0.5714(3) 0.5857(2)
O8_30 O 0.5857(2) 0.5470(3) 0.5714(3)
Cl2_31 Cl 0.06431(13) 0.68569(13) 0.18569(13)
O5_31 O 0.04812(15) 0.70188(15) 0.20188(15)
O6_31 O 0.0714(3) 0.6643(2) 0.2030(3)
O7_31 O 0.0470(3) 0.6786(3) 0.1643(2)
O8_31 O 0.0857(2) 0.7030(3) 0.1786(3)
Cl2_32 Cl 0.68569(13) 0.18569(13) 0.06431(13)
O5_32 O 0.70188(15) 0.20188(15) 0.04812(15)
O6_32 O 0.6786(3) 0.1643(2) 0.0470(3)
O7_32 O 0.7030(3) 0.1786(3) 0.0857(2)
O8_32 O 0.6643(2) 0.2030(3) 0.0714(3)
Cl2_33 Cl 0.56431(13) 0.18569(13) 0.68569(13)
O5_33 O 0.54812(15) 0.20188(15) 0.70188(15)
O6_33 O 0.5714(3) 0.2030(3) 0.6643(2)
O7_33 O 0.5470(3) 0.1643(2) 0.6786(3)
O8_33 O 0.5857(2) 0.1786(3) 0.7030(3)
Cl2_34 Cl 0.18569(13) 0.06431(13) 0.18569(13)
O5_34 O 0.20188(15) 0.04812(15) 0.20188(15)
O6_34 O 0.1786(3) 0.0470(3) 0.1643(2)
O7_34 O 0.2030(3) 0.0857(2) 0.1786(3)
O8_34 O 0.1643(2) 0.0714(3) 0.2030(3)
Cl2_35 Cl 0.68569(13) 0.68569(13) 0.06431(13)
O5_35 O 0.70188(15) 0.70188(15) 0.04812(15)
O6_35 O 0.6786(3) 0.7030(3) 0.0857(2)
O7_35 O 0.7030(3) 0.6643(2) 0.0714(3)
O8_35 O 0.6643(2) 0.6786(3) 0.0470(3)
Cl2_36 Cl 0.06431(13) 0.56431(13) 0.56431(13)
O5_36 O 0.04812(15) 0.54812(15) 0.54812(15)
O6_36 O 0.0714(3) 0.5470(3) 0.5857(2)
O7_36 O 0.0470(3) 0.5857(2) 0.5714(3)
O8_36 O 0.0857(2) 0.5714(3) 0.5470(3)
Cl2_37 Cl 0.68569(13) 0.56431(13) 0.18569(13)
O5_37 O 0.70188(15) 0.54812(15) 0.20188(15)
O6_37 O 0.6643(2) 0.5714(3) 0.2030(3)
O7_37 O 0.6786(3) 0.5470(3) 0.1643(2)
O8_37 O 0.7030(3) 0.5857(2) 0.1786(3)
Cl2_38 Cl 0.18569(13) 0.18569(13) 0.06431(13)
O5_38 O 0.20188(15) 0.20188(15) 0.04812(15)
O6_38 O 0.1643(2) 0.1786(3) 0.0470(3)
O7_38 O 0.1786(3) 0.2030(3) 0.0857(2)
O8_38 O 0.2030(3) 0.1643(2) 0.0714(3)
Cl2_39 Cl 0.06431(13) 0.68569(13) 0.68569(13)
O5_39 O 0.04812(15) 0.70188(15) 0.70188(15)
O6_39 O 0.0857(2) 0.6786(3) 0.7030(3)
O7_39 O 0.0714(3) 0.7030(3) 0.6643(2)
O8_39 O 0.0470(3) 0.6643(2) 0.6786(3)
Cl2_40 Cl 0.56431(13) 0.06431(13) 0.56431(13)
O5_40 O 0.54812(15) 0.04812(15) 0.54812(15)
O6_40 O 0.5857(2) 0.0714(3) 0.5470(3)
O7_40 O 0.5714(3) 0.0470(3) 0.5857(2)
O8_40 O 0.5470(3) 0.0857(2) 0.5714(3)
Cl2_41 Cl 0.18569(13) 0.68569(13) 0.56431(13)
O5_41 O 0.20188(15) 0.70188(15) 0.54812(15)
O6_41 O 0.2030(3) 0.6643(2) 0.5714(3)
O7_41 O 0.1643(2) 0.6786(3) 0.5470(3)
O8_41 O 0.1786(3) 0.7030(3) 0.5857(2)
Cl2_42 Cl 0.06431(13) 0.18569(13) 0.18569(13)
O5_42 O 0.04812(15) 0.20188(15) 0.20188(15)
O6_42 O 0.0470(3) 0.1643(2) 0.1786(3)
O7_42 O 0.0857(2) 0.1786(3) 0.2030(3)
O8_42 O 0.0714(3) 0.2030(3) 0.1643(2)
Cl2_43 Cl 0.68569(13) 0.06431(13) 0.68569(13)
O5_43 O 0.70188(15) 0.04812(15) 0.70188(15)
O6_43 O 0.7030(3) 0.0857(2) 0.6786(3)
O7_43 O 0.6643(2) 0.0714(3) 0.7030(3)
O8_43 O 0.6786(3) 0.0470(3) 0.6643(2)
Cl2_44 Cl 0.56431(13) 0.56431(13) 0.06431(13)
O5_44 O 0.54812(15) 0.54812(15) 0.04812(15)
O6_44 O 0.5470(3) 0.5857(2) 0.0714(3)
O7_44 O 0.5857(2) 0.5714(3) 0.0470(3)
O8_44 O 0.5714(3) 0.5470(3) 0.0857(2)
Cl2_45 Cl 0.43569(13) 0.31431(13) 0.31431(13)
O5_45 O 0.45188(15) 0.29812(15) 0.29812(15)
O6_45 O 0.4530(3) 0.3214(3) 0.3357(2)
O7_45 O 0.4143(2) 0.2970(3) 0.3214(3)
O8_45 O 0.4286(3) 0.3357(2) 0.2970(3)
Cl2_46 Cl 0.31431(13) 0.93569(13) 0.81431(13)
O5_46 O 0.29812(15) 0.95188(15) 0.79812(15)
O6_46 O 0.2970(3) 0.9286(3) 0.8357(2)
O7_46 O 0.3357(2) 0.9530(3) 0.8214(3)
O8_46 O 0.3214(3) 0.9143(2) 0.7970(3)
Cl2_47 Cl 0.93569(13) 0.43569(13) 0.93569(13)
O5_47 O 0.95188(15) 0.45188(15) 0.95188(15)
O6_47 O 0.9530(3) 0.4286(3) 0.9143(2)
O7_47 O 0.9143(2) 0.4530(3) 0.9286(3)
O8_47 O 0.9286(3) 0.4143(2) 0.9530(3)
Cl2_48 Cl 0.81431(13) 0.81431(13) 0.43569(13)
O5_48 O 0.79812(15) 0.79812(15) 0.45188(15)
O6_48 O 0.7970(3) 0.8214(3) 0.4143(2)
O7_48 O 0.8357(2) 0.7970(3) 0.4286(3)
O8_48 O 0.8214(3) 0.8357(2) 0.4530(3)
Cl2_49 Cl 0.81431(13) 0.43569(13) 0.81431(13)
O5_49 O 0.79812(15) 0.45188(15) 0.79812(15)
O6_49 O 0.8214(3) 0.4143(2) 0.7970(3)
O7_49 O 0.7970(3) 0.4286(3) 0.8357(2)
O8_49 O 0.8357(2) 0.4530(3) 0.8214(3)
Cl2_50 Cl 0.43569(13) 0.93569(13) 0.93569(13)
O5_50 O 0.45188(15) 0.95188(15) 0.95188(15)
O6_50 O 0.4286(3) 0.9143(2) 0.9530(3)
O7_50 O 0.4530(3) 0.9286(3) 0.9143(2)
O8_50 O 0.4143(2) 0.9530(3) 0.9286(3)
Cl2_51 Cl 0.93569(13) 0.81431(13) 0.31431(13)
O5_51 O 0.95188(15) 0.79812(15) 0.29812(15)
O6_51 O 0.9286(3) 0.8357(2) 0.2970(3)
O7_51 O 0.9530(3) 0.8214(3) 0.3357(2)
O8_51 O 0.9143(2) 0.7970(3) 0.3214(3)
Cl2_52 Cl 0.31431(13) 0.31431(13) 0.43569(13)
O5_52 O 0.29812(15) 0.29812(15) 0.45188(15)
O6_52 O 0.3214(3) 0.3357(2) 0.4530(3)
O7_52 O 0.2970(3) 0.3214(3) 0.4143(2)
O8_52 O 0.3357(2) 0.2970(3) 0.4286(3)
Cl2_53 Cl 0.93569(13) 0.93569(13) 0.43569(13)
O5_53 O 0.95188(15) 0.95188(15) 0.45188(15)
O6_53 O 0.9143(2) 0.9530(3) 0.4286(3)
O7_53 O 0.9286(3) 0.9143(2) 0.4530(3)
O8_53 O 0.9530(3) 0.9286(3) 0.4143(2)
Cl2_54 Cl 0.43569(13) 0.81431(13) 0.81431(13)
O5_54 O 0.45188(15) 0.79812(15) 0.79812(15)
O6_54 O 0.4143(2) 0.7970(3) 0.8214(3)
O7_54 O 0.4286(3) 0.8357(2) 0.7970(3)
O8_54 O 0.4530(3) 0.8214(3) 0.8357(2)
Cl2_55 Cl 0.31431(13) 0.43569(13) 0.31431(13)
O5_55 O 0.29812(15) 0.45188(15) 0.29812(15)
O6_55 O 0.3357(2) 0.4530(3) 0.3214(3)
O7_55 O 0.3214(3) 0.4143(2) 0.2970(3)
O8_55 O 0.2970(3) 0.4286(3) 0.3357(2)
Cl2_56 Cl 0.81431(13) 0.31431(13) 0.93569(13)
O5_56 O 0.79812(15) 0.29812(15) 0.95188(15)
O6_56 O 0.8357(2) 0.2970(3) 0.9286(3)
O7_56 O 0.8214(3) 0.3357(2) 0.9530(3)
O8_56 O 0.7970(3) 0.3214(3) 0.9143(2)
Cl2_57 Cl 0.56431(13) 0.68569(13) 0.18569(13)
O5_57 O 0.54812(15) 0.70188(15) 0.20188(15)
O6_57 O 0.5714(3) 0.7030(3) 0.1643(2)
O7_57 O 0.5470(3) 0.6643(2) 0.1786(3)
O8_57 O 0.5857(2) 0.6786(3) 0.2030(3)
Cl2_58 Cl 0.18569(13) 0.56431(13) 0.68569(13)
O5_58 O 0.20188(15) 0.54812(15) 0.70188(15)
O6_58 O 0.1786(3) 0.5470(3) 0.6643(2)
O7_58 O 0.2030(3) 0.5857(2) 0.6786(3)
O8_58 O 0.1643(2) 0.5714(3) 0.7030(3)
Cl2_59 Cl 0.68569(13) 0.18569(13) 0.56431(13)
O5_59 O 0.70188(15) 0.20188(15) 0.54812(15)
O6_59 O 0.6786(3) 0.2030(3) 0.5857(2)
O7_59 O 0.7030(3) 0.1643(2) 0.5714(3)
O8_59 O 0.6643(2) 0.1786(3) 0.5470(3)
Cl2_60 Cl 0.06431(13) 0.06431(13) 0.06431(13)
O5_60 O 0.04812(15) 0.04812(15) 0.04812(15)
O6_60 O 0.0714(3) 0.0470(3) 0.0857(2)
O7_60 O 0.0470(3) 0.0857(2) 0.0714(3)
O8_60 O 0.0857(2) 0.0714(3) 0.0470(3)
Cl2_61 Cl 0.81431(13) 0.93569(13) 0.31431(13)
O5_61 O 0.79812(15) 0.95188(15) 0.29812(15)
O6_61 O 0.8214(3) 0.9143(2) 0.2970(3)
O7_61 O 0.7970(3) 0.9286(3) 0.3357(2)
O8_61 O 0.8357(2) 0.9530(3) 0.3214(3)
Cl2_62 Cl 0.43569(13) 0.43569(13) 0.43569(13)
O5_62 O 0.45188(15) 0.45188(15) 0.45188(15)
O6_62 O 0.4286(3) 0.4143(2) 0.4530(3)
O7_62 O 0.4530(3) 0.4286(3) 0.4143(2)
O8_62 O 0.4143(2) 0.4530(3) 0.4286(3)
Cl2_63 Cl 0.93569(13) 0.31431(13) 0.81431(13)
O5_63 O 0.95188(15) 0.29812(15) 0.79812(15)
O6_63 O 0.9286(3) 0.3357(2) 0.7970(3)
O7_63 O 0.9530(3) 0.3214(3) 0.8357(2)
O8_63 O 0.9143(2) 0.2970(3) 0.8214(3)
Cl2_64 Cl 0.31431(13) 0.81431(13) 0.93569(13)
O5_64 O 0.29812(15) 0.79812(15) 0.95188(15)
O6_64 O 0.3214(3) 0.8357(2) 0.9530(3)
O7_64 O 0.2970(3) 0.8214(3) 0.9143(2)
O8_64 O 0.3357(2) 0.7970(3) 0.9286(3)
Cl3 Cl 0.57447(6) 0.500000 0.32447(6)
O9 O 0.5843(2) 0.49564(17) 0.29794(15)
O10 O 0.58585(17) 0.52555(15) 0.3292(2)
O11 O 0.54794(15) 0.50436(17) 0.3343(2)
O12 O 0.5792(2) 0.47445(15) 0.33585(17)
Cl3_2 Cl 0.67553(6) 0.250000 0.82447(6)
O9_2 O 0.6657(2) 0.25436(17) 0.79794(15)
O10_2 O 0.66415(17) 0.22445(15) 0.8292(2)
O11_2 O 0.70206(15) 0.24564(17) 0.8343(2)
O12_2 O 0.6708(2) 0.27555(15) 0.83585(17)
Cl3_3 Cl 0.17553(6) 0.000000 0.92553(6)
O10_3 O 0.16415(17) 0.02555(15) 0.9208(2)
O11_3 O 0.20206(15) 0.00436(17) 0.9157(2)
Cl3_4 Cl 0.17553(6) 1.000000 0.92553(6)
O9_3 O 0.1657(2) 0.99564(17) 0.95206(15)
O12_3 O 0.1708(2) 0.97445(15) 0.91415(17)
Cl3_5 Cl 0.07447(6) 0.750000 0.42553(6)
O9_4 O 0.0843(2) 0.75436(17) 0.45206(15)
O10_4 O 0.08585(17) 0.72445(15) 0.4208(2)
O11_4 O 0.04794(15) 0.74564(17) 0.4157(2)
O12_4 O 0.0792(2) 0.77555(15) 0.41415(17)
Cl3_6 Cl 0.32447(6) 0.57447(6) 0.500000
O9_5 O 0.29794(15) 0.5843(2) 0.49564(17)
O10_5 O 0.3292(2) 0.58585(17) 0.52555(15)
O11_5 O 0.3343(2) 0.54794(15) 0.50436(17)
O12_5 O 0.33585(17) 0.5792(2) 0.47445(15)
Cl3_7 Cl 0.82447(6) 0.67553(6) 0.250000
O9_6 O 0.79794(15) 0.6657(2) 0.25436(17)
O10_6 O 0.8292(2) 0.66415(17) 0.22445(15)
O11_6 O 0.8343(2) 0.70206(15) 0.24564(17)
O12_6 O 0.83585(17) 0.6708(2) 0.27555(15)
Cl3_8 Cl 0.92553(6) 0.17553(6) 0.000000
O10_7 O 0.9208(2) 0.16415(17) 0.02555(15)
O11_7 O 0.9157(2) 0.20206(15) 0.00436(17)
Cl3_9 Cl 0.92553(6) 0.17553(6) 1.000000
O9_7 O 0.95206(15) 0.1657(2) 0.99564(17)
O12_7 O 0.91415(17) 0.1708(2) 0.97445(15)
Cl3_10 Cl 0.42553(6) 0.07447(6) 0.750000
O9_8 O 0.45206(15) 0.0843(2) 0.75436(17)
O10_8 O 0.4208(2) 0.08585(17) 0.72445(15)
O11_8 O 0.4157(2) 0.04794(15) 0.74564(17)
O12_8 O 0.41415(17) 0.0792(2) 0.77555(15)
Cl3_11 Cl 0.500000 0.32447(6) 0.57447(6)
O9_9 O 0.49564(17) 0.29794(15) 0.5843(2)
O10_9 O 0.52555(15) 0.3292(2) 0.58585(17)
O11_9 O 0.50436(17) 0.3343(2) 0.54794(15)
O12_9 O 0.47445(15) 0.33585(17) 0.5792(2)
Cl3_12 Cl 0.250000 0.82447(6) 0.67553(6)
O9_10 O 0.25436(17) 0.79794(15) 0.6657(2)
O10_10 O 0.22445(15) 0.8292(2) 0.66415(17)
O11_10 O 0.24564(17) 0.8343(2) 0.70206(15)
O12_10 O 0.27555(15) 0.83585(17) 0.6708(2)
Cl3_13 Cl -0.000000 0.92553(6) 0.17553(6)
O10_11 O 0.02555(15) 0.9208(2) 0.16415(17)
O11_11 O 0.00436(17) 0.9157(2) 0.20206(15)
Cl3_14 Cl 1.000000 0.92553(6) 0.17553(6)
O9_11 O 0.99564(17) 0.95206(15) 0.1657(2)
O12_11 O 0.97445(15) 0.91415(17) 0.1708(2)
Cl3_15 Cl 0.750000 0.42553(6) 0.07447(6)
O9_12 O 0.75436(17) 0.45206(15) 0.0843(2)
O10_12 O 0.72445(15) 0.4208(2) 0.08585(17)
O11_12 O 0.74564(17) 0.4157(2) 0.04794(15)
O12_12 O 0.77555(15) 0.41415(17) 0.0792(2)
Cl3_16 Cl 0.57447(6) 0.000000 0.82447(6)
O10_13 O 0.58585(17) 0.02555(15) 0.8292(2)
O11_13 O 0.54794(15) 0.00436(17) 0.8343(2)
Cl3_17 Cl 0.57447(6) 1.000000 0.82447(6)
O9_13 O 0.5843(2) 0.99564(17) 0.79794(15)
O12_13 O 0.5792(2) 0.97445(15) 0.83585(17)
Cl3_18 Cl 0.67553(6) 0.750000 0.32447(6)
O9_14 O 0.6657(2) 0.75436(17) 0.29794(15)
O10_14 O 0.66415(17) 0.72445(15) 0.3292(2)
O11_14 O 0.70206(15) 0.74564(17) 0.3343(2)
O12_14 O 0.6708(2) 0.77555(15) 0.33585(17)
Cl3_19 Cl 0.17553(6) 0.500000 0.42553(6)
O9_15 O 0.1657(2) 0.49564(17) 0.45206(15)
O10_15 O 0.16415(17) 0.52555(15) 0.4208(2)
O11_15 O 0.20206(15) 0.50436(17) 0.4157(2)
O12_15 O 0.1708(2) 0.47445(15) 0.41415(17)
Cl3_20 Cl 0.07447(6) 0.250000 0.92553(6)
O9_16 O 0.0843(2) 0.25436(17) 0.95206(15)
O10_16 O 0.08585(17) 0.22445(15) 0.9208(2)
O11_16 O 0.04794(15) 0.24564(17) 0.9157(2)
O12_16 O 0.0792(2) 0.27555(15) 0.91415(17)
Cl3_21 Cl 0.32447(6) 0.07447(6) 0.000000
O10_17 O 0.3292(2) 0.08585(17) 0.02555(15)
O11_17 O 0.3343(2) 0.04794(15) 0.00436(17)
Cl3_22 Cl 0.32447(6) 0.07447(6) 1.000000
O9_17 O 0.29794(15) 0.0843(2) 0.99564(17)
O12_17 O 0.33585(17) 0.0792(2) 0.97445(15)
Cl3_23 Cl 0.82447(6) 0.17553(6) 0.750000
O9_18 O 0.79794(15) 0.1657(2) 0.75436(17)
O10_18 O 0.8292(2) 0.16415(17) 0.72445(15)
O11_18 O 0.8343(2) 0.20206(15) 0.74564(17)
O12_18 O 0.83585(17) 0.1708(2) 0.77555(15)
Cl3_24 Cl 0.92553(6) 0.67553(6) 0.500000
O9_19 O 0.95206(15) 0.6657(2) 0.49564(17)
O10_19 O 0.9208(2) 0.66415(17) 0.52555(15)
O11_19 O 0.9157(2) 0.70206(15) 0.50436(17)
O12_19 O 0.91415(17) 0.6708(2) 0.47445(15)
Cl3_25 Cl 0.42553(6) 0.57447(6) 0.250000
O9_20 O 0.45206(15) 0.5843(2) 0.25436(17)
O10_20 O 0.4208(2) 0.58585(17) 0.22445(15)
O11_20 O 0.4157(2) 0.54794(15) 0.24564(17)
O12_20 O 0.41415(17) 0.5792(2) 0.27555(15)
Cl3_26 Cl 0.500000 0.82447(6) 0.07447(6)
O9_21 O 0.49564(17) 0.79794(15) 0.0843(2)
O10_21 O 0.52555(15) 0.8292(2) 0.08585(17)
O11_21 O 0.50436(17) 0.8343(2) 0.04794(15)
O12_21 O 0.47445(15) 0.83585(17) 0.0792(2)
Cl3_27 Cl 0.250000 0.32447(6) 0.17553(6)
O9_22 O 0.25436(17) 0.29794(15) 0.1657(2)
