
###############################################################################
#
# This file contains modified crystal structure data generated from the
# MOF subset of the Cambridge Structural Database (CSD) v543 
# hosted by the Cambridge Crystallographic Data Centre (CCDC).
#
# This work is licensed under the Creative Commons
# Attribution-NonCommercial-ShareAlike 4.0 International License.
# To view a copy of this license, visit
# http://creativecommons.org/licenses/by-nc-sa/4.0/
# or send a letter to
# Creative Commons, PO Box 1866, Mountain View, CA 94042, USA.
#
# CIF created using the CSD Python API on 29 September 2022
# The structure has been converted into the P1 space group
# The structure has a 3D framework
# The original CSD entry OMITUB is in the cubic crystal system
# The framework has been calculated to contain at least 10.0% void space
# The void calculation uses a probe of radius 1.32A, grid spacing 0.4
# The framework is charged, counterions have been retained in the structure
# H atom positions have been added when not included in the experimental data
# Generated hydrogen atom positions removed from atoms on special positions
#
###############################################################################

data_OMITUB
_chemical_formula_moiety         '(C864 H2208 Cu240 Mo96 N384 O1048 Si8 28+)n'
_symmetry_cell_setting           triclinic
_symmetry_space_group_name_H-M   'P 1'
_symmetry_Int_Tables_number      1
_space_group_name_Hall           'P 1'
loop_
_symmetry_equiv_pos_site_id
_symmetry_equiv_pos_as_xyz
1 x,y,z
_cell_length_a                   44.614(5)
_cell_length_b                   44.614(5)
_cell_length_c                   44.614(5)
_cell_angle_alpha                90
_cell_angle_beta                 90
_cell_angle_gamma                90
_cell_volume                     88800.1
loop_
_atom_site_label
_atom_site_type_symbol
_atom_site_fract_x
_atom_site_fract_y
_atom_site_fract_z
Mo1 Mo 0.19440(2) 0.25295(3) 0.80560(2)
O1 O 0.18420(18) 0.22594(15) 0.77406(15)
O2 O 0.1735(2) 0.28364(15) 0.78364(15)
O3 O 0.22919(18) 0.27081(18) 0.77081(18)
O4 O 0.16842(14) 0.2450(2) 0.83158(14)
Si1 Si 0.2500 0.2500 0.7500
O5 O 0.22919(18) 0.22919(18) 0.72919(18)
O6 O 0.27081(18) 0.22919(18) 0.77081(18)
O7 O 0.27081(18) 0.27081(18) 0.72919(18)
Mo2 Mo 0.19440(2) 0.19440(2) 0.74705(3)
O8 O 0.22594(15) 0.18420(18) 0.77406(15)
O9 O 0.21636(15) 0.1735(2) 0.71636(15)
O10 O 0.16842(14) 0.16842(14) 0.7550(2)
Mo3 Mo 0.25295(3) 0.19440(2) 0.80560(2)
O11 O 0.22594(15) 0.22594(15) 0.81580(18)
O12 O 0.28364(15) 0.21636(15) 0.8265(2)
O13 O 0.2450(2) 0.16842(14) 0.83158(14)
Mo4 Mo 0.19440(2) 0.24705(3) 0.69440(2)
O14 O 0.18420(18) 0.27406(15) 0.72594(15)
O15 O 0.1735(2) 0.21636(15) 0.71636(15)
O16 O 0.16842(14) 0.2550(2) 0.66842(14)
Mo5 Mo 0.25295(3) 0.30560(2) 0.69440(2)
O17 O 0.22594(15) 0.27406(15) 0.68420(18)
O18 O 0.28364(15) 0.28364(15) 0.6735(2)
O19 O 0.2450(2) 0.33158(14) 0.66842(14)
Mo6 Mo 0.19440(2) 0.30560(2) 0.75295(3)
O20 O 0.22594(15) 0.31580(18) 0.72594(15)
O21 O 0.21636(15) 0.3265(2) 0.78364(15)
O22 O 0.16842(14) 0.33158(14) 0.7450(2)
Mo7 Mo 0.30560(2) 0.25295(3) 0.69440(2)
O23 O 0.31580(18) 0.22594(15) 0.72594(15)
O24 O 0.3265(2) 0.28364(15) 0.71636(15)
O25 O 0.33158(14) 0.2450(2) 0.66842(14)
Mo8 Mo 0.30560(2) 0.19440(2) 0.75295(3)
O26 O 0.27406(15) 0.18420(18) 0.72594(15)
O27 O 0.28364(15) 0.1735(2) 0.78364(15)
O28 O 0.33158(14) 0.16842(14) 0.7450(2)
Mo9 Mo 0.24705(3) 0.19440(2) 0.69440(2)
O29 O 0.27406(15) 0.22594(15) 0.68420(18)
O30 O 0.21636(15) 0.21636(15) 0.6735(2)
O31 O 0.2550(2) 0.16842(14) 0.66842(14)
Mo10 Mo 0.30560(2) 0.24705(3) 0.80560(2)
O32 O 0.31580(18) 0.27406(15) 0.77406(15)
O33 O 0.3265(2) 0.21636(15) 0.78364(15)
O34 O 0.33158(14) 0.2550(2) 0.83158(14)
Mo11 Mo 0.24705(3) 0.30560(2) 0.80560(2)
O35 O 0.27406(15) 0.27406(15) 0.81580(18)
O36 O 0.21636(15) 0.28364(15) 0.8265(2)
O37 O 0.2550(2) 0.33158(14) 0.83158(14)
Mo12 Mo 0.30560(2) 0.30560(2) 0.74705(3)
O38 O 0.27406(15) 0.31580(18) 0.77406(15)
O39 O 0.28364(15) 0.3265(2) 0.71636(15)
O40 O 0.33158(14) 0.33158(14) 0.7550(2)
Mo1_2 Mo 0.80560(2) 0.74705(3) 0.80560(2)
O1_2 O 0.81580(18) 0.77406(15) 0.77406(15)
O2_2 O 0.8265(2) 0.71636(15) 0.78364(15)
O3_2 O 0.77081(18) 0.72919(18) 0.77081(18)
O4_2 O 0.83158(14) 0.7550(2) 0.83158(14)
Si1_2 Si 0.7500 0.7500 0.7500
O5_2 O 0.77081(18) 0.77081(18) 0.72919(18)
O6_2 O 0.72919(18) 0.77081(18) 0.77081(18)
O7_2 O 0.72919(18) 0.72919(18) 0.72919(18)
Mo2_2 Mo 0.80560(2) 0.80560(2) 0.74705(3)
O8_2 O 0.77406(15) 0.81580(18) 0.77406(15)
O9_2 O 0.78364(15) 0.8265(2) 0.71636(15)
O10_2 O 0.83158(14) 0.83158(14) 0.7550(2)
Mo3_2 Mo 0.74705(3) 0.80560(2) 0.80560(2)
O11_2 O 0.77406(15) 0.77406(15) 0.81580(18)
O12_2 O 0.71636(15) 0.78364(15) 0.8265(2)
O13_2 O 0.7550(2) 0.83158(14) 0.83158(14)
Mo4_2 Mo 0.80560(2) 0.75295(3) 0.69440(2)
O14_2 O 0.81580(18) 0.72594(15) 0.72594(15)
O15_2 O 0.8265(2) 0.78364(15) 0.71636(15)
O16_2 O 0.83158(14) 0.7450(2) 0.66842(14)
Mo5_2 Mo 0.74705(3) 0.69440(2) 0.69440(2)
O17_2 O 0.77406(15) 0.72594(15) 0.68420(18)
O18_2 O 0.71636(15) 0.71636(15) 0.6735(2)
O19_2 O 0.7550(2) 0.66842(14) 0.66842(14)
Mo6_2 Mo 0.80560(2) 0.69440(2) 0.75295(3)
O20_2 O 0.77406(15) 0.68420(18) 0.72594(15)
O21_2 O 0.78364(15) 0.6735(2) 0.78364(15)
O22_2 O 0.83158(14) 0.66842(14) 0.7450(2)
Mo7_2 Mo 0.69440(2) 0.74705(3) 0.69440(2)
O23_2 O 0.68420(18) 0.77406(15) 0.72594(15)
O24_2 O 0.6735(2) 0.71636(15) 0.71636(15)
O25_2 O 0.66842(14) 0.7550(2) 0.66842(14)
Mo8_2 Mo 0.69440(2) 0.80560(2) 0.75295(3)
O26_2 O 0.72594(15) 0.81580(18) 0.72594(15)
O27_2 O 0.71636(15) 0.8265(2) 0.78364(15)
O28_2 O 0.66842(14) 0.83158(14) 0.7450(2)
Mo9_2 Mo 0.75295(3) 0.80560(2) 0.69440(2)
O29_2 O 0.72594(15) 0.77406(15) 0.68420(18)
O30_2 O 0.78364(15) 0.78364(15) 0.6735(2)
O31_2 O 0.7450(2) 0.83158(14) 0.66842(14)
Mo10_2 Mo 0.69440(2) 0.75295(3) 0.80560(2)
O32_2 O 0.68420(18) 0.72594(15) 0.77406(15)
O33_2 O 0.6735(2) 0.78364(15) 0.78364(15)
O34_2 O 0.66842(14) 0.7450(2) 0.83158(14)
Mo11_2 Mo 0.75295(3) 0.69440(2) 0.80560(2)
O35_2 O 0.72594(15) 0.72594(15) 0.81580(18)
O36_2 O 0.78364(15) 0.71636(15) 0.8265(2)
O37_2 O 0.7450(2) 0.66842(14) 0.83158(14)
Mo12_2 Mo 0.69440(2) 0.69440(2) 0.74705(3)
O38_2 O 0.72594(15) 0.68420(18) 0.77406(15)
O39_2 O 0.71636(15) 0.6735(2) 0.71636(15)
O40_2 O 0.66842(14) 0.66842(14) 0.7550(2)
Mo1_3 Mo 0.19440(2) 0.74705(3) 0.19440(2)
O1_3 O 0.18420(18) 0.77406(15) 0.22594(15)
O2_3 O 0.1735(2) 0.71636(15) 0.21636(15)
O3_3 O 0.22919(18) 0.72919(18) 0.22919(18)
O4_3 O 0.16842(14) 0.7550(2) 0.16842(14)
Si1_3 Si 0.2500 0.7500 0.2500
O5_3 O 0.22919(18) 0.77081(18) 0.27081(18)
O6_3 O 0.27081(18) 0.77081(18) 0.22919(18)
O7_3 O 0.27081(18) 0.72919(18) 0.27081(18)
Mo2_3 Mo 0.19440(2) 0.80560(2) 0.25295(3)
O8_3 O 0.22594(15) 0.81580(18) 0.22594(15)
O9_3 O 0.21636(15) 0.8265(2) 0.28364(15)
O10_3 O 0.16842(14) 0.83158(14) 0.2450(2)
Mo3_3 Mo 0.25295(3) 0.80560(2) 0.19440(2)
O11_3 O 0.22594(15) 0.77406(15) 0.18420(18)
O12_3 O 0.28364(15) 0.78364(15) 0.1735(2)
O13_3 O 0.2450(2) 0.83158(14) 0.16842(14)
Mo4_3 Mo 0.19440(2) 0.75295(3) 0.30560(2)
O14_3 O 0.18420(18) 0.72594(15) 0.27406(15)
O15_3 O 0.1735(2) 0.78364(15) 0.28364(15)
O16_3 O 0.16842(14) 0.7450(2) 0.33158(14)
Mo5_3 Mo 0.25295(3) 0.69440(2) 0.30560(2)
O17_3 O 0.22594(15) 0.72594(15) 0.31580(18)
O18_3 O 0.28364(15) 0.71636(15) 0.3265(2)
O19_3 O 0.2450(2) 0.66842(14) 0.33158(14)
Mo6_3 Mo 0.19440(2) 0.69440(2) 0.24705(3)
O20_3 O 0.22594(15) 0.68420(18) 0.27406(15)
O21_3 O 0.21636(15) 0.6735(2) 0.21636(15)
O22_3 O 0.16842(14) 0.66842(14) 0.2550(2)
Mo7_3 Mo 0.30560(2) 0.74705(3) 0.30560(2)
O23_3 O 0.31580(18) 0.77406(15) 0.27406(15)
O24_3 O 0.3265(2) 0.71636(15) 0.28364(15)
O25_3 O 0.33158(14) 0.7550(2) 0.33158(14)
Mo8_3 Mo 0.30560(2) 0.80560(2) 0.24705(3)
O26_3 O 0.27406(15) 0.81580(18) 0.27406(15)
O27_3 O 0.28364(15) 0.8265(2) 0.21636(15)
O28_3 O 0.33158(14) 0.83158(14) 0.2550(2)
Mo9_3 Mo 0.24705(3) 0.80560(2) 0.30560(2)
O29_3 O 0.27406(15) 0.77406(15) 0.31580(18)
O30_3 O 0.21636(15) 0.78364(15) 0.3265(2)
O31_3 O 0.2550(2) 0.83158(14) 0.33158(14)
Mo10_3 Mo 0.30560(2) 0.75295(3) 0.19440(2)
O32_3 O 0.31580(18) 0.72594(15) 0.22594(15)
O33_3 O 0.3265(2) 0.78364(15) 0.21636(15)
O34_3 O 0.33158(14) 0.7450(2) 0.16842(14)
Mo11_3 Mo 0.24705(3) 0.69440(2) 0.19440(2)
O35_3 O 0.27406(15) 0.72594(15) 0.18420(18)
O36_3 O 0.21636(15) 0.71636(15) 0.1735(2)
O37_3 O 0.2550(2) 0.66842(14) 0.16842(14)
Mo12_3 Mo 0.30560(2) 0.69440(2) 0.25295(3)
O38_3 O 0.27406(15) 0.68420(18) 0.22594(15)
O39_3 O 0.28364(15) 0.6735(2) 0.28364(15)
O40_3 O 0.33158(14) 0.66842(14) 0.2450(2)
Mo1_4 Mo 0.80560(2) 0.25295(3) 0.19440(2)
O1_4 O 0.81580(18) 0.22594(15) 0.22594(15)
O2_4 O 0.8265(2) 0.28364(15) 0.21636(15)
O3_4 O 0.77081(18) 0.27081(18) 0.22919(18)
O4_4 O 0.83158(14) 0.2450(2) 0.16842(14)
Si1_4 Si 0.7500 0.2500 0.2500
O5_4 O 0.77081(18) 0.22919(18) 0.27081(18)
O6_4 O 0.72919(18) 0.22919(18) 0.22919(18)
O7_4 O 0.72919(18) 0.27081(18) 0.27081(18)
Mo2_4 Mo 0.80560(2) 0.19440(2) 0.25295(3)
O8_4 O 0.77406(15) 0.18420(18) 0.22594(15)
O9_4 O 0.78364(15) 0.1735(2) 0.28364(15)
O10_4 O 0.83158(14) 0.16842(14) 0.2450(2)
Mo3_4 Mo 0.74705(3) 0.19440(2) 0.19440(2)
O11_4 O 0.77406(15) 0.22594(15) 0.18420(18)
O12_4 O 0.71636(15) 0.21636(15) 0.1735(2)
O13_4 O 0.7550(2) 0.16842(14) 0.16842(14)
Mo4_4 Mo 0.80560(2) 0.24705(3) 0.30560(2)
O14_4 O 0.81580(18) 0.27406(15) 0.27406(15)
O15_4 O 0.8265(2) 0.21636(15) 0.28364(15)
O16_4 O 0.83158(14) 0.2550(2) 0.33158(14)
Mo5_4 Mo 0.74705(3) 0.30560(2) 0.30560(2)
O17_4 O 0.77406(15) 0.27406(15) 0.31580(18)
O18_4 O 0.71636(15) 0.28364(15) 0.3265(2)
O19_4 O 0.7550(2) 0.33158(14) 0.33158(14)
Mo6_4 Mo 0.80560(2) 0.30560(2) 0.24705(3)
O20_4 O 0.77406(15) 0.31580(18) 0.27406(15)
O21_4 O 0.78364(15) 0.3265(2) 0.21636(15)
O22_4 O 0.83158(14) 0.33158(14) 0.2550(2)
Mo7_4 Mo 0.69440(2) 0.25295(3) 0.30560(2)
O23_4 O 0.68420(18) 0.22594(15) 0.27406(15)
O24_4 O 0.6735(2) 0.28364(15) 0.28364(15)
O25_4 O 0.66842(14) 0.2450(2) 0.33158(14)
Mo8_4 Mo 0.69440(2) 0.19440(2) 0.24705(3)
O26_4 O 0.72594(15) 0.18420(18) 0.27406(15)
O27_4 O 0.71636(15) 0.1735(2) 0.21636(15)
O28_4 O 0.66842(14) 0.16842(14) 0.2550(2)
Mo9_4 Mo 0.75295(3) 0.19440(2) 0.30560(2)
O29_4 O 0.72594(15) 0.22594(15) 0.31580(18)
O30_4 O 0.78364(15) 0.21636(15) 0.3265(2)
O31_4 O 0.7450(2) 0.16842(14) 0.33158(14)
Mo10_4 Mo 0.69440(2) 0.24705(3) 0.19440(2)
O32_4 O 0.68420(18) 0.27406(15) 0.22594(15)
O33_4 O 0.6735(2) 0.21636(15) 0.21636(15)
O34_4 O 0.66842(14) 0.2550(2) 0.16842(14)
Mo11_4 Mo 0.75295(3) 0.30560(2) 0.19440(2)
O35_4 O 0.72594(15) 0.27406(15) 0.18420(18)
O36_4 O 0.78364(15) 0.28364(15) 0.1735(2)
O37_4 O 0.7450(2) 0.33158(14) 0.16842(14)
Mo12_4 Mo 0.69440(2) 0.30560(2) 0.25295(3)
O38_4 O 0.72594(15) 0.31580(18) 0.22594(15)
O39_4 O 0.71636(15) 0.3265(2) 0.28364(15)
O40_4 O 0.66842(14) 0.33158(14) 0.2450(2)
Mo1_5 Mo 0.74705(3) 0.80560(2) 0.19440(2)
O1_5 O 0.77406(15) 0.81580(18) 0.22594(15)
O2_5 O 0.71636(15) 0.8265(2) 0.21636(15)
O3_5 O 0.72919(18) 0.77081(18) 0.22919(18)
O4_5 O 0.7550(2) 0.83158(14) 0.16842(14)
Si1_5 Si 0.7500 0.7500 0.2500
O5_5 O 0.77081(18) 0.77081(18) 0.27081(18)
O6_5 O 0.77081(18) 0.72919(18) 0.22919(18)
O7_5 O 0.72919(18) 0.72919(18) 0.27081(18)
Mo2_5 Mo 0.80560(2) 0.80560(2) 0.25295(3)
O8_5 O 0.81580(18) 0.77406(15) 0.22594(15)
O9_5 O 0.8265(2) 0.78364(15) 0.28364(15)
O10_5 O 0.83158(14) 0.83158(14) 0.2450(2)
Mo3_5 Mo 0.80560(2) 0.74705(3) 0.19440(2)
O11_5 O 0.77406(15) 0.77406(15) 0.18420(18)
O12_5 O 0.78364(15) 0.71636(15) 0.1735(2)
O13_5 O 0.83158(14) 0.7550(2) 0.16842(14)
Mo4_5 Mo 0.75295(3) 0.80560(2) 0.30560(2)
O14_5 O 0.72594(15) 0.81580(18) 0.27406(15)
O15_5 O 0.78364(15) 0.8265(2) 0.28364(15)
O16_5 O 0.7450(2) 0.83158(14) 0.33158(14)
Mo5_5 Mo 0.69440(2) 0.74705(3) 0.30560(2)
O17_5 O 0.72594(15) 0.77406(15) 0.31580(18)
O18_5 O 0.71636(15) 0.71636(15) 0.3265(2)
O19_5 O 0.66842(14) 0.7550(2) 0.33158(14)
Mo6_5 Mo 0.69440(2) 0.80560(2) 0.24705(3)
O20_5 O 0.68420(18) 0.77406(15) 0.27406(15)
O21_5 O 0.6735(2) 0.78364(15) 0.21636(15)
O22_5 O 0.66842(14) 0.83158(14) 0.2550(2)
Mo7_5 Mo 0.74705(3) 0.69440(2) 0.30560(2)
O23_5 O 0.77406(15) 0.68420(18) 0.27406(15)
O24_5 O 0.71636(15) 0.6735(2) 0.28364(15)
O25_5 O 0.7550(2) 0.66842(14) 0.33158(14)
Mo8_5 Mo 0.80560(2) 0.69440(2) 0.24705(3)
O26_5 O 0.81580(18) 0.72594(15) 0.27406(15)
O27_5 O 0.8265(2) 0.71636(15) 0.21636(15)
O28_5 O 0.83158(14) 0.66842(14) 0.2550(2)
Mo9_5 Mo 0.80560(2) 0.75295(3) 0.30560(2)
O29_5 O 0.77406(15) 0.72594(15) 0.31580(18)
O30_5 O 0.78364(15) 0.78364(15) 0.3265(2)
O31_5 O 0.83158(14) 0.7450(2) 0.33158(14)
Mo10_5 Mo 0.75295(3) 0.69440(2) 0.19440(2)
O32_5 O 0.72594(15) 0.68420(18) 0.22594(15)
O33_5 O 0.78364(15) 0.6735(2) 0.21636(15)
O34_5 O 0.7450(2) 0.66842(14) 0.16842(14)
Mo11_5 Mo 0.69440(2) 0.75295(3) 0.19440(2)
O35_5 O 0.72594(15) 0.72594(15) 0.18420(18)
O36_5 O 0.71636(15) 0.78364(15) 0.1735(2)
O37_5 O 0.66842(14) 0.7450(2) 0.16842(14)
Mo12_5 Mo 0.69440(2) 0.69440(2) 0.25295(3)
O38_5 O 0.68420(18) 0.72594(15) 0.22594(15)
O39_5 O 0.6735(2) 0.71636(15) 0.28364(15)
O40_5 O 0.66842(14) 0.66842(14) 0.2450(2)
Mo1_6 Mo 0.25295(3) 0.19440(2) 0.19440(2)
O1_6 O 0.22594(15) 0.18420(18) 0.22594(15)
O2_6 O 0.28364(15) 0.1735(2) 0.21636(15)
O3_6 O 0.27081(18) 0.22919(18) 0.22919(18)
O4_6 O 0.2450(2) 0.16842(14) 0.16842(14)
Si1_6 Si 0.2500 0.2500 0.2500
O5_6 O 0.22919(18) 0.22919(18) 0.27081(18)
O6_6 O 0.22919(18) 0.27081(18) 0.22919(18)
O7_6 O 0.27081(18) 0.27081(18) 0.27081(18)
Mo2_6 Mo 0.19440(2) 0.19440(2) 0.25295(3)
O8_6 O 0.18420(18) 0.22594(15) 0.22594(15)
O9_6 O 0.1735(2) 0.21636(15) 0.28364(15)
O10_6 O 0.16842(14) 0.16842(14) 0.2450(2)
Mo3_6 Mo 0.19440(2) 0.25295(3) 0.19440(2)
O11_6 O 0.22594(15) 0.22594(15) 0.18420(18)
O12_6 O 0.21636(15) 0.28364(15) 0.1735(2)
O13_6 O 0.16842(14) 0.2450(2) 0.16842(14)
Mo4_6 Mo 0.24705(3) 0.19440(2) 0.30560(2)
O14_6 O 0.27406(15) 0.18420(18) 0.27406(15)
O15_6 O 0.21636(15) 0.1735(2) 0.28364(15)
O16_6 O 0.2550(2) 0.16842(14) 0.33158(14)
Mo5_6 Mo 0.30560(2) 0.25295(3) 0.30560(2)
O17_6 O 0.27406(15) 0.22594(15) 0.31580(18)
O18_6 O 0.28364(15) 0.28364(15) 0.3265(2)
O19_6 O 0.33158(14) 0.2450(2) 0.33158(14)
Mo6_6 Mo 0.30560(2) 0.19440(2) 0.24705(3)
O20_6 O 0.31580(18) 0.22594(15) 0.27406(15)
O21_6 O 0.3265(2) 0.21636(15) 0.21636(15)
O22_6 O 0.33158(14) 0.16842(14) 0.2550(2)
Mo7_6 Mo 0.25295(3) 0.30560(2) 0.30560(2)
O23_6 O 0.22594(15) 0.31580(18) 0.27406(15)
O24_6 O 0.28364(15) 0.3265(2) 0.28364(15)
O25_6 O 0.2450(2) 0.33158(14) 0.33158(14)
Mo8_6 Mo 0.19440(2) 0.30560(2) 0.24705(3)
O26_6 O 0.18420(18) 0.27406(15) 0.27406(15)
O27_6 O 0.1735(2) 0.28364(15) 0.21636(15)
O28_6 O 0.16842(14) 0.33158(14) 0.2550(2)
Mo9_6 Mo 0.19440(2) 0.24705(3) 0.30560(2)
O29_6 O 0.22594(15) 0.27406(15) 0.31580(18)
O30_6 O 0.21636(15) 0.21636(15) 0.3265(2)
O31_6 O 0.16842(14) 0.2550(2) 0.33158(14)
Mo10_6 Mo 0.24705(3) 0.30560(2) 0.19440(2)
O32_6 O 0.27406(15) 0.31580(18) 0.22594(15)
O33_6 O 0.21636(15) 0.3265(2) 0.21636(15)
O34_6 O 0.2550(2) 0.33158(14) 0.16842(14)
Mo11_6 Mo 0.30560(2) 0.24705(3) 0.19440(2)
O35_6 O 0.27406(15) 0.27406(15) 0.18420(18)
O36_6 O 0.28364(15) 0.21636(15) 0.1735(2)
O37_6 O 0.33158(14) 0.2550(2) 0.16842(14)
Mo12_6 Mo 0.30560(2) 0.30560(2) 0.25295(3)
O38_6 O 0.31580(18) 0.27406(15) 0.22594(15)
O39_6 O 0.3265(2) 0.28364(15) 0.28364(15)
O40_6 O 0.33158(14) 0.33158(14) 0.2450(2)
Mo1_7 Mo 0.25295(3) 0.80560(2) 0.80560(2)
O1_7 O 0.22594(15) 0.81580(18) 0.77406(15)
O2_7 O 0.28364(15) 0.8265(2) 0.78364(15)
O3_7 O 0.27081(18) 0.77081(18) 0.77081(18)
O4_7 O 0.2450(2) 0.83158(14) 0.83158(14)
Si1_7 Si 0.2500 0.7500 0.7500
O5_7 O 0.22919(18) 0.77081(18) 0.72919(18)
O6_7 O 0.22919(18) 0.72919(18) 0.77081(18)
O7_7 O 0.27081(18) 0.72919(18) 0.72919(18)
Mo2_7 Mo 0.19440(2) 0.80560(2) 0.74705(3)
O8_7 O 0.18420(18) 0.77406(15) 0.77406(15)
O9_7 O 0.1735(2) 0.78364(15) 0.71636(15)
O10_7 O 0.16842(14) 0.83158(14) 0.7550(2)
Mo3_7 Mo 0.19440(2) 0.74705(3) 0.80560(2)
O11_7 O 0.22594(15) 0.77406(15) 0.81580(18)
O12_7 O 0.21636(15) 0.71636(15) 0.8265(2)
O13_7 O 0.16842(14) 0.7550(2) 0.83158(14)
Mo4_7 Mo 0.24705(3) 0.80560(2) 0.69440(2)
O14_7 O 0.27406(15) 0.81580(18) 0.72594(15)
O15_7 O 0.21636(15) 0.8265(2) 0.71636(15)
O16_7 O 0.2550(2) 0.83158(14) 0.66842(14)
Mo5_7 Mo 0.30560(2) 0.74705(3) 0.69440(2)
O17_7 O 0.27406(15) 0.77406(15) 0.68420(18)
O18_7 O 0.28364(15) 0.71636(15) 0.6735(2)
O19_7 O 0.33158(14) 0.7550(2) 0.66842(14)
Mo6_7 Mo 0.30560(2) 0.80560(2) 0.75295(3)
O20_7 O 0.31580(18) 0.77406(15) 0.72594(15)
O21_7 O 0.3265(2) 0.78364(15) 0.78364(15)
O22_7 O 0.33158(14) 0.83158(14) 0.7450(2)
Mo7_7 Mo 0.25295(3) 0.69440(2) 0.69440(2)
O23_7 O 0.22594(15) 0.68420(18) 0.72594(15)
O24_7 O 0.28364(15) 0.6735(2) 0.71636(15)
O25_7 O 0.2450(2) 0.66842(14) 0.66842(14)
Mo8_7 Mo 0.19440(2) 0.69440(2) 0.75295(3)
O26_7 O 0.18420(18) 0.72594(15) 0.72594(15)
O27_7 O 0.1735(2) 0.71636(15) 0.78364(15)
O28_7 O 0.16842(14) 0.66842(14) 0.7450(2)
Mo9_7 Mo 0.19440(2) 0.75295(3) 0.69440(2)
O29_7 O 0.22594(15) 0.72594(15) 0.68420(18)
O30_7 O 0.21636(15) 0.78364(15) 0.6735(2)
O31_7 O 0.16842(14) 0.7450(2) 0.66842(14)
Mo10_7 Mo 0.24705(3) 0.69440(2) 0.80560(2)
O32_7 O 0.27406(15) 0.68420(18) 0.77406(15)
O33_7 O 0.21636(15) 0.6735(2) 0.78364(15)
O34_7 O 0.2550(2) 0.66842(14) 0.83158(14)
Mo11_7 Mo 0.30560(2) 0.75295(3) 0.80560(2)
O35_7 O 0.27406(15) 0.72594(15) 0.81580(18)
O36_7 O 0.28364(15) 0.78364(15) 0.8265(2)
O37_7 O 0.33158(14) 0.7450(2) 0.83158(14)
Mo12_7 Mo 0.30560(2) 0.69440(2) 0.74705(3)
O38_7 O 0.31580(18) 0.72594(15) 0.77406(15)
O39_7 O 0.3265(2) 0.71636(15) 0.71636(15)
O40_7 O 0.33158(14) 0.66842(14) 0.7550(2)
Mo1_8 Mo 0.74705(3) 0.19440(2) 0.80560(2)
O1_8 O 0.77406(15) 0.18420(18) 0.77406(15)
O2_8 O 0.71636(15) 0.1735(2) 0.78364(15)
O3_8 O 0.72919(18) 0.22919(18) 0.77081(18)
O4_8 O 0.7550(2) 0.16842(14) 0.83158(14)
Si1_8 Si 0.7500 0.2500 0.7500
O5_8 O 0.77081(18) 0.22919(18) 0.72919(18)
O6_8 O 0.77081(18) 0.27081(18) 0.77081(18)
O7_8 O 0.72919(18) 0.27081(18) 0.72919(18)
Mo2_8 Mo 0.80560(2) 0.19440(2) 0.74705(3)
O8_8 O 0.81580(18) 0.22594(15) 0.77406(15)
O9_8 O 0.8265(2) 0.21636(15) 0.71636(15)
O10_8 O 0.83158(14) 0.16842(14) 0.7550(2)
Mo3_8 Mo 0.80560(2) 0.25295(3) 0.80560(2)
O11_8 O 0.77406(15) 0.22594(15) 0.81580(18)
O12_8 O 0.78364(15) 0.28364(15) 0.8265(2)
O13_8 O 0.83158(14) 0.2450(2) 0.83158(14)
Mo4_8 Mo 0.75295(3) 0.19440(2) 0.69440(2)
O14_8 O 0.72594(15) 0.18420(18) 0.72594(15)
O15_8 O 0.78364(15) 0.1735(2) 0.71636(15)
O16_8 O 0.7450(2) 0.16842(14) 0.66842(14)
Mo5_8 Mo 0.69440(2) 0.25295(3) 0.69440(2)
O17_8 O 0.72594(15) 0.22594(15) 0.68420(18)
O18_8 O 0.71636(15) 0.28364(15) 0.6735(2)
O19_8 O 0.66842(14) 0.2450(2) 0.66842(14)
Mo6_8 Mo 0.69440(2) 0.19440(2) 0.75295(3)
O20_8 O 0.68420(18) 0.22594(15) 0.72594(15)
O21_8 O 0.6735(2) 0.21636(15) 0.78364(15)
O22_8 O 0.66842(14) 0.16842(14) 0.7450(2)
Mo7_8 Mo 0.74705(3) 0.30560(2) 0.69440(2)
O23_8 O 0.77406(15) 0.31580(18) 0.72594(15)
O24_8 O 0.71636(15) 0.3265(2) 0.71636(15)
O25_8 O 0.7550(2) 0.33158(14) 0.66842(14)
Mo8_8 Mo 0.80560(2) 0.30560(2) 0.75295(3)
O26_8 O 0.81580(18) 0.27406(15) 0.72594(15)
O27_8 O 0.8265(2) 0.28364(15) 0.78364(15)
O28_8 O 0.83158(14) 0.33158(14) 0.7450(2)
Mo9_8 Mo 0.80560(2) 0.24705(3) 0.69440(2)
O29_8 O 0.77406(15) 0.27406(15) 0.68420(18)
O30_8 O 0.78364(15) 0.21636(15) 0.6735(2)
O31_8 O 0.83158(14) 0.2550(2) 0.66842(14)
Mo10_8 Mo 0.75295(3) 0.30560(2) 0.80560(2)
O32_8 O 0.72594(15) 0.31580(18) 0.77406(15)
O33_8 O 0.78364(15) 0.3265(2) 0.78364(15)
O34_8 O 0.7450(2) 0.33158(14) 0.83158(14)
Mo11_8 Mo 0.69440(2) 0.24705(3) 0.80560(2)
O35_8 O 0.72594(15) 0.27406(15) 0.81580(18)
O36_8 O 0.71636(15) 0.21636(15) 0.8265(2)
O37_8 O 0.66842(14) 0.2550(2) 0.83158(14)
Mo12_8 Mo 0.69440(2) 0.30560(2) 0.74705(3)
O38_8 O 0.68420(18) 0.27406(15) 0.77406(15)
O39_8 O 0.6735(2) 0.28364(15) 0.71636(15)
O40_8 O 0.66842(14) 0.33158(14) 0.7550(2)
Cu1 Cu 0.168383(17) 0.168383(17) 0.0000
Cu2 Cu 0.126469(17) 0.126469(17) 0.0000
O43 O 0.20279(13) 0.20279(13) 0.0000
O44 O 0.09252(14) 0.09252(14) 0.0000
Cu10 Cu 0.32383(3) 0.17617(3) 0.12286(3)
O67 O 0.18687(8) 0.14347(8) 0.03088(9)
O68 O 0.15137(9) 0.10798(8) 0.03085(8)
N13 N 0.29264(12) 0.14507(13) 0.12482(12)
C28 C 0.17485(12) 0.11995(12) 0.04087(11)
N14 N 0.27017(12) 0.14086(14) 0.10615(12)
C29 C 0.18976(11) 0.10498(11) 0.06683(11)
O69 O 0.3001(4) 0.1999(4) 0.0939(4)
C30 C 0.21607(13) 0.11638(12) 0.07867(13)
H10 H 0.2254 0.1326 0.0694
C31 C 0.22840(18) 0.10395(14) 0.10395(14)
C32 C 0.17697(18) 0.08002(12) 0.08002(12)
H11 H 0.1595 0.0720 0.0720
C33 C 0.2568(2) 0.11683(16) 0.11683(16)
O70 O 0.3517(4) 0.1483(4) 0.0930(6)
O71 O 0.18687(8) 0.03088(9) 0.14347(8)
O72 O 0.15137(9) 0.03085(8) 0.10798(8)
N15 N 0.29264(12) 0.12482(12) 0.14507(13)
C34 C 0.17485(12) 0.04087(11) 0.11995(12)
N16 N 0.27017(12) 0.10615(12) 0.14086(14)
C35 C 0.18976(11) 0.06683(11) 0.10498(11)
C36 C 0.21607(13) 0.07867(13) 0.11638(12)
H12 H 0.2254 0.0694 0.1326
Cu12 Cu 0.12286(3) 0.32383(3) 0.17617(3)
O79 O 0.03088(9) 0.18687(8) 0.14347(8)
O80 O 0.03085(8) 0.15137(9) 0.10798(8)
N21 N 0.12482(12) 0.29264(12) 0.14507(13)
C46 C 0.04087(11) 0.17485(12) 0.11995(12)
N22 N 0.10615(12) 0.27017(12) 0.14086(14)
C47 C 0.06683(11) 0.18976(11) 0.10498(11)
O81 O 0.0939(4) 0.3001(4) 0.1999(4)
C48 C 0.07867(13) 0.21607(13) 0.11638(12)
H16 H 0.0694 0.2254 0.1326
C49 C 0.10395(14) 0.22840(18) 0.10395(14)
C50 C 0.08002(12) 0.17697(18) 0.08002(12)
H17 H 0.0720 0.1595 0.0720
C51 C 0.11683(16) 0.2568(2) 0.11683(16)
O82 O 0.0930(6) 0.3517(4) 0.1483(4)
O83 O 0.14347(8) 0.18687(8) 0.03088(9)
O84 O 0.10798(8) 0.15137(9) 0.03085(8)
N23 N 0.14507(13) 0.29264(12) 0.12482(12)
C52 C 0.11995(12) 0.17485(12) 0.04087(11)
N24 N 0.14086(14) 0.27017(12) 0.10615(12)
C53 C 0.10498(11) 0.18976(11) 0.06683(11)
C54 C 0.11638(12) 0.21607(13) 0.07867(13)
H18 H 0.1326 0.2254 0.0694
Cu13 Cu -0.0000 0.168383(17) 0.168383(17)
Cu14 Cu 0.168383(17) -0.0000 0.168383(17)
Cu16 Cu 0.0000 0.126469(17) 0.126469(17)
Cu17 Cu 0.126469(17) 0.0000 0.126469(17)
Cu23 Cu 0.32383(3) 0.12286(3) 0.17617(3)
Cu26 Cu 0.17617(3) 0.32383(3) 0.12286(3)
N25 N 0.12482(12) 0.35493(13) 0.20736(12)
N29 N 0.35493(13) 0.20736(12) 0.12482(12)
O92 O 0.33481(17) 0.16519(17) 0.16519(17)
O94 O 0.16519(17) 0.33481(17) 0.16519(17)
Cu1_2 Cu 0.168383(17) 0.168383(17) 1.0000
Cu2_2 Cu 0.126469(17) 0.126469(17) 1.0000
Cu3 Cu 0.17617(3) 0.32383(3) 0.87714(3)
O41 O 0.14347(8) 0.18687(8) 0.96912(9)
O42 O 0.10798(8) 0.15137(9) 0.96915(8)
O43_2 O 0.20279(13) 0.20279(13) 1.0000
N1 N 0.14507(13) 0.29264(12) 0.87518(12)
C1 C 0.11995(12) 0.17485(12) 0.95913(11)
N2 N 0.14086(14) 0.27017(12) 0.89385(12)
O44_2 O 0.09252(14) 0.09252(14) 1.0000
O45 O 0.16519(17) 0.33481(17) 0.83481(17)
C2 C 0.10498(11) 0.18976(11) 0.93317(11)
O46 O 0.1999(4) 0.3001(4) 0.9061(4)
C3 C 0.11638(12) 0.21607(13) 0.92133(13)
H1 H 0.1326 0.2254 0.9306
C4 C 0.10395(14) 0.22840(18) 0.89605(14)
C5 C 0.08002(12) 0.17697(18) 0.91998(12)
H2 H 0.0720 0.1595 0.9280
C6 C 0.11683(16) 0.2568(2) 0.88317(16)
O47 O 0.1483(4) 0.3517(4) 0.9070(6)
O48 O 0.03088(9) 0.18687(8) 0.85653(8)
O49 O 0.03085(8) 0.15137(9) 0.89202(8)
N3 N 0.12482(12) 0.29264(12) 0.85493(13)
C7 C 0.04087(11) 0.17485(12) 0.88005(12)
N4 N 0.10615(12) 0.27017(12) 0.85914(14)
C8 C 0.06683(11) 0.18976(11) 0.89502(11)
C9 C 0.07867(13) 0.21607(13) 0.88362(12)
H3 H 0.0694 0.2254 0.8674
Cu4 Cu 0.0000 0.168383(17) 0.831617(17)
Cu5 Cu -0.0000 0.126469(17) 0.873531(17)
Cu6 Cu 0.12286(3) 0.17617(3) 0.67617(3)
O50 O 0.03088(9) 0.14347(8) 0.81313(8)
O51 O 0.03085(8) 0.10798(8) 0.84863(9)
O52 O -0.0000 0.20279(13) 0.79721(13)
N5 N 0.12482(12) 0.14507(13) 0.70736(12)
C10 C 0.04087(11) 0.11995(12) 0.82515(12)
N6 N 0.10615(12) 0.14086(14) 0.72983(12)
O53 O 0.0000 0.09252(14) 0.90748(14)
O54 O 0.16519(17) 0.16519(17) 0.66519(17)
C11 C 0.06683(11) 0.10498(11) 0.81024(11)
O55 O 0.0939(4) 0.1999(4) 0.6999(4)
C12 C 0.07867(13) 0.11638(12) 0.78393(13)
H4 H 0.0694 0.1326 0.7746
C13 C 0.10395(14) 0.10395(14) 0.77160(18)
C14 C 0.08002(12) 0.08002(12) 0.82303(18)
H5 H 0.0720 0.0720 0.8405
C15 C 0.11683(16) 0.11683(16) 0.7432(2)
O56 O 0.0930(6) 0.1483(4) 0.6483(4)
O57 O 0.14347(8) 0.03088(9) 0.81313(8)
O58 O 0.10798(8) 0.03085(8) 0.84863(9)
N7 N 0.14507(13) 0.12482(12) 0.70736(12)
C16 C 0.11995(12) 0.04087(11) 0.82515(12)
N8 N 0.14086(14) 0.10615(12) 0.72983(12)
C17 C 0.10498(11) 0.06683(11) 0.81024(11)
C18 C 0.11638(12) 0.07867(13) 0.78393(13)
H6 H 0.1326 0.0694 0.7746
Cu7 Cu 0.168383(17) 0.0000 0.831617(17)
Cu8 Cu 0.126469(17) 0.0000 0.873531(17)
Cu9 Cu 0.32383(3) 0.12286(3) 0.82383(3)
O59 O 0.18687(8) 0.03088(9) 0.85653(8)
O60 O 0.15137(9) 0.03085(8) 0.89202(8)
O61 O 0.20279(13) -0.0000 0.79721(13)
N9 N 0.29264(12) 0.12482(12) 0.85493(13)
C19 C 0.17485(12) 0.04087(11) 0.88005(12)
N10 N 0.27017(12) 0.10615(12) 0.85914(14)
O62 O 0.09252(14) 0.0000 0.90748(14)
C20 C 0.18976(11) 0.06683(11) 0.89502(11)
O63 O 0.3001(4) 0.0939(4) 0.8001(4)
C21 C 0.21607(13) 0.07867(13) 0.88362(12)
H7 H 0.2254 0.0694 0.8674
C22 C 0.22840(18) 0.10395(14) 0.89605(14)
C23 C 0.17697(18) 0.08002(12) 0.91998(12)
H8 H 0.1595 0.0720 0.9280
C24 C 0.2568(2) 0.11683(16) 0.88317(16)
O64 O 0.3517(4) 0.0930(6) 0.8517(4)
O65 O 0.18687(8) 0.14347(8) 0.96912(9)
O66 O 0.15137(9) 0.10798(8) 0.96915(8)
N11 N 0.29264(12) 0.14507(13) 0.87518(12)
C25 C 0.17485(12) 0.11995(12) 0.95913(11)
N12 N 0.27017(12) 0.14086(14) 0.89385(12)
C26 C 0.18976(11) 0.10498(11) 0.93317(11)
C27 C 0.21607(13) 0.11638(12) 0.92133(13)
H9 H 0.2254 0.1326 0.9306
Cu19 Cu 0.17617(3) 0.17617(3) 0.62286(3)
Cu20 Cu 0.12286(3) 0.32383(3) 0.82383(3)
Cu22 Cu 0.17617(3) 0.12286(3) 0.67617(3)
Cu24 Cu 0.32383(3) 0.17617(3) 0.87714(3)
Cu25 Cu 0.17617(3) 0.37714(3) 0.82383(3)
N26 N 0.12482(12) 0.20736(12) 0.64507(13)
N28 N 0.35493(13) 0.12482(12) 0.79264(12)
N30 N 0.20736(12) 0.35493(13) 0.87518(12)
O91 O 0.33481(17) 0.16519(17) 0.83481(17)
Cu14_2 Cu 0.168383(17) 1.0000 0.168383(17)
Cu17_2 Cu 0.126469(17) 1.0000 0.126469(17)
Cu7_2 Cu 0.168383(17) 1.0000 0.831617(17)
Cu8_2 Cu 0.126469(17) 1.0000 0.873531(17)
O61_2 O 0.20279(13) 1.0000 0.79721(13)
O62_2 O 0.09252(14) 1.0000 0.90748(14)
O85 O 0.14347(8) 0.96912(9) 0.81313(8)
O87 O 0.18687(8) 0.96912(9) 0.85653(8)
O88 O 0.10798(8) 0.96915(8) 0.84863(9)
O90 O 0.15137(9) 0.96915(8) 0.89202(8)
Cu13_2 Cu 1.0000 0.168383(17) 0.168383(17)
Cu16_2 Cu 1.0000 0.126469(17) 0.126469(17)
Cu4_2 Cu 1.0000 0.168383(17) 0.831617(17)
Cu5_2 Cu 1.0000 0.126469(17) 0.873531(17)
O52_2 O 1.0000 0.20279(13) 0.79721(13)
O53_2 O 1.0000 0.09252(14) 0.90748(14)
Cu11 Cu 0.82383(3) 0.12286(3) 0.67617(3)
O73 O 0.85653(8) 0.03088(9) 0.81313(8)
O74 O 0.89202(8) 0.03085(8) 0.84863(9)
N17 N 0.85493(13) 0.12482(12) 0.70736(12)
C37 C 0.88005(12) 0.04087(11) 0.82515(12)
N18 N 0.85914(14) 0.10615(12) 0.72983(12)
C38 C 0.89502(11) 0.06683(11) 0.81024(11)
O75 O 0.8001(4) 0.0939(4) 0.6999(4)
C39 C 0.88362(12) 0.07867(13) 0.78393(13)
H13 H 0.8674 0.0694 0.7746
C40 C 0.89605(14) 0.10395(14) 0.77160(18)
C41 C 0.91998(12) 0.08002(12) 0.82303(18)
H14 H 0.9280 0.0720 0.8405
C42 C 0.88317(16) 0.11683(16) 0.7432(2)
O76 O 0.8517(4) 0.0930(6) 0.6483(4)
O77 O 0.96912(9) 0.14347(8) 0.81313(8)
O78 O 0.96915(8) 0.10798(8) 0.84863(9)
N19 N 0.87518(12) 0.14507(13) 0.70736(12)
C43 C 0.95913(11) 0.11995(12) 0.82515(12)
N20 N 0.89385(12) 0.14086(14) 0.72983(12)
C44 C 0.93317(11) 0.10498(11) 0.81024(11)
C45 C 0.92133(13) 0.11638(12) 0.78393(13)
H15 H 0.9306 0.1326 0.7746
Cu15 Cu 0.831617(17) 0.0000 0.831617(17)
Cu18 Cu 0.873531(17) 0.0000 0.873531(17)
Cu21 Cu 0.87714(3) 0.17617(3) 0.67617(3)
O86 O 0.96912(9) 0.18687(8) 0.85653(8)
O89 O 0.96915(8) 0.15137(9) 0.89202(8)
N27 N 0.79264(12) 0.12482(12) 0.64507(13)
O93 O 0.83481(17) 0.16519(17) 0.66519(17)
Cu15_2 Cu 0.831617(17) 1.0000 0.831617(17)
Cu18_2 Cu 0.873531(17) 1.0000 0.873531(17)
Cu13_3 Cu 0.0000 0.831617(17) 0.168383(17)
Cu16_3 Cu 0.0000 0.873531(17) 0.126469(17)
Cu4_3 Cu 0.0000 0.831617(17) 0.831617(17)
Cu5_3 Cu 0.0000 0.873531(17) 0.873531(17)
O52_3 O -0.0000 0.79721(13) 0.79721(13)
O53_3 O 0.0000 0.90748(14) 0.90748(14)
Cu11_2 Cu 0.17617(3) 0.87714(3) 0.67617(3)
N17_2 N 0.14507(13) 0.87518(12) 0.70736(12)
C37_2 C 0.11995(12) 0.95913(11) 0.82515(12)
N18_2 N 0.14086(14) 0.89385(12) 0.72983(12)
C38_2 C 0.10498(11) 0.93317(11) 0.81024(11)
O75_2 O 0.1999(4) 0.9061(4) 0.6999(4)
C39_2 C 0.11638(12) 0.92133(13) 0.78393(13)
H13_2 H 0.1326 0.9306 0.7746
C40_2 C 0.10395(14) 0.89605(14) 0.77160(18)
C41_2 C 0.08002(12) 0.91998(12) 0.82303(18)
H14_2 H 0.0720 0.9280 0.8405
C42_2 C 0.11683(16) 0.88317(16) 0.7432(2)
O76_2 O 0.1483(4) 0.9070(6) 0.6483(4)
O77_2 O 0.03088(9) 0.85653(8) 0.81313(8)
O78_2 O 0.03085(8) 0.89202(8) 0.84863(9)
N19_2 N 0.12482(12) 0.85493(13) 0.70736(12)
C43_2 C 0.04087(11) 0.88005(12) 0.82515(12)
N20_2 N 0.10615(12) 0.85914(14) 0.72983(12)
C44_2 C 0.06683(11) 0.89502(11) 0.81024(11)
C45_2 C 0.07867(13) 0.88362(12) 0.78393(13)
H15_2 H 0.0694 0.8674 0.7746
Cu21_2 Cu 0.12286(3) 0.82383(3) 0.67617(3)
O86_2 O 0.03088(9) 0.81313(8) 0.85653(8)
O89_2 O 0.03085(8) 0.84863(9) 0.89202(8)
N27_2 N 0.20736(12) 0.87518(12) 0.64507(13)
O93_2 O 0.16519(17) 0.83481(17) 0.66519(17)
Cu14_3 Cu 0.831617(17) 0.0000 0.168383(17)
Cu17_3 Cu 0.873531(17) 0.0000 0.126469(17)
O61_3 O 0.79721(13) -0.0000 0.79721(13)
O62_3 O 0.90748(14) 0.0000 0.90748(14)
O87_2 O 0.81313(8) 0.03088(9) 0.85653(8)
O90_2 O 0.84863(9) 0.03085(8) 0.89202(8)
Cu1_3 Cu 0.831617(17) 0.831617(17) 0.0000
Cu2_3 Cu 0.873531(17) 0.873531(17) 0.0000
O43_3 O 0.79721(13) 0.79721(13) 0.0000
O44_3 O 0.90748(14) 0.90748(14) 0.0000
Cu10_2 Cu 0.67617(3) 0.82383(3) 0.12286(3)
O67_2 O 0.81313(8) 0.85653(8) 0.03088(9)
O68_2 O 0.84863(9) 0.89202(8) 0.03085(8)
N13_2 N 0.70736(12) 0.85493(13) 0.12482(12)
C28_2 C 0.82515(12) 0.88005(12) 0.04087(11)
N14_2 N 0.72983(12) 0.85914(14) 0.10615(12)
C29_2 C 0.81024(11) 0.89502(11) 0.06683(11)
O69_2 O 0.6999(4) 0.8001(4) 0.0939(4)
C30_2 C 0.78393(13) 0.88362(12) 0.07867(13)
H10_2 H 0.7746 0.8674 0.0694
C31_2 C 0.77160(18) 0.89605(14) 0.10395(14)
C32_2 C 0.82303(18) 0.91998(12) 0.08002(12)
H11_2 H 0.8405 0.9280 0.0720
C33_2 C 0.7432(2) 0.88317(16) 0.11683(16)
O70_2 O 0.6483(4) 0.8517(4) 0.0930(6)
O71_2 O 0.81313(8) 0.96912(9) 0.14347(8)
O72_2 O 0.84863(9) 0.96915(8) 0.10798(8)
N15_2 N 0.70736(12) 0.87518(12) 0.14507(13)
C34_2 C 0.82515(12) 0.95913(11) 0.11995(12)
N16_2 N 0.72983(12) 0.89385(12) 0.14086(14)
C35_2 C 0.81024(11) 0.93317(11) 0.10498(11)
C36_2 C 0.78393(13) 0.92133(13) 0.11638(12)
H12_2 H 0.7746 0.9306 0.1326
Cu12_2 Cu 0.87714(3) 0.67617(3) 0.17617(3)
O79_2 O 0.96912(9) 0.81313(8) 0.14347(8)
O80_2 O 0.96915(8) 0.84863(9) 0.10798(8)
N21_2 N 0.87518(12) 0.70736(12) 0.14507(13)
C46_2 C 0.95913(11) 0.82515(12) 0.11995(12)
N22_2 N 0.89385(12) 0.72983(12) 0.14086(14)
C47_2 C 0.93317(11) 0.81024(11) 0.10498(11)
O81_2 O 0.9061(4) 0.6999(4) 0.1999(4)
C48_2 C 0.92133(13) 0.78393(13) 0.11638(12)
H16_2 H 0.9306 0.7746 0.1326
C49_2 C 0.89605(14) 0.77160(18) 0.10395(14)
C50_2 C 0.91998(12) 0.82303(18) 0.08002(12)
H17_2 H 0.9280 0.8405 0.0720
C51_2 C 0.88317(16) 0.7432(2) 0.11683(16)
O82_2 O 0.9070(6) 0.6483(4) 0.1483(4)
O83_2 O 0.85653(8) 0.81313(8) 0.03088(9)
O84_2 O 0.89202(8) 0.84863(9) 0.03085(8)
N23_2 N 0.85493(13) 0.70736(12) 0.12482(12)
C52_2 C 0.88005(12) 0.82515(12) 0.04087(11)
N24_2 N 0.85914(14) 0.72983(12) 0.10615(12)
C53_2 C 0.89502(11) 0.81024(11) 0.06683(11)
C54_2 C 0.88362(12) 0.78393(13) 0.07867(13)
H18_2 H 0.8674 0.7746 0.0694
Cu13_4 Cu 1.0000 0.831617(17) 0.168383(17)
Cu14_4 Cu 0.831617(17) 1.0000 0.168383(17)
Cu16_4 Cu 1.0000 0.873531(17) 0.126469(17)
Cu17_4 Cu 0.873531(17) 1.0000 0.126469(17)
Cu23_2 Cu 0.67617(3) 0.87714(3) 0.17617(3)
Cu26_2 Cu 0.82383(3) 0.67617(3) 0.12286(3)
N25_2 N 0.87518(12) 0.64507(13) 0.20736(12)
N29_2 N 0.64507(13) 0.79264(12) 0.12482(12)
O92_2 O 0.66519(17) 0.83481(17) 0.16519(17)
O94_2 O 0.83481(17) 0.66519(17) 0.16519(17)
Cu1_4 Cu 0.831617(17) 0.831617(17) 1.0000
Cu2_4 Cu 0.873531(17) 0.873531(17) 1.0000
Cu3_2 Cu 0.82383(3) 0.67617(3) 0.87714(3)
O41_2 O 0.85653(8) 0.81313(8) 0.96912(9)
O42_2 O 0.89202(8) 0.84863(9) 0.96915(8)
O43_4 O 0.79721(13) 0.79721(13) 1.0000
N1_2 N 0.85493(13) 0.70736(12) 0.87518(12)
C1_2 C 0.88005(12) 0.82515(12) 0.95913(11)
N2_2 N 0.85914(14) 0.72983(12) 0.89385(12)
O44_4 O 0.90748(14) 0.90748(14) 1.0000
O45_2 O 0.83481(17) 0.66519(17) 0.83481(17)
C2_2 C 0.89502(11) 0.81024(11) 0.93317(11)
O46_2 O 0.8001(4) 0.6999(4) 0.9061(4)
C3_2 C 0.88362(12) 0.78393(13) 0.92133(13)
H1_2 H 0.8674 0.7746 0.9306
C4_2 C 0.89605(14) 0.77160(18) 0.89605(14)
C5_2 C 0.91998(12) 0.82303(18) 0.91998(12)
H2_2 H 0.9280 0.8405 0.9280
C6_2 C 0.88317(16) 0.7432(2) 0.88317(16)
O47_2 O 0.8517(4) 0.6483(4) 0.9070(6)
O48_2 O 0.96912(9) 0.81313(8) 0.85653(8)
O49_2 O 0.96915(8) 0.84863(9) 0.89202(8)
N3_2 N 0.87518(12) 0.70736(12) 0.85493(13)
C7_2 C 0.95913(11) 0.82515(12) 0.88005(12)
N4_2 N 0.89385(12) 0.72983(12) 0.85914(14)
C8_2 C 0.93317(11) 0.81024(11) 0.89502(11)
C9_2 C 0.92133(13) 0.78393(13) 0.88362(12)
H3_2 H 0.9306 0.7746 0.8674
Cu4_4 Cu 1.0000 0.831617(17) 0.831617(17)
Cu5_4 Cu 1.0000 0.873531(17) 0.873531(17)
Cu6_2 Cu 0.87714(3) 0.82383(3) 0.67617(3)
O50_2 O 0.96912(9) 0.85653(8) 0.81313(8)
O51_2 O 0.96915(8) 0.89202(8) 0.84863(9)
O52_4 O 1.0000 0.79721(13) 0.79721(13)
N5_2 N 0.87518(12) 0.85493(13) 0.70736(12)
C10_2 C 0.95913(11) 0.88005(12) 0.82515(12)
N6_2 N 0.89385(12) 0.85914(14) 0.72983(12)
O53_4 O 1.0000 0.90748(14) 0.90748(14)
O54_2 O 0.83481(17) 0.83481(17) 0.66519(17)
C11_2 C 0.93317(11) 0.89502(11) 0.81024(11)
O55_2 O 0.9061(4) 0.8001(4) 0.6999(4)
C12_2 C 0.92133(13) 0.88362(12) 0.78393(13)
H4_2 H 0.9306 0.8674 0.7746
C13_2 C 0.89605(14) 0.89605(14) 0.77160(18)
C14_2 C 0.91998(12) 0.91998(12) 0.82303(18)
H5_2 H 0.9280 0.9280 0.8405
C15_2 C 0.88317(16) 0.88317(16) 0.7432(2)
O56_2 O 0.9070(6) 0.8517(4) 0.6483(4)
O57_2 O 0.85653(8) 0.96912(9) 0.81313(8)
O58_2 O 0.89202(8) 0.96915(8) 0.84863(9)
N7_2 N 0.85493(13) 0.87518(12) 0.70736(12)
C16_2 C 0.88005(12) 0.95913(11) 0.82515(12)
N8_2 N 0.85914(14) 0.89385(12) 0.72983(12)
C17_2 C 0.89502(11) 0.93317(11) 0.81024(11)
C18_2 C 0.88362(12) 0.92133(13) 0.78393(13)
H6_2 H 0.8674 0.9306 0.7746
Cu9_2 Cu 0.67617(3) 0.87714(3) 0.82383(3)
O59_2 O 0.81313(8) 0.96912(9) 0.85653(8)
O60_2 O 0.84863(9) 0.96915(8) 0.89202(8)
O61_4 O 0.79721(13) 1.0000 0.79721(13)
N9_2 N 0.70736(12) 0.87518(12) 0.85493(13)
C19_2 C 0.82515(12) 0.95913(11) 0.88005(12)
N10_2 N 0.72983(12) 0.89385(12) 0.85914(14)
O62_4 O 0.90748(14) 1.0000 0.90748(14)
C20_2 C 0.81024(11) 0.93317(11) 0.89502(11)
O63_2 O 0.6999(4) 0.9061(4) 0.8001(4)
C21_2 C 0.78393(13) 0.92133(13) 0.88362(12)
H7_2 H 0.7746 0.9306 0.8674
C22_2 C 0.77160(18) 0.89605(14) 0.89605(14)
C23_2 C 0.82303(18) 0.91998(12) 0.91998(12)
H8_2 H 0.8405 0.9280 0.9280
C24_2 C 0.7432(2) 0.88317(16) 0.88317(16)
O64_2 O 0.6483(4) 0.9070(6) 0.8517(4)
O65_2 O 0.81313(8) 0.85653(8) 0.96912(9)
O66_2 O 0.84863(9) 0.89202(8) 0.96915(8)
N11_2 N 0.70736(12) 0.85493(13) 0.87518(12)
C25_2 C 0.82515(12) 0.88005(12) 0.95913(11)
N12_2 N 0.72983(12) 0.85914(14) 0.89385(12)
C26_2 C 0.81024(11) 0.89502(11) 0.93317(11)
C27_2 C 0.78393(13) 0.88362(12) 0.92133(13)
H9_2 H 0.7746 0.8674 0.9306
Cu19_2 Cu 0.82383(3) 0.82383(3) 0.62286(3)
Cu20_2 Cu 0.87714(3) 0.67617(3) 0.82383(3)
Cu22_2 Cu 0.82383(3) 0.87714(3) 0.67617(3)
Cu24_2 Cu 0.67617(3) 0.82383(3) 0.87714(3)
Cu25_2 Cu 0.82383(3) 0.62286(3) 0.82383(3)
N26_2 N 0.87518(12) 0.79264(12) 0.64507(13)
N28_2 N 0.64507(13) 0.87518(12) 0.79264(12)
N30_2 N 0.79264(12) 0.64507(13) 0.87518(12)
O91_2 O 0.66519(17) 0.83481(17) 0.83481(17)
O61_5 O 0.20279(13) -0.0000 0.20279(13)
O62_5 O 0.09252(14) -0.0000 0.09252(14)
O85_2 O 0.14347(8) 0.03088(9) 0.18687(8)
O88_2 O 0.10798(8) 0.03085(8) 0.15137(9)
Cu1_5 Cu 0.168383(17) 0.831617(17) 0.0000
Cu2_5 Cu 0.126469(17) 0.873531(17) 0.0000
Cu3_3 Cu 0.17617(3) 0.67617(3) 0.12286(3)
O41_3 O 0.14347(8) 0.81313(8) 0.03088(9)
O42_3 O 0.10798(8) 0.84863(9) 0.03085(8)
O43_5 O 0.20279(13) 0.79721(13) 0.0000
N1_3 N 0.14507(13) 0.70736(12) 0.12482(12)
C1_3 C 0.11995(12) 0.82515(12) 0.04087(11)
N2_3 N 0.14086(14) 0.72983(12) 0.10615(12)
O44_5 O 0.09252(14) 0.90748(14) 0.0000
O45_3 O 0.16519(17) 0.66519(17) 0.16519(17)
C2_3 C 0.10498(11) 0.81024(11) 0.06683(11)
O46_3 O 0.1999(4) 0.6999(4) 0.0939(4)
C3_3 C 0.11638(12) 0.78393(13) 0.07867(13)
H1_3 H 0.1326 0.7746 0.0694
C4_3 C 0.10395(14) 0.77160(18) 0.10395(14)
C5_3 C 0.08002(12) 0.82303(18) 0.08002(12)
H2_3 H 0.0720 0.8405 0.0720
C6_3 C 0.11683(16) 0.7432(2) 0.11683(16)
O47_3 O 0.1483(4) 0.6483(4) 0.0930(6)
O48_3 O 0.03088(9) 0.81313(8) 0.14347(8)
O49_3 O 0.03085(8) 0.84863(9) 0.10798(8)
N3_3 N 0.12482(12) 0.70736(12) 0.14507(13)
C7_3 C 0.04087(11) 0.82515(12) 0.11995(12)
N4_3 N 0.10615(12) 0.72983(12) 0.14086(14)
C8_3 C 0.06683(11) 0.81024(11) 0.10498(11)
C9_3 C 0.07867(13) 0.78393(13) 0.11638(12)
H3_3 H 0.0694 0.7746 0.1326
Cu6_3 Cu 0.12286(3) 0.82383(3) 0.32383(3)
O50_3 O 0.03088(9) 0.85653(8) 0.18687(8)
O51_3 O 0.03085(8) 0.89202(8) 0.15137(9)
O52_5 O -0.0000 0.79721(13) 0.20279(13)
N5_3 N 0.12482(12) 0.85493(13) 0.29264(12)
C10_3 C 0.04087(11) 0.88005(12) 0.17485(12)
N6_3 N 0.10615(12) 0.85914(14) 0.27017(12)
O53_5 O 0.0000 0.90748(14) 0.09252(14)
O54_3 O 0.16519(17) 0.83481(17) 0.33481(17)
C11_3 C 0.06683(11) 0.89502(11) 0.18976(11)
O55_3 O 0.0939(4) 0.8001(4) 0.3001(4)
C12_3 C 0.07867(13) 0.88362(12) 0.21607(13)
H4_3 H 0.0694 0.8674 0.2254
C13_3 C 0.10395(14) 0.89605(14) 0.22840(18)
C14_3 C 0.08002(12) 0.91998(12) 0.17697(18)
H5_3 H 0.0720 0.9280 0.1595
C15_3 C 0.11683(16) 0.88317(16) 0.2568(2)
O56_3 O 0.0930(6) 0.8517(4) 0.3517(4)
O57_3 O 0.14347(8) 0.96912(9) 0.18687(8)
O58_3 O 0.10798(8) 0.96915(8) 0.15137(9)
N7_3 N 0.14507(13) 0.87518(12) 0.29264(12)
C16_3 C 0.11995(12) 0.95913(11) 0.17485(12)
N8_3 N 0.14086(14) 0.89385(12) 0.27017(12)
C17_3 C 0.10498(11) 0.93317(11) 0.18976(11)
C18_3 C 0.11638(12) 0.92133(13) 0.21607(13)
H6_3 H 0.1326 0.9306 0.2254
Cu9_3 Cu 0.32383(3) 0.87714(3) 0.17617(3)
O59_3 O 0.18687(8) 0.96912(9) 0.14347(8)
O60_3 O 0.15137(9) 0.96915(8) 0.10798(8)
O61_6 O 0.20279(13) 1.0000 0.20279(13)
N9_3 N 0.29264(12) 0.87518(12) 0.14507(13)
C19_3 C 0.17485(12) 0.95913(11) 0.11995(12)
N10_3 N 0.27017(12) 0.89385(12) 0.14086(14)
O62_6 O 0.09252(14) 1.0000 0.09252(14)
C20_3 C 0.18976(11) 0.93317(11) 0.10498(11)
O63_3 O 0.3001(4) 0.9061(4) 0.1999(4)
C21_3 C 0.21607(13) 0.92133(13) 0.11638(12)
H7_3 H 0.2254 0.9306 0.1326
C22_3 C 0.22840(18) 0.89605(14) 0.10395(14)
C23_3 C 0.17697(18) 0.91998(12) 0.08002(12)
H8_3 H 0.1595 0.9280 0.0720
C24_3 C 0.2568(2) 0.88317(16) 0.11683(16)
O64_3 O 0.3517(4) 0.9070(6) 0.1483(4)
O65_3 O 0.18687(8) 0.85653(8) 0.03088(9)
O66_3 O 0.15137(9) 0.89202(8) 0.03085(8)
N11_3 N 0.29264(12) 0.85493(13) 0.12482(12)
C25_3 C 0.17485(12) 0.88005(12) 0.04087(11)
N12_3 N 0.27017(12) 0.85914(14) 0.10615(12)
C26_3 C 0.18976(11) 0.89502(11) 0.06683(11)
C27_3 C 0.21607(13) 0.88362(12) 0.07867(13)
H9_3 H 0.2254 0.8674 0.0694
Cu19_3 Cu 0.17617(3) 0.82383(3) 0.37714(3)
Cu20_3 Cu 0.12286(3) 0.67617(3) 0.17617(3)
Cu22_3 Cu 0.17617(3) 0.87714(3) 0.32383(3)
Cu24_3 Cu 0.32383(3) 0.82383(3) 0.12286(3)
Cu25_3 Cu 0.17617(3) 0.62286(3) 0.17617(3)
N26_3 N 0.12482(12) 0.79264(12) 0.35493(13)
N28_3 N 0.35493(13) 0.87518(12) 0.20736(12)
N30_3 N 0.20736(12) 0.64507(13) 0.12482(12)
O91_3 O 0.33481(17) 0.83481(17) 0.16519(17)
Cu1_6 Cu 0.168383(17) 0.831617(17) 1.0000
Cu2_6 Cu 0.126469(17) 0.873531(17) 1.0000
O43_6 O 0.20279(13) 0.79721(13) 1.0000
O44_6 O 0.09252(14) 0.90748(14) 1.0000
Cu10_3 Cu 0.32383(3) 0.82383(3) 0.87714(3)
O67_3 O 0.18687(8) 0.85653(8) 0.96912(9)
O68_3 O 0.15137(9) 0.89202(8) 0.96915(8)
N13_3 N 0.29264(12) 0.85493(13) 0.87518(12)
C28_3 C 0.17485(12) 0.88005(12) 0.95913(11)
N14_3 N 0.27017(12) 0.85914(14) 0.89385(12)
C29_3 C 0.18976(11) 0.89502(11) 0.93317(11)
O69_3 O 0.3001(4) 0.8001(4) 0.9061(4)
C30_3 C 0.21607(13) 0.88362(12) 0.92133(13)
H10_3 H 0.2254 0.8674 0.9306
C31_3 C 0.22840(18) 0.89605(14) 0.89605(14)
C32_3 C 0.17697(18) 0.91998(12) 0.91998(12)
H11_3 H 0.1595 0.9280 0.9280
C33_3 C 0.2568(2) 0.88317(16) 0.88317(16)
O70_3 O 0.3517(4) 0.8517(4) 0.9070(6)
N15_3 N 0.29264(12) 0.87518(12) 0.85493(13)
C34_3 C 0.17485(12) 0.95913(11) 0.88005(12)
N16_3 N 0.27017(12) 0.89385(12) 0.85914(14)
