
###############################################################################
#
# This file contains modified crystal structure data generated from the
# MOF subset of the Cambridge Structural Database (CSD) v543 
# hosted by the Cambridge Crystallographic Data Centre (CCDC).
#
# This work is licensed under the Creative Commons
# Attribution-NonCommercial-ShareAlike 4.0 International License.
# To view a copy of this license, visit
# http://creativecommons.org/licenses/by-nc-sa/4.0/
# or send a letter to
# Creative Commons, PO Box 1866, Mountain View, CA 94042, USA.
#
# CIF created using the CSD Python API on 29 September 2022
# The structure has been converted into the P1 space group
# The structure has a 3D framework
# The original CSD entry QQQAWM02 is in the cubic crystal system
# The framework has been calculated to contain at least 10.0% void space
# The void calculation uses a probe of radius 1.32A, grid spacing 0.4
#
###############################################################################

data_QQQAWM02
_chemical_formula_moiety         '(C96 H96 Co18 O144)n'
_symmetry_cell_setting           triclinic
_symmetry_space_group_name_H-M   'P 1'
_symmetry_Int_Tables_number      1
_space_group_name_Hall           'P 1'
loop_
_symmetry_equiv_pos_site_id
_symmetry_equiv_pos_as_xyz
1 x,y,z
_cell_length_a                   16.2442(9)
_cell_length_b                   16.2442(9)
_cell_length_c                   16.2442(9)
_cell_angle_alpha                90
_cell_angle_beta                 90
_cell_angle_gamma                90
_cell_volume                     4286.42
loop_
_atom_site_label
_atom_site_type_symbol
_atom_site_fract_x
_atom_site_fract_y
_atom_site_fract_z
Co3 Co 0.4985 0.00153(5) 0.2500
Co1 Co 0.49847(5) 0.4985 0.2500
O1 O 0.5382(3) 0.4606(3) 0.3631(3)
O2 O 0.5049(3) 0.6199(3) 0.2998(3)
C1 C 0.5015(5) 0.6919(5) 0.2715(4)
O3 O 0.3822(3) 0.4877(3) 0.3023(3)
C2 C 0.3104(5) 0.4850(3) 0.2727(4)
H1 H 0.6004 0.4753 0.3833
H2 H 0.5210 0.4048 0.3795
Co4 Co 0.5015 0.7500 0.50153(5)
Co5 Co 0.2500 0.4985 0.00153(5)
Co6 Co 0.0015 0.49847(5) 0.2500
Co7 Co 0.2500 0.49847(5) 0.4985
O4 O 0.4606(3) 0.5382(3) 0.1369(3)
O6 O 0.5394(3) 0.8631(3) 0.0382(3)
O7 O 0.4951(3) 0.7002(3) 0.1199(3)
O8 O 0.5049(3) 0.8801(3) 0.2002(3)
O9 O 0.4951(3) 0.7998(3) 0.3801(3)
O10 O 0.6199(3) 0.5049(3) 0.2002(3)
O11 O 0.3801(3) 0.7998(3) 0.0049(3)
C3 C 0.4985(5) 0.7285(4) 0.1919(5)
C4 C 0.5015(5) 0.8081(5) 0.2285(4)
C5 C 0.4985(5) 0.7715(4) 0.3081(5)
O12 O 0.3023(3) 0.4877(3) 0.1178(3)
O13 O 0.1178(3) 0.4877(3) 0.1977(3)
O14 O 0.1977(3) 0.4877(3) 0.3822(3)
O15 O 0.4877(3) 0.3822(3) 0.1977(3)
C6 C 0.2727(4) 0.4850(3) 0.1896(5)
C7 C 0.1896(5) 0.4850(3) 0.2273(4)
C8 C 0.2273(4) 0.4850(3) 0.3104(5)
H3 H 0.4753 0.6004 0.1167
H5 H 0.5247 0.8833 0.1004
H6 H 0.4048 0.5210 0.1205
H8 H 0.5952 0.8795 0.0210
Co2 Co 0.50153(5) 0.7500 0.9985
O5 O 0.4618(3) 0.6369(3) 0.9606(3)
O16 O 0.5123(3) 0.8023(3) 0.8822(3)
O17 O 0.6178(3) 0.6977(3) 0.9877(3)
H4 H 0.3996 0.6167 0.9753
H7 H 0.4790 0.6205 0.9048
O1_2 O 0.3631(3) 0.5382(3) 0.4606(3)
O2_2 O 0.2998(3) 0.5049(3) 0.6199(3)
C1_2 C 0.2715(4) 0.5015(5) 0.6919(5)
O3_2 O 0.3023(3) 0.3822(3) 0.4877(3)
C2_2 C 0.2727(4) 0.3104(5) 0.4850(3)
H1_2 H 0.3833 0.6004 0.4753
H2_2 H 0.3795 0.5210 0.4048
Co4_2 Co 0.50153(5) 0.5015 0.7500
Co5_2 Co 0.00153(5) 0.2500 0.4985
Co6_2 Co 0.2500 0.0015 0.49847(5)
Co7_2 Co 0.4985 0.2500 0.49847(5)
O4_2 O 0.1369(3) 0.4606(3) 0.5382(3)
O6_2 O 0.0382(3) 0.5394(3) 0.8631(3)
O7_2 O 0.1199(3) 0.4951(3) 0.7002(3)
O8_2 O 0.2002(3) 0.5049(3) 0.8801(3)
O9_2 O 0.3801(3) 0.4951(3) 0.7998(3)
O10_2 O 0.2002(3) 0.6199(3) 0.5049(3)
O11_2 O 0.0049(3) 0.3801(3) 0.7998(3)
C3_2 C 0.1919(5) 0.4985(5) 0.7285(4)
C4_2 C 0.2285(4) 0.5015(5) 0.8081(5)
C5_2 C 0.3081(5) 0.4985(5) 0.7715(4)
O12_2 O 0.1178(3) 0.3023(3) 0.4877(3)
O13_2 O 0.1977(3) 0.1178(3) 0.4877(3)
O14_2 O 0.3822(3) 0.1977(3) 0.4877(3)
C6_2 C 0.1896(5) 0.2727(4) 0.4850(3)
C7_2 C 0.2273(4) 0.1896(5) 0.4850(3)
C8_2 C 0.3104(5) 0.2273(4) 0.4850(3)
H3_2 H 0.1167 0.4753 0.6004
H5_2 H 0.1004 0.5247 0.8833
H6_2 H 0.1205 0.4048 0.5210
H8_2 H 0.0210 0.5952 0.8795
Co2_2 Co 0.9985 0.50153(5) 0.7500
O5_2 O 0.9606(3) 0.4618(3) 0.6369(3)
O16_2 O 0.8822(3) 0.5123(3) 0.8023(3)
O17_2 O 0.9877(3) 0.6178(3) 0.6977(3)
H4_2 H 0.9753 0.3996 0.6167
H7_2 H 0.9048 0.4790 0.6205
O1_3 O 0.4606(3) 0.3631(3) 0.5382(3)
O2_3 O 0.6199(3) 0.2998(3) 0.5049(3)
C1_3 C 0.6919(5) 0.2715(4) 0.5015(5)
O3_3 O 0.4877(3) 0.3023(3) 0.3822(3)
C2_3 C 0.4850(3) 0.2727(4) 0.3104(5)
H1_3 H 0.4753 0.3833 0.6004
H2_3 H 0.4048 0.3795 0.5210
Co4_3 Co 0.7500 0.50153(5) 0.5015
Co6_3 Co 0.49847(5) 0.2500 0.0015
O4_3 O 0.5382(3) 0.1369(3) 0.4606(3)
O6_3 O 0.8631(3) 0.0382(3) 0.5394(3)
O7_3 O 0.7002(3) 0.1199(3) 0.4951(3)
O8_3 O 0.8801(3) 0.2002(3) 0.5049(3)
O9_3 O 0.7998(3) 0.3801(3) 0.4951(3)
O10_3 O 0.5049(3) 0.2002(3) 0.6199(3)
O11_3 O 0.7998(3) 0.0049(3) 0.3801(3)
C3_3 C 0.7285(4) 0.1919(5) 0.4985(5)
C4_3 C 0.8081(5) 0.2285(4) 0.5015(5)
C5_3 C 0.7715(4) 0.3081(5) 0.4985(5)
O12_3 O 0.4877(3) 0.1178(3) 0.3023(3)
O13_3 O 0.4877(3) 0.1977(3) 0.1178(3)
C6_3 C 0.4850(3) 0.1896(5) 0.2727(4)
C7_3 C 0.4850(3) 0.2273(4) 0.1896(5)
C8_3 C 0.4850(3) 0.3104(5) 0.2273(4)
H3_3 H 0.6004 0.1167 0.4753
H5_3 H 0.8833 0.1004 0.5247
H6_3 H 0.5210 0.1205 0.4048
H8_3 H 0.8795 0.0210 0.5952
Co2_3 Co 0.7500 0.9985 0.50153(5)
O5_3 O 0.6369(3) 0.9606(3) 0.4618(3)
O16_3 O 0.8023(3) 0.8822(3) 0.5123(3)
O17_3 O 0.6977(3) 0.9877(3) 0.6178(3)
H4_3 H 0.6167 0.9753 0.3996
H7_3 H 0.6205 0.9048 0.4790
C1_4 C 0.6919(5) 0.5015(5) 0.2285(4)
O5_4 O 0.6369(3) 0.4618(3) 0.5394(3)
O6_4 O 0.8631(3) 0.5394(3) 0.4618(3)
O7_4 O 0.7002(3) 0.4951(3) 0.3801(3)
O8_4 O 0.8801(3) 0.5049(3) 0.2998(3)
O9_4 O 0.7998(3) 0.4951(3) 0.1199(3)
C3_4 C 0.7285(4) 0.4985(5) 0.3081(5)
C4_4 C 0.8081(5) 0.5015(5) 0.2715(4)
C5_4 C 0.7715(4) 0.4985(5) 0.1919(5)
O16_4 O 0.8023(3) 0.5123(3) 0.6178(3)
O17_4 O 0.6977(3) 0.6178(3) 0.5123(3)
H4_4 H 0.6167 0.3996 0.5247
H5_4 H 0.8833 0.5247 0.3996
H7_4 H 0.6205 0.4790 0.5952
H8_4 H 0.8795 0.5952 0.4790
Co4_4 Co 0.7500 0.5015 0.99847(5)
Co3_2 Co 0.00153(5) 0.0015 0.2500
O4_4 O 0.5382(3) 0.0394(3) 0.1369(3)
O7_5 O 0.7002(3) 0.0049(3) 0.1199(3)
O11_4 O 0.7998(3) 0.1199(3) 0.0049(3)
C3_5 C 0.7285(4) 0.0015(5) 0.1919(5)
C5_5 C 0.7715(4) 0.0015(5) 0.3081(5)
O15_2 O 0.3822(3) 0.0123(3) 0.1977(3)
H3_4 H 0.6004 0.0247 0.1167
H6_4 H 0.5210 0.0952 0.1205
O5_5 O 0.6369(3) 0.0382(3) 0.9606(3)
H4_5 H 0.6167 0.1004 0.9753
H7_5 H 0.6205 0.0210 0.9048
O1_4 O 0.4606(3) 0.9618(3) 0.3631(3)
O2_4 O 0.6199(3) 0.9951(3) 0.2998(3)
C1_5 C 0.6919(5) 0.9985(5) 0.2715(4)
H1_4 H 0.4753 0.8996 0.3833
H2_4 H 0.4048 0.9790 0.3795
O6_5 O 0.8631(3) 0.9606(3) 0.0382(3)
O8_5 O 0.8801(3) 0.9951(3) 0.2002(3)
C4_5 C 0.8081(5) 0.9985(5) 0.2285(4)
H5_5 H 0.8833 0.9753 0.1004
H8_5 H 0.8795 0.9048 0.0210
Co2_4 Co 0.7500 0.99847(5) 0.9985
O16_5 O 0.8023(3) 0.9877(3) 0.8822(3)
O17_5 O 0.6977(3) 0.8822(3) 0.9877(3)
O1_5 O 0.0394(3) 0.5382(3) 0.3631(3)
O3_4 O 0.0123(3) 0.3822(3) 0.3023(3)
C2_4 C 0.0150(3) 0.3104(5) 0.2727(4)
H1_5 H 0.0247 0.6004 0.3833
H2_5 H 0.0952 0.5210 0.3795
Co5_3 Co 0.0015 0.2500 0.00153(5)
O12_4 O 0.0123(3) 0.3023(3) 0.1178(3)
O13_4 O 0.0123(3) 0.1178(3) 0.1977(3)
O14_3 O 0.0123(3) 0.1977(3) 0.3822(3)
C6_4 C 0.0150(3) 0.2727(4) 0.1896(5)
C7_4 C 0.0150(3) 0.1896(5) 0.2273(4)
C8_4 C 0.0150(3) 0.2273(4) 0.3104(5)
O4_5 O 0.9618(3) 0.4606(3) 0.1369(3)
O6_6 O 0.6369(3) 0.5394(3) 0.0382(3)
O10_4 O 0.9951(3) 0.6199(3) 0.2002(3)
O11_5 O 0.7002(3) 0.3801(3) 0.0049(3)
H3_5 H 0.8996 0.4753 0.1167
H5_6 H 0.6167 0.5247 0.1004
H6_5 H 0.9790 0.4048 0.1205
H8_6 H 0.6205 0.5952 0.0210
O5_6 O 0.8631(3) 0.4618(3) 0.9606(3)
O16_6 O 0.6977(3) 0.5123(3) 0.8822(3)
O17_6 O 0.8023(3) 0.6178(3) 0.9877(3)
H4_6 H 0.8833 0.3996 0.9753
H7_6 H 0.8795 0.4790 0.9048
O1_6 O 0.5382(3) 0.3631(3) 0.0394(3)
O3_5 O 0.3822(3) 0.3023(3) 0.0123(3)
C2_5 C 0.3104(5) 0.2727(4) 0.0150(3)
H1_6 H 0.6004 0.3833 0.0247
H2_6 H 0.5210 0.3795 0.0952
Co5_4 Co 0.2500 0.00153(5) 0.0015
O12_5 O 0.3023(3) 0.1178(3) 0.0123(3)
O13_5 O 0.1178(3) 0.1977(3) 0.0123(3)
O14_4 O 0.1977(3) 0.3822(3) 0.0123(3)
C6_5 C 0.2727(4) 0.1896(5) 0.0150(3)
C7_5 C 0.1896(5) 0.2273(4) 0.0150(3)
C8_5 C 0.2273(4) 0.3104(5) 0.0150(3)
O2_5 O 0.5049(3) 0.2998(3) 0.8801(3)
C1_6 C 0.5015(5) 0.2715(4) 0.8081(5)
O4_6 O 0.4606(3) 0.1369(3) 0.9618(3)
O6_7 O 0.5394(3) 0.0382(3) 0.6369(3)
O7_6 O 0.4951(3) 0.1199(3) 0.7998(3)
O9_5 O 0.4951(3) 0.3801(3) 0.7002(3)
O10_5 O 0.6199(3) 0.2002(3) 0.9951(3)
O11_6 O 0.3801(3) 0.0049(3) 0.7002(3)
C3_6 C 0.4985(5) 0.1919(5) 0.7715(4)
C4_6 C 0.5015(5) 0.2285(4) 0.6919(5)
C5_6 C 0.4985(5) 0.3081(5) 0.7285(4)
H3_6 H 0.4753 0.1167 0.8996
H5_7 H 0.5247 0.1004 0.6167
H6_6 H 0.4048 0.1205 0.9790
H8_7 H 0.5952 0.0210 0.6205
Co2_5 Co 0.50153(5) 0.9985 0.7500
O5_7 O 0.4618(3) 0.9606(3) 0.8631(3)
O16_7 O 0.5123(3) 0.8822(3) 0.6977(3)
O17_7 O 0.6178(3) 0.9877(3) 0.8023(3)
H4_7 H 0.3996 0.9753 0.8833
H7_7 H 0.4790 0.9048 0.8795
O4_7 O 0.0394(3) 0.1369(3) 0.5382(3)
O7_7 O 0.0049(3) 0.1199(3) 0.7002(3)
O11_7 O 0.1199(3) 0.0049(3) 0.7998(3)
C3_7 C 0.0015(5) 0.1919(5) 0.7285(4)
C5_7 C 0.0015(5) 0.3081(5) 0.7715(4)
H3_7 H 0.0247 0.1167 0.6004
H6_7 H 0.0952 0.1205 0.5210
O5_8 O 0.0382(3) 0.9606(3) 0.6369(3)
H4_8 H 0.1004 0.9753 0.6167
H7_8 H 0.0210 0.9048 0.6205
O1_7 O 0.9618(3) 0.3631(3) 0.4606(3)
O2_6 O 0.9951(3) 0.2998(3) 0.6199(3)
C1_7 C 0.9985(5) 0.2715(4) 0.6919(5)
H1_7 H 0.8996 0.3833 0.4753
H2_7 H 0.9790 0.3795 0.4048
O6_8 O 0.9606(3) 0.0382(3) 0.8631(3)
O8_6 O 0.9951(3) 0.2002(3) 0.8801(3)
C4_7 C 0.9985(5) 0.2285(4) 0.8081(5)
H5_8 H 0.9753 0.1004 0.8833
H8_8 H 0.9048 0.0210 0.8795
Co2_6 Co 0.99847(5) 0.9985 0.7500
O16_8 O 0.9877(3) 0.8822(3) 0.8023(3)
O17_8 O 0.8822(3) 0.9877(3) 0.6977(3)
O5_9 O 0.4618(3) 0.5394(3) 0.6369(3)
O6_9 O 0.5394(3) 0.4618(3) 0.8631(3)
O16_9 O 0.5123(3) 0.6178(3) 0.8023(3)
O17_9 O 0.6178(3) 0.5123(3) 0.6977(3)
H4_9 H 0.3996 0.5247 0.6167
H5_9 H 0.5247 0.3996 0.8833
H7_9 H 0.4790 0.5952 0.6205
H8_9 H 0.5952 0.4790 0.8795
O4_8 O 0.1369(3) 0.5382(3) 0.0394(3)
O7_8 O 0.1199(3) 0.7002(3) 0.0049(3)
O11_8 O 0.0049(3) 0.7998(3) 0.1199(3)
C3_8 C 0.1919(5) 0.7285(4) 0.0015(5)
C5_8 C 0.3081(5) 0.7715(4) 0.0015(5)
H3_8 H 0.1167 0.6004 0.0247
H6_8 H 0.1205 0.5210 0.0952
O1_8 O 0.3631(3) 0.4606(3) 0.9618(3)
O2_7 O 0.2998(3) 0.6199(3) 0.9951(3)
C1_8 C 0.2715(4) 0.6919(5) 0.9985(5)
H1_8 H 0.3833 0.4753 0.8996
H2_8 H 0.3795 0.4048 0.9790
O6_10 O 0.0382(3) 0.8631(3) 0.9606(3)
O8_7 O 0.2002(3) 0.8801(3) 0.9951(3)
C4_8 C 0.2285(4) 0.8081(5) 0.9985(5)
H5_10 H 0.1004 0.8833 0.9753
H8_10 H 0.0210 0.8795 0.9048
O5_10 O 0.9606(3) 0.6369(3) 0.0382(3)
H4_10 H 0.9753 0.6167 0.1004
H7_10 H 0.9048 0.6205 0.0210
Co2_7 Co 0.9985 0.7500 0.99847(5)
O16_10 O 0.8822(3) 0.8023(3) 0.9877(3)
O17_10 O 0.9877(3) 0.6977(3) 0.8822(3)
O1_9 O 0.3631(3) 0.0394(3) 0.5382(3)
O3_6 O 0.3023(3) 0.0123(3) 0.3822(3)
C2_6 C 0.2727(4) 0.0150(3) 0.3104(5)
H1_9 H 0.3833 0.0247 0.6004
H2_9 H 0.3795 0.0952 0.5210
O12_6 O 0.1178(3) 0.0123(3) 0.3023(3)
O13_6 O 0.1977(3) 0.0123(3) 0.1178(3)
C6_6 C 0.1896(5) 0.0150(3) 0.2727(4)
C7_6 C 0.2273(4) 0.0150(3) 0.1896(5)
C8_6 C 0.3104(5) 0.0150(3) 0.2273(4)
O2_8 O 0.2998(3) 0.8801(3) 0.5049(3)
C1_9 C 0.2715(4) 0.8081(5) 0.5015(5)
O4_9 O 0.1369(3) 0.9618(3) 0.4606(3)
O6_11 O 0.0382(3) 0.6369(3) 0.5394(3)
O7_9 O 0.1199(3) 0.7998(3) 0.4951(3)
O9_6 O 0.3801(3) 0.7002(3) 0.4951(3)
O10_6 O 0.2002(3) 0.9951(3) 0.6199(3)
O11_9 O 0.0049(3) 0.7002(3) 0.3801(3)
C3_9 C 0.1919(5) 0.7715(4) 0.4985(5)
C4_9 C 0.2285(4) 0.6919(5) 0.5015(5)
C5_9 C 0.3081(5) 0.7285(4) 0.4985(5)
H3_9 H 0.1167 0.8996 0.4753
H5_11 H 0.1004 0.6167 0.5247
H6_9 H 0.1205 0.9790 0.4048
H8_11 H 0.0210 0.6205 0.5952
Co2_8 Co 0.9985 0.7500 0.50153(5)
O5_11 O 0.9606(3) 0.8631(3) 0.4618(3)
O16_11 O 0.8822(3) 0.6977(3) 0.5123(3)
O17_11 O 0.9877(3) 0.8023(3) 0.6178(3)
H4_11 H 0.9753 0.8833 0.3996
H7_11 H 0.9048 0.8795 0.4790
O5_12 O 0.5394(3) 0.6369(3) 0.4618(3)
O6_12 O 0.4618(3) 0.8631(3) 0.5394(3)
O16_12 O 0.6178(3) 0.8023(3) 0.5123(3)
O17_12 O 0.5123(3) 0.6977(3) 0.6178(3)
H4_12 H 0.5247 0.6167 0.3996
H5_12 H 0.3996 0.8833 0.5247
H7_12 H 0.5952 0.6205 0.4790
H8_12 H 0.4790 0.8795 0.5952
O4_10 O 0.0394(3) 0.9618(3) 0.1369(3)
C3_10 C 0.0015(5) 0.7715(4) 0.1919(5)
C5_10 C 0.0015(5) 0.7285(4) 0.3081(5)
H3_10 H 0.0247 0.8996 0.1167
H6_10 H 0.0952 0.9790 0.1205
O1_10 O 0.9618(3) 0.0394(3) 0.3631(3)
H1_10 H 0.8996 0.0247 0.3833
H2_10 H 0.9790 0.0952 0.3795
O2_9 O 0.9951(3) 0.8801(3) 0.2998(3)
C1_10 C 0.9985(5) 0.8081(5) 0.2715(4)
C4_10 C 0.9985(5) 0.6919(5) 0.2285(4)
O4_11 O 0.1369(3) 0.0394(3) 0.9618(3)
C3_11 C 0.1919(5) 0.0015(5) 0.7715(4)
C5_11 C 0.3081(5) 0.0015(5) 0.7285(4)
H3_11 H 0.1167 0.0247 0.8996
H6_11 H 0.1205 0.0952 0.9790
O1_11 O 0.3631(3) 0.9618(3) 0.0394(3)
H1_11 H 0.3833 0.8996 0.0247
H2_11 H 0.3795 0.9790 0.0952
O2_10 O 0.2998(3) 0.9951(3) 0.8801(3)
C1_11 C 0.2715(4) 0.9985(5) 0.8081(5)
C4_11 C 0.2285(4) 0.9985(5) 0.6919(5)
O1_12 O 0.0394(3) 0.3631(3) 0.9618(3)
H1_12 H 0.0247 0.3833 0.8996
H2_12 H 0.0952 0.3795 0.9790
O4_12 O 0.9618(3) 0.1369(3) 0.0394(3)
C3_12 C 0.7715(4) 0.1919(5) 0.0015(5)
C5_12 C 0.7285(4) 0.3081(5) 0.0015(5)
H3_12 H 0.8996 0.1167 0.0247
H6_12 H 0.9790 0.1205 0.0952
O2_11 O 0.8801(3) 0.2998(3) 0.9951(3)
C1_12 C 0.8081(5) 0.2715(4) 0.9985(5)
C4_12 C 0.6919(5) 0.2285(4) 0.9985(5)
C2_7 C 0.6896(5) 0.5150(3) 0.7273(4)
C6_7 C 0.7273(4) 0.5150(3) 0.8104(5)
C7_7 C 0.8104(5) 0.5150(3) 0.7727(4)
C8_7 C 0.7727(4) 0.5150(3) 0.6896(5)
C2_8 C 0.7273(4) 0.6896(5) 0.5150(3)
C6_8 C 0.8104(5) 0.7273(4) 0.5150(3)
C7_8 C 0.7727(4) 0.8104(5) 0.5150(3)
C8_8 C 0.6896(5) 0.7727(4) 0.5150(3)
C2_9 C 0.5150(3) 0.7273(4) 0.6896(5)
C6_9 C 0.5150(3) 0.8104(5) 0.7273(4)
C7_9 C 0.5150(3) 0.7727(4) 0.8104(5)
C8_9 C 0.5150(3) 0.6896(5) 0.7727(4)
C2_10 C 0.9850(3) 0.6896(5) 0.7273(4)
C6_10 C 0.9850(3) 0.7273(4) 0.8104(5)
C7_10 C 0.9850(3) 0.8104(5) 0.7727(4)
C8_10 C 0.9850(3) 0.7727(4) 0.6896(5)
C2_11 C 0.6896(5) 0.7273(4) 0.9850(3)
C6_11 C 0.7273(4) 0.8104(5) 0.9850(3)
C7_11 C 0.8104(5) 0.7727(4) 0.9850(3)
C8_11 C 0.7727(4) 0.6896(5) 0.9850(3)
C2_12 C 0.7273(4) 0.9850(3) 0.6896(5)
C6_12 C 0.8104(5) 0.9850(3) 0.7273(4)
C7_12 C 0.7727(4) 0.9850(3) 0.8104(5)
C8_12 C 0.6896(5) 0.9850(3) 0.7727(4)
loop_
_geom_bond_atom_site_label_1
_geom_bond_atom_site_label_2
_geom_bond_site_symmetry_1
_geom_bond_site_symmetry_2
Co1 O1 1_555 1_555
O1 H1 1_555 1_555
O2 Co1 1_555 1_555
C1 O2 1_555 1_555
O3 Co1 1_555 1_555
C2 O3 1_555 1_555
H2 O1 1_555 1_555
Co4 O9 1_555 1_555
Co5 O12 1_555 1_555
Co6 O13 1_555 1_555
Co7 O14 1_555 1_555
O4 Co1 1_555 1_555
O8 C4 1_555 1_555
O9 C5 1_555 1_555
O10 Co1 1_555 1_555
C3 C1 1_555 1_555
C4 C3 1_555 1_555
C5 C1 1_555 1_555
O12 C6 1_555 1_555
O13 C7 1_555 1_555
O14 C8 1_555 1_555
O15 Co1 1_555 1_555
C6 C2 1_555 1_555
C7 C6 1_555 1_555
C8 C2 1_555 1_555
H3 O4 1_555 1_555
H5 O6 1_555 1_555
H6 O4 1_555 1_555
H8 O6 1_555 1_555
O7 C3 1_555 1_555
C4 C5 1_555 1_555
C7 C8 1_555 1_555
Co2 O5 1_555 1_555
O5 H4 1_555 1_555
O16 Co2 1_555 1_555
O17 Co2 1_555 1_555
H7 O5 1_555 1_555
Co7 O1_2 1_555 1_555
O1_2 H1_2 1_555 1_555
O2_2 Co7 1_555 1_555
C1_2 O2_2 1_555 1_555
O3_2 Co7 1_555 1_555
C2_2 O3_2 1_555 1_555
H2_2 O1_2 1_555 1_555
Co4_2 O9_2 1_555 1_555
Co5_2 O12_2 1_555 1_555
Co6_2 O13_2 1_555 1_555
Co7_2 O14_2 1_555 1_555
O4_2 Co7 1_555 1_555
O8_2 C4_2 1_555 1_555
O9_2 C5_2 1_555 1_555
O10_2 Co7 1_555 1_555
C3_2 C1_2 1_555 1_555
C4_2 C3_2 1_555 1_555
C5_2 C1_2 1_555 1_555
O12_2 C6_2 1_555 1_555
O13_2 C7_2 1_555 1_555
O14_2 C8_2 1_555 1_555
C6_2 C2_2 1_555 1_555
C7_2 C6_2 1_555 1_555
C8_2 C2_2 1_555 1_555
H3_2 O4_2 1_555 1_555
H5_2 O6_2 1_555 1_555
H6_2 O4_2 1_555 1_555
H8_2 O6_2 1_555 1_555
O7_2 C3_2 1_555 1_555
C4_2 C5_2 1_555 1_555
C7_2 C8_2 1_555 1_555
Co2_2 O5_2 1_555 1_555
O5_2 H4_2 1_555 1_555
O16_2 Co2_2 1_555 1_555
O17_2 Co2_2 1_555 1_555
H7_2 O5_2 1_555 1_555
Co7_2 O1_3 1_555 1_555
O1_3 H1_3 1_555 1_555
O2_3 Co7_2 1_555 1_555
C1_3 O2_3 1_555 1_555
O3_3 Co7_2 1_555 1_555
C2_3 O3_3 1_555 1_555
H2_3 O1_3 1_555 1_555
Co4_3 O9_3 1_555 1_555
Co3 O12_3 1_555 1_555
Co6_3 O13_3 1_555 1_555
O4_3 Co7_2 1_555 1_555
O8_3 C4_3 1_555 1_555
O9_3 C5_3 1_555 1_555
O10_3 Co7_2 1_555 1_555
C3_3 C1_3 1_555 1_555
C4_3 C3_3 1_555 1_555
C5_3 C1_3 1_555 1_555
O12_3 C6_3 1_555 1_555
O13_3 C7_3 1_555 1_555
O15 C8_3 1_555 1_555
C6_3 C2_3 1_555 1_555
C7_3 C6_3 1_555 1_555
C8_3 C2_3 1_555 1_555
H3_3 O4_3 1_555 1_555
H5_3 O6_3 1_555 1_555
H6_3 O4_3 1_555 1_555
H8_3 O6_3 1_555 1_555
O7_3 C3_3 1_555 1_555
C4_3 C5_3 1_555 1_555
C7_3 C8_3 1_555 1_555
Co2_3 O5_3 1_555 1_555
O5_3 H4_3 1_555 1_555
O16_3 Co2_3 1_555 1_555
O17_3 Co2_3 1_555 1_555
H7_3 O5_3 1_555 1_555
C1_4 O10 1_555 1_555
Co4_3 O5_4 1_555 1_555
O5_4 H4_4 1_555 1_555
O6_4 Co4_3 1_555 1_555
O7_4 Co4_3 1_555 1_555
O8_4 C4_4 1_555 1_555
O9_4 C5_4 1_555 1_555
C3_4 C1_4 1_555 1_555
C4_4 C3_4 1_555 1_555
C5_4 C1_4 1_555 1_555
O16_4 Co4_3 1_555 1_555
O17_4 Co4_3 1_555 1_555
H5_4 O6_4 1_555 1_555
H7_4 O5_4 1_555 1_555
H8_4 O6_4 1_555 1_555
O7_4 C3_4 1_555 1_555
C4_4 C5_4 1_555 1_555
O4_4 Co3 1_555 1_555
O11_3 C5_5 1_555 1_555
O15_2 Co3 1_555 1_555
H3_4 O4_4 1_555 1_555
H6_4 O4_4 1_555 1_555
O7_5 C3_5 1_555 1_555
O5_5 H4_5 1_555 1_555
H7_5 O5_5 1_555 1_555
O1_4 H1_4 1_555 1_555
C1_5 O2_4 1_555 1_555
H2_4 O1_4 1_555 1_555
O8_5 C4_5 1_555 1_555
H5_5 O6_5 1_555 1_555
H8_5 O6_5 1_555 1_555
O16_5 Co2_4 1_555 1_555
O17_5 Co2_4 1_555 1_555
Co6 O1_5 1_555 1_555
O1_5 H1_5 1_555 1_555
O3_4 Co6 1_555 1_555
C2_4 O3_4 1_555 1_555
H2_5 O1_5 1_555 1_555
Co5_3 O12_4 1_555 1_555
Co3_2 O13_4 1_555 1_555
Co5_2 O14_3 1_555 1_555
O12_4 C6_4 1_555 1_555
O13_4 C7_4 1_555 1_555
O14_3 C8_4 1_555 1_555
C6_4 C2_4 1_555 1_555
C7_4 C6_4 1_555 1_555
C8_4 C2_4 1_555 1_555
C7_4 C8_4 1_555 1_555
H3_5 O4_5 1_555 1_555
H5_6 O6_6 1_555 1_555
H6_5 O4_5 1_555 1_555
H8_6 O6_6 1_555 1_555
Co4_4 O5_6 1_555 1_555
O5_6 H4_6 1_555 1_555
O16_6 Co4_4 1_555 1_555
O17_6 Co4_4 1_555 1_555
H7_6 O5_6 1_555 1_555
Co6_3 O1_6 1_555 1_555
O1_6 H1_6 1_555 1_555
O3_5 Co6_3 1_555 1_555
C2_5 O3_5 1_555 1_555
H2_6 O1_6 1_555 1_555
Co5_4 O12_5 1_555 1_555
Co5_3 O13_5 1_555 1_555
Co5 O14_4 1_555 1_555
O12_5 C6_5 1_555 1_555
O13_5 C7_5 1_555 1_555
O14_4 C8_5 1_555 1_555
C6_5 C2_5 1_555 1_555
C7_5 C6_5 1_555 1_555
C8_5 C2_5 1_555 1_555
C7_5 C8_5 1_555 1_555
C1_6 O2_5 1_555 1_555
Co4_2 O9_5 1_555 1_555
O10_3 C4_6 1_555 1_555
O9_5 C5_6 1_555 1_555
C3_6 C1_6 1_555 1_555
C4_6 C3_6 1_555 1_555
C5_6 C1_6 1_555 1_555
H3_6 O4_6 1_555 1_555
H5_7 O6_7 1_555 1_555
H6_6 O4_6 1_555 1_555
H8_7 O6_7 1_555 1_555
O7_6 C3_6 1_555 1_555
C4_6 C5_6 1_555 1_555
Co2_5 O5_7 1_555 1_555
O5_7 H4_7 1_555 1_555
O16_7 Co2_5 1_555 1_555
O17_7 Co2_5 1_555 1_555
H7_7 O5_7 1_555 1_555
O4_7 Co5_2 1_555 1_555
O11_2 C5_7 1_555 1_555
H3_7 O4_7 1_555 1_555
H6_7 O4_7 1_555 1_555
O7_7 C3_7 1_555 1_555
O5_8 H4_8 1_555 1_555
H7_8 O5_8 1_555 1_555
O1_7 H1_7 1_555 1_555
C1_7 O2_6 1_555 1_555
H2_7 O1_7 1_555 1_555
O8_6 C4_7 1_555 1_555
H5_8 O6_8 1_555 1_555
H8_8 O6_8 1_555 1_555
O16_8 Co2_6 1_555 1_555
O17_8 Co2_6 1_555 1_555
Co4_2 O5_9 1_555 1_555
O5_9 H4_9 1_555 1_555
O6_9 Co4_2 1_555 1_555
O16_9 Co4_2 1_555 1_555
O17_9 Co4_2 1_555 1_555
H5_9 O6_9 1_555 1_555
H7_9 O5_9 1_555 1_555
H8_9 O6_9 1_555 1_555
O4_8 Co5 1_555 1_555
O11 C5_8 1_555 1_555
H3_8 O4_8 1_555 1_555
H6_8 O4_8 1_555 1_555
O7_8 C3_8 1_555 1_555
O1_8 H1_8 1_555 1_555
C1_8 O2_7 1_555 1_555
H2_8 O1_8 1_555 1_555
O8_7 C4_8 1_555 1_555
H5_10 O6_10 1_555 1_555
H8_10 O6_10 1_555 1_555
O5_10 H4_10 1_555 1_555
H7_10 O5_10 1_555 1_555
O16_10 Co2_7 1_555 1_555
O17_10 Co2_7 1_555 1_555
Co6_2 O1_9 1_555 1_555
O1_9 H1_9 1_555 1_555
O3_6 Co6_2 1_555 1_555
C2_6 O3_6 1_555 1_555
H2_9 O1_9 1_555 1_555
Co3_2 O12_6 1_555 1_555
Co5_4 O13_6 1_555 1_555
O12_6 C6_6 1_555 1_555
O13_6 C7_6 1_555 1_555
O15_2 C8_6 1_555 1_555
C6_6 C2_6 1_555 1_555
C7_6 C6_6 1_555 1_555
C8_6 C2_6 1_555 1_555
C7_6 C8_6 1_555 1_555
C1_9 O2_8 1_555 1_555
Co4 O9_6 1_555 1_555
O10_2 C4_9 1_555 1_555
O9_6 C5_9 1_555 1_555
C3_9 C1_9 1_555 1_555
C4_9 C3_9 1_555 1_555
C5_9 C1_9 1_555 1_555
H3_9 O4_9 1_555 1_555
H5_11 O6_11 1_555 1_555
H6_9 O4_9 1_555 1_555
H8_11 O6_11 1_555 1_555
O7_9 C3_9 1_555 1_555
C4_9 C5_9 1_555 1_555
Co2_8 O5_11 1_555 1_555
O5_11 H4_11 1_555 1_555
O16_11 Co2_8 1_555 1_555
O17_11 Co2_8 1_555 1_555
H7_11 O5_11 1_555 1_555
Co4 O5_12 1_555 1_555
O5_12 H4_12 1_555 1_555
O6_12 Co4 1_555 1_555
O16_12 Co4 1_555 1_555
O17_12 Co4 1_555 1_555
H5_12 O6_12 1_555 1_555
H7_12 O5_12 1_555 1_555
H8_12 O6_12 1_555 1_555
O11_9 C5_10 1_555 1_555
H3_10 O4_10 1_555 1_555
H6_10 O4_10 1_555 1_555
O11_8 C3_10 1_555 1_555
O1_10 H1_10 1_555 1_555
H2_10 O1_10 1_555 1_555
C1_10 O2_9 1_555 1_555
O10_4 C4_10 1_555 1_555
O11_6 C5_11 1_555 1_555
H3_11 O4_11 1_555 1_555
H6_11 O4_11 1_555 1_555
O11_7 C3_11 1_555 1_555
O1_11 H1_11 1_555 1_555
H2_11 O1_11 1_555 1_555
C1_11 O2_10 1_555 1_555
O10_6 C4_11 1_555 1_555
O1_12 H1_12 1_555 1_555
H2_12 O1_12 1_555 1_555
O11_5 C5_12 1_555 1_555
H3_12 O4_12 1_555 1_555
H6_12 O4_12 1_555 1_555
O11_4 C3_12 1_555 1_555
C1_12 O2_11 1_555 1_555
O10_5 C4_12 1_555 1_555
C2_7 O17_9 1_555 1_555
O16_6 C6_7 1_555 1_555
O16_2 C7_7 1_555 1_555
O16_4 C8_7 1_555 1_555
C6_7 C2_7 1_555 1_555
C7_7 C6_7 1_555 1_555
C8_7 C2_7 1_555 1_555
C7_7 C8_7 1_555 1_555
C2_8 O17_4 1_555 1_555
O16_11 C6_8 1_555 1_555
O16_3 C7_8 1_555 1_555
O16_12 C8_8 1_555 1_555
C6_8 C2_8 1_555 1_555
C7_8 C6_8 1_555 1_555
C8_8 C2_8 1_555 1_555
C7_8 C8_8 1_555 1_555
C2_9 O17_12 1_555 1_555
O16_7 C6_9 1_555 1_555
O16 C7_9 1_555 1_555
O16_9 C8_9 1_555 1_555
C6_9 C2_9 1_555 1_555
C7_9 C6_9 1_555 1_555
C8_9 C2_9 1_555 1_555
C7_9 C8_9 1_555 1_555
C2_10 O17_2 1_555 1_555
O17_10 C6_10 1_555 1_555
O16_8 C7_10 1_555 1_555
O17_11 C8_10 1_555 1_555
C6_10 C2_10 1_555 1_555
C7_10 C6_10 1_555 1_555
C8_10 C2_10 1_555 1_555
C7_10 C8_10 1_555 1_555
C2_11 O17 1_555 1_555
O17_5 C6_11 1_555 1_555
O16_10 C7_11 1_555 1_555
O17_6 C8_11 1_555 1_555
C6_11 C2_11 1_555 1_555
C7_11 C6_11 1_555 1_555
C8_11 C2_11 1_555 1_555
C7_11 C8_11 1_555 1_555
C2_12 O17_3 1_555 1_555
O17_8 C6_12 1_555 1_555
O16_5 C7_12 1_555 1_555
O17_7 C8_12 1_555 1_555
C6_12 C2_12 1_555 1_555
C7_12 C6_12 1_555 1_555
C8_12 C2_12 1_555 1_555
C7_12 C8_12 1_555 1_555

#END
