
###############################################################################
#
# This file contains modified crystal structure data generated from the
# MOF subset of the Cambridge Structural Database (CSD) v543 
# hosted by the Cambridge Crystallographic Data Centre (CCDC).
#
# This work is licensed under the Creative Commons
# Attribution-NonCommercial-ShareAlike 4.0 International License.
# To view a copy of this license, visit
# http://creativecommons.org/licenses/by-nc-sa/4.0/
# or send a letter to
# Creative Commons, PO Box 1866, Mountain View, CA 94042, USA.
#
# CIF created using the CSD Python API on 29 September 2022
# The structure has been converted into the P1 space group
# The structure has a 3D framework
# The original CSD entry SICNEA is in the cubic crystal system
# The framework has been calculated to contain at least 10.0% void space
# The void calculation uses a probe of radius 1.32A, grid spacing 0.4
# The framework is charged, counterions have been retained in the structure
#
###############################################################################

data_SICNEA
_chemical_formula_moiety         '(C624 H672 Cd16 Mo144 N192 O528 P18 4-)n'
_symmetry_cell_setting           triclinic
_symmetry_space_group_name_H-M   'P 1'
_symmetry_Int_Tables_number      1
_space_group_name_Hall           'P 1'
loop_
_symmetry_equiv_pos_site_id
_symmetry_equiv_pos_as_xyz
1 x,y,z
_cell_length_a                   30.1254(9)
_cell_length_b                   30.1254(9)
_cell_length_c                   30.1254(9)
_cell_angle_alpha                90
_cell_angle_beta                 90
_cell_angle_gamma                90
_cell_volume                     27340
loop_
_atom_site_label
_atom_site_type_symbol
_atom_site_fract_x
_atom_site_fract_y
_atom_site_fract_z
Mo2 Mo 0.85503(6) 0.12780(5) 0.05364(7)
O3 O 0.8545(4) 0.0877(4) 0.0050(4)
O4 O 0.9043(5) 0.1168(5) 0.0776(6)
O5 O 0.8716(4) 0.1743(4) 0.0127(5)
O7 O 0.8124(4) 0.2361(3) 0.0332(4)
O9 O 0.7873(4) 0.1546(3) 0.0197(3)
P1 P 0.750000 0.125000 0.000000
O13 O 0.7303(3) 0.0954(3) 0.0373(4)
Mo7 Mo 0.67134(6) 0.04251(5) 0.02966(6)
Mo9 Mo 0.67062(6) 0.20848(5) 0.02221(6)
O23 O 0.6304(4) 0.0049(4) 0.0319(6)
O24 O 0.6585(4) 0.0763(4) 0.0807(5)
O28 O 0.6365(5) 0.2477(4) 0.0442(6)
O30 O 0.7248(4) 0.2236(3) 0.0481(4)
O31 O 0.6689(4) 0.1632(3) 0.0664(4)
Mo10 Mo 0.77966(6) 0.20749(5) 0.07866(6)
Mo11 Mo 0.69636(7) 0.12220(5) 0.10503(6)
Mo12 Mo 0.77221(6) 0.04152(5) 0.07938(6)
O32 O 0.7819(6) 0.2451(4) 0.1196(4)
O33 O 0.8307(5) 0.1737(4) 0.0915(4)
O34 O 0.7450(4) 0.1623(4) 0.1045(4)
O35 O 0.6724(6) 0.1332(5) 0.1543(5)
O36 O 0.7373(5) 0.0757(4) 0.1216(4)
O37 O 0.7942(6) 0.0023(4) 0.1135(5)
O38 O 0.7168(4) 0.0139(3) 0.0624(4)
O39 O 0.7981(4) 0.0264(3) 0.0252(4)
O40 O 0.8164(4) 0.0868(3) 0.0811(4)
Mo1 Mo 0.82866(6) 0.04251(5) 0.97034(6)
Mo3 Mo 0.82938(6) 0.20848(5) 0.97779(6)
O1 O 0.8696(4) 0.0049(4) 0.9681(6)
O2 O 0.8415(4) 0.0763(4) 0.9193(5)
O6 O 0.8635(5) 0.2477(4) 0.9558(6)
O8 O 0.7752(4) 0.2236(3) 0.9519(4)
O10 O 0.8311(4) 0.1632(3) 0.9336(4)
P1_2 P 0.750000 0.125000 1.000000
O11 O 0.7697(3) 0.0954(3) 0.9627(4)
O12 O 0.7127(4) 0.1546(3) 0.9803(3)
Mo4 Mo 0.72034(6) 0.20749(5) 0.92134(6)
Mo5 Mo 0.80364(7) 0.12220(5) 0.89497(6)
Mo6 Mo 0.72779(6) 0.04152(5) 0.92062(6)
O14 O 0.7181(6) 0.2451(4) 0.8804(4)
O15 O 0.6693(5) 0.1737(4) 0.9085(4)
O16 O 0.7550(4) 0.1623(4) 0.8955(4)
O17 O 0.8276(6) 0.1332(5) 0.8457(5)
O18 O 0.7627(5) 0.0757(4) 0.8784(4)
O19 O 0.7058(6) 0.0023(4) 0.8865(5)
O20 O 0.7832(4) 0.0139(3) 0.9376(4)
O21 O 0.7019(4) 0.0264(3) 0.9748(4)
O22 O 0.6836(4) 0.0868(3) 0.9189(4)
Mo8 Mo 0.64497(6) 0.12780(5) 0.94636(7)
O25 O 0.6455(4) 0.0877(4) 0.9950(4)
O26 O 0.5957(5) 0.1168(5) 0.9224(6)
O27 O 0.6284(4) 0.1743(4) 0.9873(5)
O29 O 0.6876(4) 0.2361(3) 0.9668(4)
Mo1_2 Mo 0.67134(6) 0.95749(5) 0.47034(6)
Mo2_2 Mo 0.64497(6) 0.87220(5) 0.55364(7)
Mo3_2 Mo 0.67062(6) 0.79152(5) 0.47779(6)
O1_2 O 0.6304(4) 0.9951(4) 0.4681(6)
O2_2 O 0.6585(4) 0.9237(4) 0.4193(5)
O3_2 O 0.6455(4) 0.9123(4) 0.5050(4)
O4_2 O 0.5957(5) 0.8832(5) 0.5776(6)
O5_2 O 0.6284(4) 0.8257(4) 0.5127(5)
O6_2 O 0.6365(5) 0.7523(4) 0.4558(6)
O7_2 O 0.6876(4) 0.7639(3) 0.5332(4)
O8_2 O 0.7248(4) 0.7764(3) 0.4519(4)
O9_2 O 0.7127(4) 0.8454(3) 0.5197(3)
O10_2 O 0.6689(4) 0.8368(3) 0.4336(4)
P1_3 P 0.750000 0.875000 0.500000
O11_2 O 0.7303(3) 0.9046(3) 0.4627(4)
O12_2 O 0.7873(4) 0.8454(3) 0.4803(3)
O13_2 O 0.7697(3) 0.9046(3) 0.5373(4)
Mo4_2 Mo 0.77966(6) 0.79251(5) 0.42134(6)
Mo5_2 Mo 0.69636(7) 0.87780(5) 0.39497(6)
Mo6_2 Mo 0.77221(6) 0.95848(5) 0.42062(6)
O14_2 O 0.7819(6) 0.7549(4) 0.3804(4)
O15_2 O 0.8307(5) 0.8263(4) 0.4085(4)
O16_2 O 0.7450(4) 0.8377(4) 0.3955(4)
O17_2 O 0.6724(6) 0.8668(5) 0.3457(5)
O18_2 O 0.7373(5) 0.9243(4) 0.3784(4)
O19_2 O 0.7942(6) 0.9977(4) 0.3865(5)
O20_2 O 0.7168(4) 0.9861(3) 0.4376(4)
O21_2 O 0.7981(4) 0.9736(3) 0.4748(4)
O22_2 O 0.8164(4) 0.9132(3) 0.4189(4)
Mo7_2 Mo 0.82866(6) 0.95749(5) 0.52966(6)
Mo8_2 Mo 0.85503(6) 0.87220(5) 0.44636(7)
Mo9_2 Mo 0.82938(6) 0.79152(5) 0.52221(6)
O23_2 O 0.8696(4) 0.9951(4) 0.5319(6)
O24_2 O 0.8415(4) 0.9237(4) 0.5807(5)
O25_2 O 0.8545(4) 0.9123(4) 0.4950(4)
O26_2 O 0.9043(5) 0.8832(5) 0.4224(6)
O27_2 O 0.8716(4) 0.8257(4) 0.4873(5)
O28_2 O 0.8635(5) 0.7523(4) 0.5442(6)
O29_2 O 0.8124(4) 0.7639(3) 0.4668(4)
O30_2 O 0.7752(4) 0.7764(3) 0.5481(4)
O31_2 O 0.8311(4) 0.8368(3) 0.5664(4)
Mo10_2 Mo 0.72034(6) 0.79251(5) 0.57866(6)
Mo11_2 Mo 0.80364(7) 0.87780(5) 0.60503(6)
Mo12_2 Mo 0.72779(6) 0.95848(5) 0.57938(6)
O32_2 O 0.7181(6) 0.7549(4) 0.6196(4)
O33_2 O 0.6693(5) 0.8263(4) 0.5915(4)
O34_2 O 0.7550(4) 0.8377(4) 0.6045(4)
O35_2 O 0.8276(6) 0.8668(5) 0.6543(5)
O36_2 O 0.7627(5) 0.9243(4) 0.6216(4)
O37_2 O 0.7058(6) 0.9977(4) 0.6135(5)
O38_2 O 0.7832(4) 0.9861(3) 0.5624(4)
O39_2 O 0.7019(4) 0.9736(3) 0.5252(4)
O40_2 O 0.6836(4) 0.9132(3) 0.5811(4)
Mo1_3 Mo 0.17134(6) 0.54251(5) 0.52966(6)
Mo2_3 Mo 0.14497(6) 0.62780(5) 0.44636(7)
Mo3_3 Mo 0.17062(6) 0.70848(5) 0.52221(6)
O1_3 O 0.1304(4) 0.5049(4) 0.5319(6)
O2_3 O 0.1585(4) 0.5763(4) 0.5807(5)
O3_3 O 0.1455(4) 0.5877(4) 0.4950(4)
O4_3 O 0.0957(5) 0.6168(5) 0.4224(6)
O5_3 O 0.1284(4) 0.6743(4) 0.4873(5)
O6_3 O 0.1365(5) 0.7477(4) 0.5442(6)
O7_3 O 0.1876(4) 0.7361(3) 0.4668(4)
O8_3 O 0.2248(4) 0.7236(3) 0.5481(4)
O9_3 O 0.2127(4) 0.6546(3) 0.4803(3)
O10_3 O 0.1689(4) 0.6632(3) 0.5664(4)
P1_4 P 0.250000 0.625000 0.500000
O11_3 O 0.2303(3) 0.5954(3) 0.5373(4)
O12_3 O 0.2873(4) 0.6546(3) 0.5197(3)
O13_3 O 0.2697(3) 0.5954(3) 0.4627(4)
Mo4_3 Mo 0.27966(6) 0.70749(5) 0.57866(6)
Mo5_3 Mo 0.19636(7) 0.62220(5) 0.60503(6)
Mo6_3 Mo 0.27221(6) 0.54152(5) 0.57938(6)
O14_3 O 0.2819(6) 0.7451(4) 0.6196(4)
O15_3 O 0.3307(5) 0.6737(4) 0.5915(4)
O16_3 O 0.2450(4) 0.6623(4) 0.6045(4)
O17_3 O 0.1724(6) 0.6332(5) 0.6543(5)
O18_3 O 0.2373(5) 0.5757(4) 0.6216(4)
O19_3 O 0.2942(6) 0.5023(4) 0.6135(5)
O20_3 O 0.2168(4) 0.5139(3) 0.5624(4)
O21_3 O 0.2981(4) 0.5264(3) 0.5252(4)
O22_3 O 0.3164(4) 0.5868(3) 0.5811(4)
Mo7_3 Mo 0.32866(6) 0.54251(5) 0.47034(6)
Mo8_3 Mo 0.35503(6) 0.62780(5) 0.55364(7)
Mo9_3 Mo 0.32938(6) 0.70848(5) 0.47779(6)
O23_3 O 0.3696(4) 0.5049(4) 0.4681(6)
O24_3 O 0.3415(4) 0.5763(4) 0.4193(5)
O25_3 O 0.3545(4) 0.5877(4) 0.5050(4)
O26_3 O 0.4043(5) 0.6168(5) 0.5776(6)
O27_3 O 0.3716(4) 0.6743(4) 0.5127(5)
O28_3 O 0.3635(5) 0.7477(4) 0.4558(6)
O29_3 O 0.3124(4) 0.7361(3) 0.5332(4)
O30_3 O 0.2752(4) 0.7236(3) 0.4519(4)
O31_3 O 0.3311(4) 0.6632(3) 0.4336(4)
Mo10_3 Mo 0.22034(6) 0.70749(5) 0.42134(6)
Mo11_3 Mo 0.30364(7) 0.62220(5) 0.39497(6)
Mo12_3 Mo 0.22779(6) 0.54152(5) 0.42062(6)
O32_3 O 0.2181(6) 0.7451(4) 0.3804(4)
O33_3 O 0.1693(5) 0.6737(4) 0.4085(4)
O34_3 O 0.2550(4) 0.6623(4) 0.3955(4)
O35_3 O 0.3276(6) 0.6332(5) 0.3457(5)
O36_3 O 0.2627(5) 0.5757(4) 0.3784(4)
O37_3 O 0.2058(6) 0.5023(4) 0.3865(5)
O38_3 O 0.2832(4) 0.5139(3) 0.4376(4)
O39_3 O 0.2019(4) 0.5264(3) 0.4748(4)
O40_3 O 0.1836(4) 0.5868(3) 0.4189(4)
Mo1_4 Mo 0.32866(6) 0.45749(5) 0.02966(6)
Mo3_4 Mo 0.32938(6) 0.29152(5) 0.02221(6)
O1_4 O 0.3696(4) 0.4951(4) 0.0319(6)
O2_4 O 0.3415(4) 0.4237(4) 0.0807(5)
O6_4 O 0.3635(5) 0.2523(4) 0.0442(6)
O8_4 O 0.2752(4) 0.2764(3) 0.0481(4)
O10_4 O 0.3311(4) 0.3368(3) 0.0664(4)
P1_5 P 0.250000 0.375000 0.000000
O11_4 O 0.2697(3) 0.4046(3) 0.0373(4)
O12_4 O 0.2127(4) 0.3454(3) 0.0197(3)
Mo4_4 Mo 0.22034(6) 0.29251(5) 0.07866(6)
Mo5_4 Mo 0.30364(7) 0.37780(5) 0.10503(6)
Mo6_4 Mo 0.22779(6) 0.45848(5) 0.07938(6)
O14_4 O 0.2181(6) 0.2549(4) 0.1196(4)
O15_4 O 0.1693(5) 0.3263(4) 0.0915(4)
O16_4 O 0.2550(4) 0.3377(4) 0.1045(4)
O17_4 O 0.3276(6) 0.3668(5) 0.1543(5)
O18_4 O 0.2627(5) 0.4243(4) 0.1216(4)
O19_4 O 0.2058(6) 0.4977(4) 0.1135(5)
O20_4 O 0.2832(4) 0.4861(3) 0.0624(4)
O21_4 O 0.2019(4) 0.4736(3) 0.0252(4)
O22_4 O 0.1836(4) 0.4132(3) 0.0811(4)
Mo8_4 Mo 0.14497(6) 0.37220(5) 0.05364(7)
O25_4 O 0.1455(4) 0.4123(4) 0.0050(4)
O26_4 O 0.0957(5) 0.3832(5) 0.0776(6)
O27_4 O 0.1284(4) 0.3257(4) 0.0127(5)
O29_4 O 0.1876(4) 0.2639(3) 0.0332(4)
Mo2_4 Mo 0.35503(6) 0.37220(5) 0.94636(7)
O3_4 O 0.3545(4) 0.4123(4) 0.9950(4)
O4_4 O 0.4043(5) 0.3832(5) 0.9224(6)
O5_4 O 0.3716(4) 0.3257(4) 0.9873(5)
O7_4 O 0.3124(4) 0.2639(3) 0.9668(4)
O9_4 O 0.2873(4) 0.3454(3) 0.9803(3)
P1_6 P 0.250000 0.375000 1.000000
O13_4 O 0.2303(3) 0.4046(3) 0.9627(4)
Mo7_4 Mo 0.17134(6) 0.45749(5) 0.97034(6)
Mo9_4 Mo 0.17062(6) 0.29152(5) 0.97779(6)
O23_4 O 0.1304(4) 0.4951(4) 0.9681(6)
O24_4 O 0.1585(4) 0.4237(4) 0.9193(5)
O28_4 O 0.1365(5) 0.2523(4) 0.9558(6)
O30_4 O 0.2248(4) 0.2764(3) 0.9519(4)
O31_4 O 0.1689(4) 0.3368(3) 0.9336(4)
Mo10_4 Mo 0.27966(6) 0.29251(5) 0.92134(6)
Mo11_4 Mo 0.19636(7) 0.37780(5) 0.89497(6)
Mo12_4 Mo 0.27221(6) 0.45848(5) 0.92062(6)
O32_4 O 0.2819(6) 0.2549(4) 0.8804(4)
O33_4 O 0.3307(5) 0.3263(4) 0.9085(4)
O34_4 O 0.2450(4) 0.3377(4) 0.8955(4)
O35_4 O 0.1724(6) 0.3668(5) 0.8457(5)
O36_4 O 0.2373(5) 0.4243(4) 0.8784(4)
O37_4 O 0.2942(6) 0.4977(4) 0.8865(5)
O38_4 O 0.2168(4) 0.4861(3) 0.9376(4)
O39_4 O 0.2981(4) 0.4736(3) 0.9748(4)
O40_4 O 0.3164(4) 0.4132(3) 0.9189(4)
Mo2_5 Mo 0.05364(7) 0.85503(6) 0.12780(5)
O3_5 O 0.0050(4) 0.8545(4) 0.0877(4)
O4_5 O 0.0776(6) 0.9043(5) 0.1168(5)
O5_5 O 0.0127(5) 0.8716(4) 0.1743(4)
O7_5 O 0.0332(4) 0.8124(4) 0.2361(3)
O9_5 O 0.0197(3) 0.7873(4) 0.1546(3)
P1_7 P 0.000000 0.750000 0.125000
O13_5 O 0.0373(4) 0.7303(3) 0.0954(3)
Mo7_5 Mo 0.02966(6) 0.67134(6) 0.04251(5)
Mo9_5 Mo 0.02221(6) 0.67062(6) 0.20848(5)
O23_5 O 0.0319(6) 0.6304(4) 0.0049(4)
O24_5 O 0.0807(5) 0.6585(4) 0.0763(4)
O28_5 O 0.0442(6) 0.6365(5) 0.2477(4)
O30_5 O 0.0481(4) 0.7248(4) 0.2236(3)
O31_5 O 0.0664(4) 0.6689(4) 0.1632(3)
Mo10_5 Mo 0.07866(6) 0.77966(6) 0.20749(5)
Mo11_5 Mo 0.10503(6) 0.69636(7) 0.12220(5)
Mo12_5 Mo 0.07938(6) 0.77221(6) 0.04152(5)
O32_5 O 0.1196(4) 0.7819(6) 0.2451(4)
O33_5 O 0.0915(4) 0.8307(5) 0.1737(4)
O34_5 O 0.1045(4) 0.7450(4) 0.1623(4)
O35_5 O 0.1543(5) 0.6724(6) 0.1332(5)
O36_5 O 0.1216(4) 0.7373(5) 0.0757(4)
O37_5 O 0.1135(5) 0.7942(6) 0.0023(4)
O38_5 O 0.0624(4) 0.7168(4) 0.0139(3)
O39_5 O 0.0252(4) 0.7981(4) 0.0264(3)
O40_5 O 0.0811(4) 0.8164(4) 0.0868(3)
Mo1_5 Mo 0.97034(6) 0.82866(6) 0.04251(5)
Mo3_5 Mo 0.97779(6) 0.82938(6) 0.20848(5)
O1_5 O 0.9681(6) 0.8696(4) 0.0049(4)
O2_5 O 0.9193(5) 0.8415(4) 0.0763(4)
O6_5 O 0.9558(6) 0.8635(5) 0.2477(4)
O8_5 O 0.9519(4) 0.7752(4) 0.2236(3)
O10_5 O 0.9336(4) 0.8311(4) 0.1632(3)
P1_8 P 1.000000 0.750000 0.125000
O11_5 O 0.9627(4) 0.7697(3) 0.0954(3)
O12_5 O 0.9803(3) 0.7127(4) 0.1546(3)
Mo4_5 Mo 0.92134(6) 0.72034(6) 0.20749(5)
Mo5_5 Mo 0.89497(6) 0.80364(7) 0.12220(5)
Mo6_5 Mo 0.92062(6) 0.72779(6) 0.04152(5)
O14_5 O 0.8804(4) 0.7181(6) 0.2451(4)
O15_5 O 0.9085(4) 0.6693(5) 0.1737(4)
O16_5 O 0.8955(4) 0.7550(4) 0.1623(4)
O17_5 O 0.8457(5) 0.8276(6) 0.1332(5)
O18_5 O 0.8784(4) 0.7627(5) 0.0757(4)
O19_5 O 0.8865(5) 0.7058(6) 0.0023(4)
O20_5 O 0.9376(4) 0.7832(4) 0.0139(3)
O21_5 O 0.9748(4) 0.7019(4) 0.0264(3)
O22_5 O 0.9189(4) 0.6836(4) 0.0868(3)
Mo8_5 Mo 0.94636(7) 0.64497(6) 0.12780(5)
O25_5 O 0.9950(4) 0.6455(4) 0.0877(4)
O26_5 O 0.9224(6) 0.5957(5) 0.1168(5)
O27_5 O 0.9873(5) 0.6284(4) 0.1743(4)
O29_5 O 0.9668(4) 0.6876(4) 0.2361(3)
Mo1_6 Mo 0.47034(6) 0.67134(6) 0.95749(5)
Mo2_6 Mo 0.55364(7) 0.64497(6) 0.87220(5)
Mo3_6 Mo 0.47779(6) 0.67062(6) 0.79152(5)
O1_6 O 0.4681(6) 0.6304(4) 0.9951(4)
O2_6 O 0.4193(5) 0.6585(4) 0.9237(4)
O3_6 O 0.5050(4) 0.6455(4) 0.9123(4)
O4_6 O 0.5776(6) 0.5957(5) 0.8832(5)
O5_6 O 0.5127(5) 0.6284(4) 0.8257(4)
O6_6 O 0.4558(6) 0.6365(5) 0.7523(4)
O7_6 O 0.5332(4) 0.6876(4) 0.7639(3)
O8_6 O 0.4519(4) 0.7248(4) 0.7764(3)
O9_6 O 0.5197(3) 0.7127(4) 0.8454(3)
O10_6 O 0.4336(4) 0.6689(4) 0.8368(3)
P1_9 P 0.500000 0.750000 0.875000
O11_6 O 0.4627(4) 0.7303(3) 0.9046(3)
O12_6 O 0.4803(3) 0.7873(4) 0.8454(3)
O13_6 O 0.5373(4) 0.7697(3) 0.9046(3)
Mo4_6 Mo 0.42134(6) 0.77966(6) 0.79251(5)
Mo5_6 Mo 0.39497(6) 0.69636(7) 0.87780(5)
Mo6_6 Mo 0.42062(6) 0.77221(6) 0.95848(5)
O14_6 O 0.3804(4) 0.7819(6) 0.7549(4)
O15_6 O 0.4085(4) 0.8307(5) 0.8263(4)
O16_6 O 0.3955(4) 0.7450(4) 0.8377(4)
O17_6 O 0.3457(5) 0.6724(6) 0.8668(5)
O18_6 O 0.3784(4) 0.7373(5) 0.9243(4)
O19_6 O 0.3865(5) 0.7942(6) 0.9977(4)
O20_6 O 0.4376(4) 0.7168(4) 0.9861(3)
O21_6 O 0.4748(4) 0.7981(4) 0.9736(3)
O22_6 O 0.4189(4) 0.8164(4) 0.9132(3)
Mo7_6 Mo 0.52966(6) 0.82866(6) 0.95749(5)
Mo8_6 Mo 0.44636(7) 0.85503(6) 0.87220(5)
Mo9_6 Mo 0.52221(6) 0.82938(6) 0.79152(5)
O23_6 O 0.5319(6) 0.8696(4) 0.9951(4)
O24_6 O 0.5807(5) 0.8415(4) 0.9237(4)
O25_6 O 0.4950(4) 0.8545(4) 0.9123(4)
O26_6 O 0.4224(6) 0.9043(5) 0.8832(5)
O27_6 O 0.4873(5) 0.8716(4) 0.8257(4)
O28_6 O 0.5442(6) 0.8635(5) 0.7523(4)
O29_6 O 0.4668(4) 0.8124(4) 0.7639(3)
O30_6 O 0.5481(4) 0.7752(4) 0.7764(3)
O31_6 O 0.5664(4) 0.8311(4) 0.8368(3)
Mo10_6 Mo 0.57866(6) 0.72034(6) 0.79251(5)
Mo11_6 Mo 0.60503(6) 0.80364(7) 0.87780(5)
Mo12_6 Mo 0.57938(6) 0.72779(6) 0.95848(5)
O32_6 O 0.6196(4) 0.7181(6) 0.7549(4)
O33_6 O 0.5915(4) 0.6693(5) 0.8263(4)
O34_6 O 0.6045(4) 0.7550(4) 0.8377(4)
O35_6 O 0.6543(5) 0.8276(6) 0.8668(5)
O36_6 O 0.6216(4) 0.7627(5) 0.9243(4)
O37_6 O 0.6135(5) 0.7058(6) 0.9977(4)
O38_6 O 0.5624(4) 0.7832(4) 0.9861(3)
O39_6 O 0.5252(4) 0.7019(4) 0.9736(3)
O40_6 O 0.5811(4) 0.6836(4) 0.9132(3)
Mo1_7 Mo 0.52966(6) 0.17134(6) 0.54251(5)
Mo2_7 Mo 0.44636(7) 0.14497(6) 0.62780(5)
Mo3_7 Mo 0.52221(6) 0.17062(6) 0.70848(5)
O1_7 O 0.5319(6) 0.1304(4) 0.5049(4)
O2_7 O 0.5807(5) 0.1585(4) 0.5763(4)
O3_7 O 0.4950(4) 0.1455(4) 0.5877(4)
O4_7 O 0.4224(6) 0.0957(5) 0.6168(5)
O5_7 O 0.4873(5) 0.1284(4) 0.6743(4)
O6_7 O 0.5442(6) 0.1365(5) 0.7477(4)
O7_7 O 0.4668(4) 0.1876(4) 0.7361(3)
O8_7 O 0.5481(4) 0.2248(4) 0.7236(3)
O9_7 O 0.4803(3) 0.2127(4) 0.6546(3)
O10_7 O 0.5664(4) 0.1689(4) 0.6632(3)
P1_10 P 0.500000 0.250000 0.625000
O11_7 O 0.5373(4) 0.2303(3) 0.5954(3)
O12_7 O 0.5197(3) 0.2873(4) 0.6546(3)
O13_7 O 0.4627(4) 0.2697(3) 0.5954(3)
Mo4_7 Mo 0.57866(6) 0.27966(6) 0.70749(5)
Mo5_7 Mo 0.60503(6) 0.19636(7) 0.62220(5)
Mo6_7 Mo 0.57938(6) 0.27221(6) 0.54152(5)
O14_7 O 0.6196(4) 0.2819(6) 0.7451(4)
O15_7 O 0.5915(4) 0.3307(5) 0.6737(4)
O16_7 O 0.6045(4) 0.2450(4) 0.6623(4)
O17_7 O 0.6543(5) 0.1724(6) 0.6332(5)
O18_7 O 0.6216(4) 0.2373(5) 0.5757(4)
O19_7 O 0.6135(5) 0.2942(6) 0.5023(4)
O20_7 O 0.5624(4) 0.2168(4) 0.5139(3)
O21_7 O 0.5252(4) 0.2981(4) 0.5264(3)
O22_7 O 0.5811(4) 0.3164(4) 0.5868(3)
Mo7_7 Mo 0.47034(6) 0.32866(6) 0.54251(5)
Mo8_7 Mo 0.55364(7) 0.35503(6) 0.62780(5)
Mo9_7 Mo 0.47779(6) 0.32938(6) 0.70848(5)
O23_7 O 0.4681(6) 0.3696(4) 0.5049(4)
O24_7 O 0.4193(5) 0.3415(4) 0.5763(4)
O25_7 O 0.5050(4) 0.3545(4) 0.5877(4)
O26_7 O 0.5776(6) 0.4043(5) 0.6168(5)
O27_7 O 0.5127(5) 0.3716(4) 0.6743(4)
O28_7 O 0.4558(6) 0.3635(5) 0.7477(4)
O29_7 O 0.5332(4) 0.3124(4) 0.7361(3)
O30_7 O 0.4519(4) 0.2752(4) 0.7236(3)
O31_7 O 0.4336(4) 0.3311(4) 0.6632(3)
Mo10_7 Mo 0.42134(6) 0.22034(6) 0.70749(5)
Mo11_7 Mo 0.39497(6) 0.30364(7) 0.62220(5)
Mo12_7 Mo 0.42062(6) 0.22779(6) 0.54152(5)
O32_7 O 0.3804(4) 0.2181(6) 0.7451(4)
O33_7 O 0.4085(4) 0.1693(5) 0.6737(4)
O34_7 O 0.3955(4) 0.2550(4) 0.6623(4)
O35_7 O 0.3457(5) 0.3276(6) 0.6332(5)
O36_7 O 0.3784(4) 0.2627(5) 0.5757(4)
O37_7 O 0.3865(5) 0.2058(6) 0.5023(4)
O38_7 O 0.4376(4) 0.2832(4) 0.5139(3)
O39_7 O 0.4748(4) 0.2019(4) 0.5264(3)
O40_7 O 0.4189(4) 0.1836(4) 0.5868(3)
Mo1_8 Mo 0.02966(6) 0.32866(6) 0.45749(5)
Mo3_8 Mo 0.02221(6) 0.32938(6) 0.29152(5)
O1_8 O 0.0319(6) 0.3696(4) 0.4951(4)
O2_8 O 0.0807(5) 0.3415(4) 0.4237(4)
O6_8 O 0.0442(6) 0.3635(5) 0.2523(4)
O8_8 O 0.0481(4) 0.2752(4) 0.2764(3)
O10_8 O 0.0664(4) 0.3311(4) 0.3368(3)
P1_11 P -0.000000 0.250000 0.375000
O11_8 O 0.0373(4) 0.2697(3) 0.4046(3)
O12_8 O 0.0197(3) 0.2127(4) 0.3454(3)
Mo4_8 Mo 0.07866(6) 0.22034(6) 0.29251(5)
Mo5_8 Mo 0.10503(6) 0.30364(7) 0.37780(5)
Mo6_8 Mo 0.07938(6) 0.22779(6) 0.45848(5)
O14_8 O 0.1196(4) 0.2181(6) 0.2549(4)
O15_8 O 0.0915(4) 0.1693(5) 0.3263(4)
O16_8 O 0.1045(4) 0.2550(4) 0.3377(4)
O17_8 O 0.1543(5) 0.3276(6) 0.3668(5)
O18_8 O 0.1216(4) 0.2627(5) 0.4243(4)
O19_8 O 0.1135(5) 0.2058(6) 0.4977(4)
O20_8 O 0.0624(4) 0.2832(4) 0.4861(3)
O21_8 O 0.0252(4) 0.2019(4) 0.4736(3)
O22_8 O 0.0811(4) 0.1836(4) 0.4132(3)
Mo8_8 Mo 0.05364(7) 0.14497(6) 0.37220(5)
O25_8 O 0.0050(4) 0.1455(4) 0.4123(4)
O26_8 O 0.0776(6) 0.0957(5) 0.3832(5)
O27_8 O 0.0127(5) 0.1284(4) 0.3257(4)
O29_8 O 0.0332(4) 0.1876(4) 0.2639(3)
Mo2_8 Mo 0.94636(7) 0.35503(6) 0.37220(5)
O3_8 O 0.9950(4) 0.3545(4) 0.4123(4)
O4_8 O 0.9224(6) 0.4043(5) 0.3832(5)
O5_8 O 0.9873(5) 0.3716(4) 0.3257(4)
O7_8 O 0.9668(4) 0.3124(4) 0.2639(3)
O9_8 O 0.9803(3) 0.2873(4) 0.3454(3)
P1_12 P 1.000000 0.250000 0.375000
O13_8 O 0.9627(4) 0.2303(3) 0.4046(3)
Mo7_8 Mo 0.97034(6) 0.17134(6) 0.45749(5)
Mo9_8 Mo 0.97779(6) 0.17062(6) 0.29152(5)
O23_8 O 0.9681(6) 0.1304(4) 0.4951(4)
O24_8 O 0.9193(5) 0.1585(4) 0.4237(4)
O28_8 O 0.9558(6) 0.1365(5) 0.2523(4)
O30_8 O 0.9519(4) 0.2248(4) 0.2764(3)
O31_8 O 0.9336(4) 0.1689(4) 0.3368(3)
Mo10_8 Mo 0.92134(6) 0.27966(6) 0.29251(5)
Mo11_8 Mo 0.89497(6) 0.19636(7) 0.37780(5)
Mo12_8 Mo 0.92062(6) 0.27221(6) 0.45848(5)
O32_8 O 0.8804(4) 0.2819(6) 0.2549(4)
O33_8 O 0.9085(4) 0.3307(5) 0.3263(4)
O34_8 O 0.8955(4) 0.2450(4) 0.3377(4)
O35_8 O 0.8457(5) 0.1724(6) 0.3668(5)
O36_8 O 0.8784(4) 0.2373(5) 0.4243(4)
O37_8 O 0.8865(5) 0.2942(6) 0.4977(4)
O38_8 O 0.9376(4) 0.2168(4) 0.4861(3)
O39_8 O 0.9748(4) 0.2981(4) 0.4736(3)
O40_8 O 0.9189(4) 0.3164(4) 0.4132(3)
Mo2_9 Mo 0.12780(5) 0.05364(7) 0.85503(6)
O3_9 O 0.0877(4) 0.0050(4) 0.8545(4)
O4_9 O 0.1168(5) 0.0776(6) 0.9043(5)
O5_9 O 0.1743(4) 0.0127(5) 0.8716(4)
O7_9 O 0.2361(3) 0.0332(4) 0.8124(4)
O9_9 O 0.1546(3) 0.0197(3) 0.7873(4)
P1_13 P 0.125000 -0.000000 0.750000
O13_9 O 0.0954(3) 0.0373(4) 0.7303(3)
Mo7_9 Mo 0.04251(5) 0.02966(6) 0.67134(6)
Mo9_9 Mo 0.20848(5) 0.02221(6) 0.67062(6)
O23_9 O 0.0049(4) 0.0319(6) 0.6304(4)
O24_9 O 0.0763(4) 0.0807(5) 0.6585(4)
O28_9 O 0.2477(4) 0.0442(6) 0.6365(5)
O30_9 O 0.2236(3) 0.0481(4) 0.7248(4)
O31_9 O 0.1632(3) 0.0664(4) 0.6689(4)
Mo10_9 Mo 0.20749(5) 0.07866(6) 0.77966(6)
Mo11_9 Mo 0.12220(5) 0.10503(6) 0.69636(7)
Mo12_9 Mo 0.04152(5) 0.07938(6) 0.77221(6)
O32_9 O 0.2451(4) 0.1196(4) 0.7819(6)
O33_9 O 0.1737(4) 0.0915(4) 0.8307(5)
O34_9 O 0.1623(4) 0.1045(4) 0.7450(4)
O35_9 O 0.1332(5) 0.1543(5) 0.6724(6)
O36_9 O 0.0757(4) 0.1216(4) 0.7373(5)
O37_9 O 0.0023(4) 0.1135(5) 0.7942(6)
O38_9 O 0.0139(3) 0.0624(4) 0.7168(4)
O39_9 O 0.0264(3) 0.0252(4) 0.7981(4)
O40_9 O 0.0868(3) 0.0811(4) 0.8164(4)
Mo1_9 Mo 0.04251(5) 0.97034(6) 0.82866(6)
Mo3_9 Mo 0.20848(5) 0.97779(6) 0.82938(6)
O1_9 O 0.0049(4) 0.9681(6) 0.8696(4)
O2_9 O 0.0763(4) 0.9193(5) 0.8415(4)
O6_9 O 0.2477(4) 0.9558(6) 0.8635(5)
O8_9 O 0.2236(3) 0.9519(4) 0.7752(4)
O10_9 O 0.1632(3) 0.9336(4) 0.8311(4)
P1_14 P 0.125000 1.000000 0.750000
O11_9 O 0.0954(3) 0.9627(4) 0.7697(3)
O12_9 O 0.1546(3) 0.9803(3) 0.7127(4)
Mo4_9 Mo 0.20749(5) 0.92134(6) 0.72034(6)
Mo5_9 Mo 0.12220(5) 0.89497(6) 0.80364(7)
Mo6_9 Mo 0.04152(5) 0.92062(6) 0.72779(6)
O14_9 O 0.2451(4) 0.8804(4) 0.7181(6)
O15_9 O 0.1737(4) 0.9085(4) 0.6693(5)
O16_9 O 0.1623(4) 0.8955(4) 0.7550(4)
O17_9 O 0.1332(5) 0.8457(5) 0.8276(6)
O18_9 O 0.0757(4) 0.8784(4) 0.7627(5)
O19_9 O 0.0023(4) 0.8865(5) 0.7058(6)
O20_9 O 0.0139(3) 0.9376(4) 0.7832(4)
O21_9 O 0.0264(3) 0.9748(4) 0.7019(4)
O22_9 O 0.0868(3) 0.9189(4) 0.6836(4)
Mo8_9 Mo 0.12780(5) 0.94636(7) 0.64497(6)
O25_9 O 0.0877(4) 0.9950(4) 0.6455(4)
O26_9 O 0.1168(5) 0.9224(6) 0.5957(5)
O27_9 O 0.1743(4) 0.9873(5) 0.6284(4)
O29_9 O 0.2361(3) 0.9668(4) 0.6876(4)
Mo1_10 Mo 0.95749(5) 0.47034(6) 0.67134(6)
Mo2_10 Mo 0.87220(5) 0.55364(7) 0.64497(6)
Mo3_10 Mo 0.79152(5) 0.47779(6) 0.67062(6)
O1_10 O 0.9951(4) 0.4681(6) 0.6304(4)
O2_10 O 0.9237(4) 0.4193(5) 0.6585(4)
O3_10 O 0.9123(4) 0.5050(4) 0.6455(4)
O4_10 O 0.8832(5) 0.5776(6) 0.5957(5)
O5_10 O 0.8257(4) 0.5127(5) 0.6284(4)
O6_10 O 0.7523(4) 0.4558(6) 0.6365(5)
O7_10 O 0.7639(3) 0.5332(4) 0.6876(4)
O8_10 O 0.7764(3) 0.4519(4) 0.7248(4)
O9_10 O 0.8454(3) 0.5197(3) 0.7127(4)
O10_10 O 0.8368(3) 0.4336(4) 0.6689(4)
P1_15 P 0.875000 0.500000 0.750000
O11_10 O 0.9046(3) 0.4627(4) 0.7303(3)
O12_10 O 0.8454(3) 0.4803(3) 0.7873(4)
O13_10 O 0.9046(3) 0.5373(4) 0.7697(3)
Mo4_10 Mo 0.79251(5) 0.42134(6) 0.77966(6)
Mo5_10 Mo 0.87780(5) 0.39497(6) 0.69636(7)
Mo6_10 Mo 0.95848(5) 0.42062(6) 0.77221(6)
O14_10 O 0.7549(4) 0.3804(4) 0.7819(6)
O15_10 O 0.8263(4) 0.4085(4) 0.8307(5)
O16_10 O 0.8377(4) 0.3955(4) 0.7450(4)
O17_10 O 0.8668(5) 0.3457(5) 0.6724(6)
O18_10 O 0.9243(4) 0.3784(4) 0.7373(5)
O19_10 O 0.9977(4) 0.3865(5) 0.7942(6)
O20_10 O 0.9861(3) 0.4376(4) 0.7168(4)
O21_10 O 0.9736(3) 0.4748(4) 0.7981(4)
O22_10 O 0.9132(3) 0.4189(4) 0.8164(4)
Mo7_10 Mo 0.95749(5) 0.52966(6) 0.82866(6)
Mo8_10 Mo 0.87220(5) 0.44636(7) 0.85503(6)
Mo9_10 Mo 0.79152(5) 0.52221(6) 0.82938(6)
O23_10 O 0.9951(4) 0.5319(6) 0.8696(4)
O24_10 O 0.9237(4) 0.5807(5) 0.8415(4)
O25_10 O 0.9123(4) 0.4950(4) 0.8545(4)
O26_10 O 0.8832(5) 0.4224(6) 0.9043(5)
O27_10 O 0.8257(4) 0.4873(5) 0.8716(4)
O28_10 O 0.7523(4) 0.5442(6) 0.8635(5)
O29_10 O 0.7639(3) 0.4668(4) 0.8124(4)
O30_10 O 0.7764(3) 0.5481(4) 0.7752(4)
O31_10 O 0.8368(3) 0.5664(4) 0.8311(4)
Mo10_10 Mo 0.79251(5) 0.57866(6) 0.72034(6)
Mo11_10 Mo 0.87780(5) 0.60503(6) 0.80364(7)
Mo12_10 Mo 0.95848(5) 0.57938(6) 0.72779(6)
O32_10 O 0.7549(4) 0.6196(4) 0.7181(6)
O33_10 O 0.8263(4) 0.5915(4) 0.6693(5)
O34_10 O 0.8377(4) 0.6045(4) 0.7550(4)
O35_10 O 0.8668(5) 0.6543(5) 0.8276(6)
O36_10 O 0.9243(4) 0.6216(4) 0.7627(5)
O37_10 O 0.9977(4) 0.6135(5) 0.7058(6)
O38_10 O 0.9861(3) 0.5624(4) 0.7832(4)
O39_10 O 0.9736(3) 0.5252(4) 0.7019(4)
O40_10 O 0.9132(3) 0.5811(4) 0.6836(4)
Mo1_11 Mo 0.54251(5) 0.52966(6) 0.17134(6)
Mo2_11 Mo 0.62780(5) 0.44636(7) 0.14497(6)
Mo3_11 Mo 0.70848(5) 0.52221(6) 0.17062(6)
O1_11 O 0.5049(4) 0.5319(6) 0.1304(4)
O2_11 O 0.5763(4) 0.5807(5) 0.1585(4)
O3_11 O 0.5877(4) 0.4950(4) 0.1455(4)
O4_11 O 0.6168(5) 0.4224(6) 0.0957(5)
O5_11 O 0.6743(4) 0.4873(5) 0.1284(4)
O6_11 O 0.7477(4) 0.5442(6) 0.1365(5)
O7_11 O 0.7361(3) 0.4668(4) 0.1876(4)
O8_11 O 0.7236(3) 0.5481(4) 0.2248(4)
O9_11 O 0.6546(3) 0.4803(3) 0.2127(4)
O10_11 O 0.6632(3) 0.5664(4) 0.1689(4)
P1_16 P 0.625000 0.500000 0.250000
O11_11 O 0.5954(3) 0.5373(4) 0.2303(3)
O12_11 O 0.6546(3) 0.5197(3) 0.2873(4)
O13_11 O 0.5954(3) 0.4627(4) 0.2697(3)
Mo4_11 Mo 0.70749(5) 0.57866(6) 0.27966(6)
Mo5_11 Mo 0.62220(5) 0.60503(6) 0.19636(7)
Mo6_11 Mo 0.54152(5) 0.57938(6) 0.27221(6)
O14_11 O 0.7451(4) 0.6196(4) 0.2819(6)
O15_11 O 0.6737(4) 0.5915(4) 0.3307(5)
O16_11 O 0.6623(4) 0.6045(4) 0.2450(4)
O17_11 O 0.6332(5) 0.6543(5) 0.1724(6)
O18_11 O 0.5757(4) 0.6216(4) 0.2373(5)
O19_11 O 0.5023(4) 0.6135(5) 0.2942(6)
O20_11 O 0.5139(3) 0.5624(4) 0.2168(4)
O21_11 O 0.5264(3) 0.5252(4) 0.2981(4)
O22_11 O 0.5868(3) 0.5811(4) 0.3164(4)
Mo7_11 Mo 0.54251(5) 0.47034(6) 0.32866(6)
Mo8_11 Mo 0.62780(5) 0.55364(7) 0.35503(6)
Mo9_11 Mo 0.70848(5) 0.47779(6) 0.32938(6)
O23_11 O 0.5049(4) 0.4681(6) 0.3696(4)
O24_11 O 0.5763(4) 0.4193(5) 0.3415(4)
O25_11 O 0.5877(4) 0.5050(4) 0.3545(4)
O26_11 O 0.6168(5) 0.5776(6) 0.4043(5)
O27_11 O 0.6743(4) 0.5127(5) 0.3716(4)
O28_11 O 0.7477(4) 0.4558(6) 0.3635(5)
O29_11 O 0.7361(3) 0.5332(4) 0.3124(4)
O30_11 O 0.7236(3) 0.4519(4) 0.2752(4)
O31_11 O 0.6632(3) 0.4336(4) 0.3311(4)
Mo10_11 Mo 0.70749(5) 0.42134(6) 0.22034(6)
Mo11_11 Mo 0.62220(5) 0.39497(6) 0.30364(7)
Mo12_11 Mo 0.54152(5) 0.42062(6) 0.22779(6)
O32_11 O 0.7451(4) 0.3804(4) 0.2181(6)
O33_11 O 0.6737(4) 0.4085(4) 0.1693(5)
O34_11 O 0.6623(4) 0.3955(4) 0.2550(4)
O35_11 O 0.6332(5) 0.3457(5) 0.3276(6)
O36_11 O 0.5757(4) 0.3784(4) 0.2627(5)
O37_11 O 0.5023(4) 0.3865(5) 0.2058(6)
O38_11 O 0.5139(3) 0.4376(4) 0.2832(4)
O39_11 O 0.5264(3) 0.4748(4) 0.2019(4)
O40_11 O 0.5868(3) 0.4189(4) 0.1836(4)
Mo1_12 Mo 0.45749(5) 0.02966(6) 0.32866(6)
Mo3_12 Mo 0.29152(5) 0.02221(6) 0.32938(6)
O1_12 O 0.4951(4) 0.0319(6) 0.3696(4)
O2_12 O 0.4237(4) 0.0807(5) 0.3415(4)
O6_12 O 0.2523(4) 0.0442(6) 0.3635(5)
O8_12 O 0.2764(3) 0.0481(4) 0.2752(4)
O10_12 O 0.3368(3) 0.0664(4) 0.3311(4)
P1_17 P 0.375000 -0.000000 0.250000
O11_12 O 0.4046(3) 0.0373(4) 0.2697(3)
O12_12 O 0.3454(3) 0.0197(3) 0.2127(4)
Mo4_12 Mo 0.29251(5) 0.07866(6) 0.22034(6)
Mo5_12 Mo 0.37780(5) 0.10503(6) 0.30364(7)
Mo6_12 Mo 0.45848(5) 0.07938(6) 0.22779(6)
O14_12 O 0.2549(4) 0.1196(4) 0.2181(6)
O15_12 O 0.3263(4) 0.0915(4) 0.1693(5)
O16_12 O 0.3377(4) 0.1045(4) 0.2550(4)
O17_12 O 0.3668(5) 0.1543(5) 0.3276(6)
O18_12 O 0.4243(4) 0.1216(4) 0.2627(5)
O19_12 O 0.4977(4) 0.1135(5) 0.2058(6)
O20_12 O 0.4861(3) 0.0624(4) 0.2832(4)
O21_12 O 0.4736(3) 0.0252(4) 0.2019(4)
O22_12 O 0.4132(3) 0.0811(4) 0.1836(4)
Mo8_12 Mo 0.37220(5) 0.05364(7) 0.14497(6)
O25_12 O 0.4123(4) 0.0050(4) 0.1455(4)
O26_12 O 0.3832(5) 0.0776(6) 0.0957(5)
O27_12 O 0.3257(4) 0.0127(5) 0.1284(4)
O29_12 O 0.2639(3) 0.0332(4) 0.1876(4)
Mo2_12 Mo 0.37220(5) 0.94636(7) 0.35503(6)
O3_12 O 0.4123(4) 0.9950(4) 0.3545(4)
O4_12 O 0.3832(5) 0.9224(6) 0.4043(5)
O5_12 O 0.3257(4) 0.9873(5) 0.3716(4)
O7_12 O 0.2639(3) 0.9668(4) 0.3124(4)
O9_12 O 0.3454(3) 0.9803(3) 0.2873(4)
P1_18 P 0.375000 1.000000 0.250000
O13_12 O 0.4046(3) 0.9627(4) 0.2303(3)
Mo7_12 Mo 0.45749(5) 0.97034(6) 0.17134(6)
Mo9_12 Mo 0.29152(5) 0.97779(6) 0.17062(6)
O23_12 O 0.4951(4) 0.9681(6) 0.1304(4)
O24_12 O 0.4237(4) 0.9193(5) 0.1585(4)
O28_12 O 0.2523(4) 0.9558(6) 0.1365(5)
O30_12 O 0.2764(3) 0.9519(4) 0.2248(4)
O31_12 O 0.3368(3) 0.9336(4) 0.1689(4)
Mo10_12 Mo 0.29251(5) 0.92134(6) 0.27966(6)
Mo11_12 Mo 0.37780(5) 0.89497(6) 0.19636(7)
Mo12_12 Mo 0.45848(5) 0.92062(6) 0.27221(6)
O32_12 O 0.2549(4) 0.8804(4) 0.2819(6)
O33_12 O 0.3263(4) 0.9085(4) 0.3307(5)
O34_12 O 0.3377(4) 0.8955(4) 0.2450(4)
O35_12 O 0.3668(5) 0.8457(5) 0.1724(6)
O36_12 O 0.4243(4) 0.8784(4) 0.2373(5)
O37_12 O 0.4977(4) 0.8865(5) 0.2942(6)
O38_12 O 0.4861(3) 0.9376(4) 0.2168(4)
O39_12 O 0.4736(3) 0.9748(4) 0.2981(4)
O40_12 O 0.4132(3) 0.9189(4) 0.3164(4)
C1 C 0.0053(5) 0.1420(5) 0.0831(5)
H1 H 0.011147 0.156307 0.056381
Cd1 Cd 0.04868(4) 0.04868(4) 0.04868(4)
N1 N 0.0184(4) 0.1019(5) 0.0922(4)
N2 N 0.0050(5) 0.0940(5) 0.1361(4)
N13 N 0.0922(4) 0.0184(4) 0.1019(5)
N14 N 0.1019(5) 0.0922(4) 0.0184(4)
H29 H 0.002044 0.040348 0.953174
H8 H 0.040348 0.953174 0.002044
C11 C 0.0671(13) 0.9632(12) 0.9902(9)
C12 C 0.1310(11) 0.9390(13) 0.9480(12)
H9 H 0.127552 0.937474 0.916371
H10 H 0.149183 0.914781 0.957905
H11 H 0.144868 0.966600 0.955866
C13 C 0.0759(14) 0.8886(9) 0.9638(12)
H12 H 0.077407 0.872958 0.991480
H13 H 0.094654 0.874202 0.942399
H14 H 0.045870 0.888735 0.953211
N4 N 0.0875(9) 0.9330(7) 0.9702(7)
O41 O 0.0727(8) 0.9980(7) 0.9972(8)
C2 C 0.9836(6) 0.1282(6) 0.1481(6)
H2 H 0.970047 0.131108 0.175724
C3 C 0.9600(4) 0.2029(5) 0.1185(5)
C4 C 0.9565(7) 0.2227(7) 0.1582(5)
H3 H 0.970837 0.210464 0.182672
C5 C 0.9322(7) 0.2607(6) 0.1630(5)
H4 H 0.927014 0.272394 0.191132
C6 C 0.9154(5) 0.2817(5) 0.1257(5)
C7 C 0.9207(6) 0.2622(6) 0.0848(5)
H5 H 0.909515 0.275869 0.059506
C8 C 0.9437(5) 0.2207(5) 0.0814(5)
H6 H 0.947132 0.206617 0.054095
C9 C 0.8883(5) 0.3231(5) 0.1325(5)
C10 C 0.8959(5) 0.3514(5) 0.1684(5)
H7 H 0.919833 0.346076 0.187116
N3 N 0.9825(4) 0.1602(4) 0.1162(4)
C14 C 0.9169(5) 0.5053(5) 0.3580(5)
H15 H 0.943619 0.511147 0.343693
C15 C 0.8519(6) 0.4836(6) 0.3718(6)
H16 H 0.824276 0.470047 0.368892
C16 C 0.8815(5) 0.4600(4) 0.2971(5)
C17 C 0.8418(5) 0.4565(7) 0.2773(7)
H17 H 0.817328 0.470837 0.289536
C18 C 0.8370(5) 0.4322(7) 0.2393(6)
H18 H 0.808868 0.427014 0.227606
C19 C 0.8743(5) 0.4154(5) 0.2183(5)
C20 C 0.9152(5) 0.4207(6) 0.2378(6)
H19 H 0.940494 0.409515 0.224131
C21 C 0.9186(5) 0.4437(5) 0.2793(5)
H20 H 0.945905 0.447132 0.293383
C22 C 0.8675(5) 0.3883(5) 0.1769(5)
C23 C 0.8316(5) 0.3959(5) 0.1486(5)
H21 H 0.812884 0.419833 0.153924
N5 N 0.9078(4) 0.5184(4) 0.3981(5)
N6 N 0.8639(4) 0.5050(5) 0.4060(5)
N7 N 0.8838(4) 0.4825(4) 0.3398(4)
C25 C 0.6282(6) 0.3519(6) 0.0164(6)
H23 H 0.631108 0.324276 0.029953
C26 C 0.7029(5) 0.3815(5) 0.0400(4)
C27 C 0.7227(7) 0.3418(5) 0.0435(7)
H24 H 0.710464 0.317328 0.029163
C28 C 0.7607(6) 0.3370(5) 0.0678(7)
H25 H 0.772394 0.308868 0.072986
C29 C 0.7817(5) 0.3743(5) 0.0846(5)
C30 C 0.7622(6) 0.4152(5) 0.0793(6)
H26 H 0.775869 0.440494 0.090485
C31 C 0.7207(5) 0.4186(5) 0.0563(5)
H27 H 0.706617 0.445905 0.052868
C32 C 0.8231(5) 0.3675(5) 0.1117(5)
C33 C 0.8514(5) 0.3316(5) 0.1041(5)
H28 H 0.846076 0.312884 0.080167
N10 N 0.6602(4) 0.3838(4) 0.0175(4)
H36 H 0.953174 0.002044 0.040348
Cd2 Cd 0.95132(4) 0.54868(4) 0.45132(4)
C24 C 0.6420(5) 0.4169(5) 0.9947(5)
H22 H 0.656307 0.443619 0.988853
N8 N 0.6019(5) 0.4078(4) 0.9816(4)
N9 N 0.5940(5) 0.3639(4) 0.9950(5)
C34 C 0.9902(9) 0.0671(13) 0.9632(12)
C35 C 0.9480(12) 0.1310(11) 0.9390(13)
H30 H 0.916371 0.127552 0.937474
H31 H 0.957905 0.149183 0.914781
H32 H 0.955866 0.144868 0.966600
C36 C 0.9638(12) 0.0759(14) 0.8886(9)
H33 H 0.991480 0.077407 0.872958
H34 H 0.942399 0.094654 0.874202
H35 H 0.953211 0.045870 0.888735
N11 N 0.9702(7) 0.0875(9) 0.9330(7)
O42 O 0.9972(8) 0.0727(8) 0.9980(7)
Cd3 Cd 0.54868(4) 0.45132(4) 0.95132(4)
C37 C 0.9632(12) 0.9902(9) 0.0671(13)
C38 C 0.9390(13) 0.9480(12) 0.1310(11)
H37 H 0.937474 0.916371 0.127552
H38 H 0.914781 0.957905 0.149183
H39 H 0.966600 0.955866 0.144868
C39 C 0.8886(9) 0.9638(12) 0.0759(14)
H40 H 0.872958 0.991480 0.077407
H41 H 0.874202 0.942399 0.094654
H42 H 0.888735 0.953211 0.045870
N12 N 0.9330(7) 0.9702(7) 0.0875(9)
O43 O 0.9980(7) 0.9972(8) 0.0727(8)
C11_2 C 0.4329(13) 0.0368(12) 0.4902(9)
H8_2 H 0.459652 0.046826 0.502044
C12_2 C 0.3690(11) 0.0610(13) 0.4480(12)
H9_2 H 0.372448 0.062526 0.416371
H10_2 H 0.350817 0.085219 0.457905
H11_2 H 0.355132 0.033400 0.455866
C13_2 C 0.4241(14) 0.1114(9) 0.4638(12)
H12_2 H 0.422593 0.127042 0.491480
H13_2 H 0.405346 0.125798 0.442399
H14_2 H 0.454130 0.111265 0.453211
N4_2 N 0.4125(9) 0.0670(7) 0.4702(7)
O41_2 O 0.4273(8) 0.0020(7) 0.4972(8)
C37_2 C 0.5368(12) 0.0098(9) 0.5671(13)
C38_2 C 0.5610(13) 0.0520(12) 0.6310(11)
H37_2 H 0.562526 0.083629 0.627552
H38_2 H 0.585219 0.042095 0.649183
H39_2 H 0.533400 0.044134 0.644868
C39_2 C 0.6114(9) 0.0362(12) 0.5759(14)
H40_2 H 0.627042 0.008520 0.577407
H41_2 H 0.625798 0.057601 0.594654
H42_2 H 0.611265 0.046789 0.545870
N12_2 N 0.5670(7) 0.0298(7) 0.5875(9)
O43_2 O 0.5020(7) 0.0028(8) 0.5727(8)
C1_2 C 0.4947(5) 0.8580(5) 0.5831(5)
H1_2 H 0.488853 0.843693 0.556381
C2_2 C 0.5164(6) 0.8718(6) 0.6481(6)
H2_2 H 0.529953 0.868892 0.675724
C3_2 C 0.5400(4) 0.7971(5) 0.6185(5)
C4_2 C 0.5435(7) 0.7773(7) 0.6582(5)
H3_2 H 0.529163 0.789536 0.682672
C5_2 C 0.5678(7) 0.7393(6) 0.6630(5)
H4_2 H 0.572986 0.727606 0.691132
C6_2 C 0.5846(5) 0.7183(5) 0.6257(5)
C7_2 C 0.5793(6) 0.7378(6) 0.5848(5)
H5_2 H 0.590485 0.724131 0.559506
C8_2 C 0.5563(5) 0.7793(5) 0.5814(5)
H6_2 H 0.552868 0.793383 0.554095
C9_2 C 0.6117(5) 0.6769(5) 0.6325(5)
C10_2 C 0.6041(5) 0.6486(5) 0.6684(5)
H7_2 H 0.580167 0.653924 0.687116
Cd1_2 Cd 0.45132(4) 0.95132(4) 0.54868(4)
N1_2 N 0.4816(4) 0.8981(5) 0.5922(4)
N2_2 N 0.4950(5) 0.9060(5) 0.6361(4)
N3_2 N 0.5175(4) 0.8398(4) 0.6162(4)
C14_2 C 0.5831(5) 0.4947(5) 0.8580(5)
H15_2 H 0.556381 0.488853 0.843693
C15_2 C 0.6481(6) 0.5164(6) 0.8718(6)
H16_2 H 0.675724 0.529953 0.868892
C16_2 C 0.6185(5) 0.5400(4) 0.7971(5)
C17_2 C 0.6582(5) 0.5435(7) 0.7773(7)
H17_2 H 0.682672 0.529163 0.789536
C18_2 C 0.6630(5) 0.5678(7) 0.7393(6)
H18_2 H 0.691132 0.572986 0.727606
C19_2 C 0.6257(5) 0.5846(5) 0.7183(5)
C20_2 C 0.5848(5) 0.5793(6) 0.7378(6)
H19_2 H 0.559506 0.590485 0.724131
C21_2 C 0.5814(5) 0.5563(5) 0.7793(5)
H20_2 H 0.554095 0.552868 0.793383
C22_2 C 0.6325(5) 0.6117(5) 0.6769(5)
C23_2 C 0.6684(5) 0.6041(5) 0.6486(5)
H21_2 H 0.687116 0.580167 0.653924
N5_2 N 0.5922(4) 0.4816(4) 0.8981(5)
N6_2 N 0.6361(4) 0.4950(5) 0.9060(5)
N7_2 N 0.6162(4) 0.5175(4) 0.8398(4)
C24_2 C 0.8580(5) 0.5831(5) 0.4947(5)
H22_2 H 0.843693 0.556381 0.488853
C25_2 C 0.8718(6) 0.6481(6) 0.5164(6)
H23_2 H 0.868892 0.675724 0.529953
C26_2 C 0.7971(5) 0.6185(5) 0.5400(4)
C27_2 C 0.7773(7) 0.6582(5) 0.5435(7)
H24_2 H 0.789536 0.682672 0.529163
C28_2 C 0.7393(6) 0.6630(5) 0.5678(7)
H25_2 H 0.727606 0.691132 0.572986
C29_2 C 0.7183(5) 0.6257(5) 0.5846(5)
C30_2 C 0.7378(6) 0.5848(5) 0.5793(6)
H26_2 H 0.724131 0.559506 0.590485
C31_2 C 0.7793(5) 0.5814(5) 0.5563(5)
H27_2 H 0.793383 0.554095 0.552868
C32_2 C 0.6769(5) 0.6325(5) 0.6117(5)
C33_2 C 0.6486(5) 0.6684(5) 0.6041(5)
H28_2 H 0.653924 0.687116 0.580167
N8_2 N 0.8981(5) 0.5922(4) 0.4816(4)
N9_2 N 0.9060(5) 0.6361(4) 0.4950(5)
N10_2 N 0.8398(4) 0.6162(4) 0.5175(4)
C34_2 C 0.5098(9) 0.9329(13) 0.4632(12)
H29_2 H 0.497956 0.959652 0.453174
C35_2 C 0.5520(12) 0.8690(11) 0.4390(13)
H30_2 H 0.583629 0.872448 0.437474
H31_2 H 0.542095 0.850817 0.414781
H32_2 H 0.544134 0.855132 0.466600
C36_2 C 0.5362(12) 0.9241(14) 0.3886(9)
H33_2 H 0.508520 0.922593 0.372958
H34_2 H 0.557601 0.905346 0.374202
H35_2 H 0.546789 0.954130 0.388735
N11_2 N 0.5298(7) 0.9125(9) 0.4330(7)
O42_2 O 0.5028(8) 0.9273(8) 0.4980(7)
H36_2 H 0.546826 0.997956 0.540348
N13_2 N 0.4078(4) 0.9816(4) 0.6019(5)
N14_2 N 0.3981(5) 0.9078(4) 0.5184(4)
C14_3 C 0.0831(5) 0.0053(5) 0.1420(5)
H15_3 H 0.056381 0.011147 0.156307
N6_3 N 0.1361(4) 0.0050(5) 0.0940(5)
C2_3 C 0.0164(6) 0.6282(6) 0.3519(6)
H2_3 H 0.029953 0.631108 0.324276
C3_3 C 0.0400(4) 0.7029(5) 0.3815(5)
C4_3 C 0.0435(7) 0.7227(7) 0.3418(5)
H3_3 H 0.029163 0.710464 0.317328
C5_3 C 0.0678(7) 0.7607(6) 0.3370(5)
H4_3 H 0.072986 0.772394 0.308868
C6_3 C 0.0846(5) 0.7817(5) 0.3743(5)
C7_3 C 0.0793(6) 0.7622(6) 0.4152(5)
H5_3 H 0.090485 0.775869 0.440494
C8_3 C 0.0563(5) 0.7207(5) 0.4186(5)
H6_3 H 0.052868 0.706617 0.445905
C9_3 C 0.1117(5) 0.8231(5) 0.3675(5)
C10_3 C 0.1041(5) 0.8514(5) 0.3316(5)
H7_3 H 0.080167 0.846076 0.312884
N3_3 N 0.0175(4) 0.6602(4) 0.3838(4)
C15_3 C 0.1481(6) 0.9836(6) 0.1282(6)
H16_3 H 0.175724 0.970047 0.131108
C16_3 C 0.1185(5) 0.9600(4) 0.2029(5)
C17_3 C 0.1582(5) 0.9565(7) 0.2227(7)
H17_3 H 0.182672 0.970837 0.210464
C18_3 C 0.1630(5) 0.9322(7) 0.2607(6)
H18_3 H 0.191132 0.927014 0.272394
C19_3 C 0.1257(5) 0.9154(5) 0.2817(5)
C20_3 C 0.0848(5) 0.9207(6) 0.2622(6)
H19_3 H 0.059506 0.909515 0.275869
C21_3 C 0.0814(5) 0.9437(5) 0.2207(5)
H20_3 H 0.054095 0.947132 0.206617
C22_3 C 0.1325(5) 0.8883(5) 0.3231(5)
C23_3 C 0.1684(5) 0.8959(5) 0.3514(5)
H21_3 H 0.187116 0.919833 0.346076
N7_3 N 0.1162(4) 0.9825(4) 0.1602(4)
C24_3 C 0.3580(5) 0.9169(5) 0.5053(5)
H22_3 H 0.343693 0.943619 0.511147
C25_3 C 0.3718(6) 0.8519(6) 0.4836(6)
H23_3 H 0.368892 0.824276 0.470047
C26_3 C 0.2971(5) 0.8815(5) 0.4600(4)
C27_3 C 0.2773(7) 0.8418(5) 0.4565(7)
H24_3 H 0.289536 0.817328 0.470837
C28_3 C 0.2393(6) 0.8370(5) 0.4322(7)
H25_3 H 0.227606 0.808868 0.427014
C29_3 C 0.2183(5) 0.8743(5) 0.4154(5)
C30_3 C 0.2378(6) 0.9152(5) 0.4207(6)
H26_3 H 0.224131 0.940494 0.409515
C31_3 C 0.2793(5) 0.9186(5) 0.4437(5)
H27_3 H 0.293383 0.945905 0.447132
C32_3 C 0.1769(5) 0.8675(5) 0.3883(5)
C33_3 C 0.1486(5) 0.8316(5) 0.3959(5)
H28_3 H 0.153924 0.812884 0.419833
N9_3 N 0.4060(5) 0.8639(4) 0.5050(5)
N10_3 N 0.3398(4) 0.8838(4) 0.4825(4)
C34_3 C 0.0098(9) 0.5671(13) 0.5368(12)
C35_3 C 0.0520(12) 0.6310(11) 0.5610(13)
H30_3 H 0.083629 0.627552 0.562526
H31_3 H 0.042095 0.649183 0.585219
H32_3 H 0.044134 0.644868 0.533400
C36_3 C 0.0362(12) 0.5759(14) 0.6114(9)
H33_3 H 0.008520 0.577407 0.627042
H34_3 H 0.057601 0.594654 0.625798
H35_3 H 0.046789 0.545870 0.611265
N11_3 N 0.0298(7) 0.5875(9) 0.5670(7)
O42_3 O 0.0028(8) 0.5727(8) 0.5020(7)
C37_3 C 0.0368(12) 0.4902(9) 0.4329(13)
H36_3 H 0.046826 0.502044 0.459652
C38_3 C 0.0610(13) 0.4480(12) 0.3690(11)
H37_3 H 0.062526 0.416371 0.372448
H38_3 H 0.085219 0.457905 0.350817
H39_3 H 0.033400 0.455866 0.355132
C39_3 C 0.1114(9) 0.4638(12) 0.4241(14)
H40_3 H 0.127042 0.491480 0.422593
H41_3 H 0.125798 0.442399 0.405346
H42_3 H 0.111265 0.453211 0.454130
N12_3 N 0.0670(7) 0.4702(7) 0.4125(9)
O43_3 O 0.0020(7) 0.4972(8) 0.4273(8)
C1_3 C 0.9947(5) 0.6420(5) 0.4169(5)
H1_3 H 0.988853 0.656307 0.443619
C11_3 C 0.9329(13) 0.4632(12) 0.5098(9)
H8_3 H 0.959652 0.453174 0.497956
C12_3 C 0.8690(11) 0.4390(13) 0.5520(12)
H9_3 H 0.872448 0.437474 0.583629
H10_3 H 0.850817 0.414781 0.542095
H11_3 H 0.855132 0.466600 0.544134
C13_3 C 0.9241(14) 0.3886(9) 0.5362(12)
H12_3 H 0.922593 0.372958 0.508520
H13_3 H 0.905346 0.374202 0.557601
H14_3 H 0.954130 0.388735 0.546789
N1_3 N 0.9816(4) 0.6019(5) 0.4078(4)
N2_3 N 0.9950(5) 0.5940(5) 0.3639(4)
N4_3 N 0.9125(9) 0.4330(7) 0.5298(7)
O41_3 O 0.9273(8) 0.4980(7) 0.5028(8)
H29_3 H 0.997956 0.540348 0.546826
C11_4 C 0.5671(13) 0.5368(12) 0.0098(9)
C12_4 C 0.6310(11) 0.5610(13) 0.0520(12)
H9_4 H 0.627552 0.562526 0.083629
H10_4 H 0.649183 0.585219 0.042095
H11_4 H 0.644868 0.533400 0.044134
C13_4 C 0.5759(14) 0.6114(9) 0.0362(12)
H12_4 H 0.577407 0.627042 0.008520
H13_4 H 0.594654 0.625798 0.057601
H14_4 H 0.545870 0.611265 0.046789
N4_4 N 0.5875(9) 0.5670(7) 0.0298(7)
O41_4 O 0.5727(8) 0.5020(7) 0.0028(8)
C24_4 C 0.1420(5) 0.0831(5) 0.0053(5)
H22_4 H 0.156307 0.056381 0.011147
N9_4 N 0.0940(5) 0.1361(4) 0.0050(5)
C34_4 C 0.4902(9) 0.4329(13) 0.0368(12)
H29_4 H 0.502044 0.459652 0.046826
C35_4 C 0.4480(12) 0.3690(11) 0.0610(13)
H30_4 H 0.416371 0.372448 0.062526
H31_4 H 0.457905 0.350817 0.085219
H32_4 H 0.455866 0.355132 0.033400
C36_4 C 0.4638(12) 0.4241(14) 0.1114(9)
H33_4 H 0.491480 0.422593 0.127042
H34_4 H 0.442399 0.405346 0.125798
H35_4 H 0.453211 0.454130 0.111265
N11_4 N 0.4702(7) 0.4125(9) 0.0670(7)
O42_4 O 0.4972(8) 0.4273(8) 0.0020(7)
C1_4 C 0.5053(5) 0.3580(5) 0.9169(5)
H1_4 H 0.511147 0.343693 0.943619
C2_4 C 0.4836(6) 0.3718(6) 0.8519(6)
H2_4 H 0.470047 0.368892 0.824276
C3_4 C 0.4600(4) 0.2971(5) 0.8815(5)
C4_4 C 0.4565(7) 0.2773(7) 0.8418(5)
H3_4 H 0.470837 0.289536 0.817328
C5_4 C 0.4322(7) 0.2393(6) 0.8370(5)
H4_4 H 0.427014 0.227606 0.808868
C6_4 C 0.4154(5) 0.2183(5) 0.8743(5)
C7_4 C 0.4207(6) 0.2378(6) 0.9152(5)
H5_4 H 0.409515 0.224131 0.940494
C8_4 C 0.4437(5) 0.2793(5) 0.9186(5)
H6_4 H 0.447132 0.293383 0.945905
C9_4 C 0.3883(5) 0.1769(5) 0.8675(5)
C10_4 C 0.3959(5) 0.1486(5) 0.8316(5)
H7_4 H 0.419833 0.153924 0.812884
H8_4 H 0.540348 0.546826 0.997956
N1_4 N 0.5184(4) 0.3981(5) 0.9078(4)
N2_4 N 0.5050(5) 0.4060(5) 0.8639(4)
N3_4 N 0.4825(4) 0.3398(4) 0.8838(4)
C15_4 C 0.3519(6) 0.0164(6) 0.6282(6)
H16_4 H 0.324276 0.029953 0.631108
C16_4 C 0.3815(5) 0.0400(4) 0.7029(5)
C17_4 C 0.3418(5) 0.0435(7) 0.7227(7)
H17_4 H 0.317328 0.029163 0.710464
C18_4 C 0.3370(5) 0.0678(7) 0.7607(6)
H18_4 H 0.308868 0.072986 0.772394
C19_4 C 0.3743(5) 0.0846(5) 0.7817(5)
C20_4 C 0.4152(5) 0.0793(6) 0.7622(6)
H19_4 H 0.440494 0.090485 0.775869
C21_4 C 0.4186(5) 0.0563(5) 0.7207(5)
H20_4 H 0.445905 0.052868 0.706617
C22_4 C 0.3675(5) 0.1117(5) 0.8231(5)
C23_4 C 0.3316(5) 0.1041(5) 0.8514(5)
H21_4 H 0.312884 0.080167 0.846076
N7_4 N 0.3838(4) 0.0175(4) 0.6602(4)
C25_4 C 0.1282(6) 0.1481(6) 0.9836(6)
H23_4 H 0.131108 0.175724 0.970047
C26_4 C 0.2029(5) 0.1185(5) 0.9600(4)
C27_4 C 0.2227(7) 0.1582(5) 0.9565(7)
H24_4 H 0.210464 0.182672 0.970837
C28_4 C 0.2607(6) 0.1630(5) 0.9322(7)
H25_4 H 0.272394 0.191132 0.927014
C29_4 C 0.2817(5) 0.1257(5) 0.9154(5)
C30_4 C 0.2622(6) 0.0848(5) 0.9207(6)
H26_4 H 0.275869 0.059506 0.909515
C31_4 C 0.2207(5) 0.0814(5) 0.9437(5)
