
###############################################################################
#
# This file contains modified crystal structure data generated from the
# MOF subset of the Cambridge Structural Database (CSD) v543 
# hosted by the Cambridge Crystallographic Data Centre (CCDC).
#
# This work is licensed under the Creative Commons
# Attribution-NonCommercial-ShareAlike 4.0 International License.
# To view a copy of this license, visit
# http://creativecommons.org/licenses/by-nc-sa/4.0/
# or send a letter to
# Creative Commons, PO Box 1866, Mountain View, CA 94042, USA.
#
# CIF created using the CSD Python API on 29 September 2022
# The structure has been converted into the P1 space group
# The structure has a 3D framework
# The original CSD entry TUXTUD is in the cubic crystal system
# The framework has been calculated to contain at least 10.0% void space
# The void calculation uses a probe of radius 1.32A, grid spacing 0.4
#
###############################################################################

data_TUXTUD
_chemical_formula_moiety         '(C576 H288 N144 O336 Tb48)n'
_symmetry_cell_setting           triclinic
_symmetry_space_group_name_H-M   'P 1'
_symmetry_Int_Tables_number      1
_space_group_name_Hall           'P 1'
loop_
_symmetry_equiv_pos_site_id
_symmetry_equiv_pos_as_xyz
1 x,y,z
_cell_length_a                   29.2095(7)
_cell_length_b                   29.2095(7)
_cell_length_c                   29.2095(7)
_cell_angle_alpha                90
_cell_angle_beta                 90
_cell_angle_gamma                90
_cell_volume                     24921.4
loop_
_atom_site_label
_atom_site_type_symbol
_atom_site_fract_x
_atom_site_fract_y
_atom_site_fract_z
Tb1 Tb 0.63651(2) 0.34562(2) 0.02726(2)
O1 O 0.6377(3) 0.2685(3) 0.0063(3)
O3 O 0.6426(3) 0.4883(3) 0.0705(3)
O4 O 0.6292(3) 0.4138(3) 0.0655(3)
O5 O 0.6431(4) 0.3137(4) 0.1057(3)
O6 O 0.5850(4) 0.2955(4) 0.1481(4)
O7 O 0.5748(4) 0.3221(4) 0.0796(4)
N3 N 0.6005(5) 0.3110(4) 0.1119(5)
C11 C 0.6614(4) 0.4547(6) 0.0004(5)
C12 C 0.6428(4) 0.4503(5) 0.0492(5)
Tb2 Tb 0.65438(2) 0.52726(2) 0.13651(2)
O8 O 0.7124(3) 0.3452(4) 0.0416(3)
O2 O 0.6548(4) 0.2124(3) 0.9584(3)
N1 N 0.6675(4) 0.3313(4) 0.9485(4)
N2 N 0.6616(3) 0.4127(4) 0.9809(4)
C1 C 0.6522(4) 0.2536(5) 0.9686(5)
C2 C 0.6694(4) 0.2871(5) 0.9350(5)
C3 C 0.6881(5) 0.2745(5) 0.8926(4)
H1 H 0.6905 0.2431 0.8843
C4 C 0.7031(5) 0.3089(5) 0.8627(6)
H2 H 0.7152 0.3018 0.8334
C5 C 0.6997(5) 0.3522(4) 0.8772(5)
H3 H 0.7099 0.3762 0.8576
C6 C 0.6821(5) 0.3634(5) 0.9196(4)
C7 C 0.6797(5) 0.4097(5) 0.9382(5)
C8 C 0.6954(5) 0.4488(5) 0.9154(5)
H4 H 0.7057 0.4468 0.8846
C9 C 0.6960(7) 0.4898(7) 0.9375(6)
H5 H 0.7084 0.5158 0.9224
C10 C 0.6792(7) 0.4944(5) 0.9803(7)
H6 H 0.6795 0.5229 0.9959
Tb3 Tb 0.65438(2) 0.13651(2) 0.97274(2)
O9 O 0.5705(3) 0.3574(3) 0.9883(3)
Tb1_2 Tb 0.86349(2) 0.34562(2) 0.47274(2)
O1_2 O 0.8623(3) 0.2685(3) 0.4937(3)
O2_2 O 0.8452(4) 0.2124(3) 0.5416(3)
O3_2 O 0.8574(3) 0.4883(3) 0.4295(3)
O4_2 O 0.8708(3) 0.4138(3) 0.4345(3)
O5_2 O 0.8569(4) 0.3137(4) 0.3943(3)
O6_2 O 0.9150(4) 0.2955(4) 0.3519(4)
O7_2 O 0.9252(4) 0.3221(4) 0.4204(4)
N1_2 N 0.8325(4) 0.3313(4) 0.5515(4)
N2_2 N 0.8384(3) 0.4127(4) 0.5191(4)
N3_2 N 0.8995(5) 0.3110(4) 0.3881(5)
C1_2 C 0.8478(4) 0.2536(5) 0.5314(5)
C2_2 C 0.8306(4) 0.2871(5) 0.5650(5)
C3_2 C 0.8119(5) 0.2745(5) 0.6074(4)
H1_2 H 0.8095 0.2431 0.6157
C4_2 C 0.7969(5) 0.3089(5) 0.6373(6)
H2_2 H 0.7848 0.3018 0.6666
C5_2 C 0.8003(5) 0.3522(4) 0.6228(5)
H3_2 H 0.7901 0.3762 0.6424
C6_2 C 0.8179(5) 0.3634(5) 0.5804(4)
C7_2 C 0.8203(5) 0.4097(5) 0.5618(5)
C8_2 C 0.8046(5) 0.4488(5) 0.5846(5)
H4_2 H 0.7943 0.4468 0.6154
C9_2 C 0.8040(7) 0.4898(7) 0.5625(6)
H5_2 H 0.7916 0.5158 0.5776
C10_2 C 0.8208(7) 0.4944(5) 0.5197(7)
H6_2 H 0.8205 0.5229 0.5041
C11_2 C 0.8386(4) 0.4547(6) 0.4996(5)
C12_2 C 0.8572(4) 0.4503(5) 0.4508(5)
Tb2_2 Tb 0.84562(2) 0.52726(2) 0.36349(2)
Tb3_2 Tb 0.84562(2) 0.13651(2) 0.52726(2)
O8_2 O 0.7876(3) 0.3452(4) 0.4584(3)
O9_2 O 0.9295(3) 0.3574(3) 0.5117(3)
Tb1_3 Tb 0.63651(2) 0.15438(2) 0.47274(2)
O1_3 O 0.6377(3) 0.2315(3) 0.4937(3)
O2_3 O 0.6548(4) 0.2876(3) 0.5416(3)
O3_3 O 0.6426(3) 0.0117(3) 0.4295(3)
O4_3 O 0.6292(3) 0.0862(3) 0.4345(3)
O5_3 O 0.6431(4) 0.1863(4) 0.3943(3)
O6_3 O 0.5850(4) 0.2045(4) 0.3519(4)
O7_3 O 0.5748(4) 0.1779(4) 0.4204(4)
N1_3 N 0.6675(4) 0.1687(4) 0.5515(4)
N2_3 N 0.6616(3) 0.0873(4) 0.5191(4)
N3_3 N 0.6005(5) 0.1890(4) 0.3881(5)
C1_3 C 0.6522(4) 0.2464(5) 0.5314(5)
C2_3 C 0.6694(4) 0.2129(5) 0.5650(5)
C3_3 C 0.6881(5) 0.2255(5) 0.6074(4)
H1_3 H 0.6905 0.2569 0.6157
C4_3 C 0.7031(5) 0.1911(5) 0.6373(6)
H2_3 H 0.7152 0.1982 0.6666
C5_3 C 0.6997(5) 0.1478(4) 0.6228(5)
H3_3 H 0.7099 0.1238 0.6424
C6_3 C 0.6821(5) 0.1366(5) 0.5804(4)
C7_3 C 0.6797(5) 0.0903(5) 0.5618(5)
C8_3 C 0.6954(5) 0.0512(5) 0.5846(5)
H4_3 H 0.7057 0.0532 0.6154
C9_3 C 0.6960(7) 0.0102(7) 0.5625(6)
C10_3 C 0.6792(7) 0.0056(5) 0.5197(7)
C11_3 C 0.6614(4) 0.0453(6) 0.4996(5)
C12_3 C 0.6428(4) 0.0497(5) 0.4508(5)
Tb3_3 Tb 0.65438(2) 0.36349(2) 0.52726(2)
O8_3 O 0.7124(3) 0.1548(4) 0.4584(3)
O9_3 O 0.5705(3) 0.1426(3) 0.5117(3)
H5_3 H 0.7084 0.9842 0.5776
H6_3 H 0.6795 0.9771 0.5041
Tb2_3 Tb 0.65438(2) 0.97274(2) 0.36349(2)
Tb1_4 Tb 0.02726(2) 0.63651(2) 0.34562(2)
O1_4 O 0.0063(3) 0.6377(3) 0.2685(3)
O3_4 O 0.0705(3) 0.6426(3) 0.4883(3)
O4_4 O 0.0655(3) 0.6292(3) 0.4138(3)
O5_4 O 0.1057(3) 0.6431(4) 0.3137(4)
O6_4 O 0.1481(4) 0.5850(4) 0.2955(4)
O7_4 O 0.0796(4) 0.5748(4) 0.3221(4)
N3_4 N 0.1119(5) 0.6005(5) 0.3110(4)
C11_4 C 0.0004(5) 0.6614(4) 0.4547(6)
C12_4 C 0.0492(5) 0.6428(4) 0.4503(5)
Tb2_4 Tb 0.13651(2) 0.65438(2) 0.52726(2)
O8_4 O 0.0416(3) 0.7124(3) 0.3452(4)
O2_4 O 0.9584(3) 0.6548(4) 0.2124(3)
N1_4 N 0.9485(4) 0.6675(4) 0.3313(4)
N2_4 N 0.9809(4) 0.6616(3) 0.4127(4)
C1_4 C 0.9686(5) 0.6522(4) 0.2536(5)
C2_4 C 0.9350(5) 0.6694(4) 0.2871(5)
C3_4 C 0.8926(4) 0.6881(5) 0.2745(5)
H1_4 H 0.8843 0.6905 0.2431
C4_4 C 0.8627(6) 0.7031(5) 0.3089(5)
H2_4 H 0.8334 0.7152 0.3018
C5_4 C 0.8772(5) 0.6997(5) 0.3522(4)
H3_4 H 0.8576 0.7099 0.3762
C6_4 C 0.9196(4) 0.6821(5) 0.3634(5)
C7_4 C 0.9382(5) 0.6797(5) 0.4097(5)
C8_4 C 0.9154(5) 0.6954(5) 0.4488(5)
H4_4 H 0.8846 0.7057 0.4468
C9_4 C 0.9375(6) 0.6960(7) 0.4898(7)
H5_4 H 0.9224 0.7084 0.5158
C10_4 C 0.9803(7) 0.6792(7) 0.4944(5)
H6_4 H 0.9959 0.6795 0.5229
Tb3_4 Tb 0.97274(2) 0.65438(2) 0.13651(2)
O9_4 O 0.9883(3) 0.5705(3) 0.3574(3)
Tb1_5 Tb 0.47274(2) 0.86349(2) 0.34562(2)
O1_5 O 0.4937(3) 0.8623(3) 0.2685(3)
O2_5 O 0.5416(3) 0.8452(4) 0.2124(3)
O3_5 O 0.4295(3) 0.8574(3) 0.4883(3)
O4_5 O 0.4345(3) 0.8708(3) 0.4138(3)
O5_5 O 0.3943(3) 0.8569(4) 0.3137(4)
O6_5 O 0.3519(4) 0.9150(4) 0.2955(4)
O7_5 O 0.4204(4) 0.9252(4) 0.3221(4)
N1_5 N 0.5515(4) 0.8325(4) 0.3313(4)
N2_5 N 0.5191(4) 0.8384(3) 0.4127(4)
N3_5 N 0.3881(5) 0.8995(5) 0.3110(4)
C1_5 C 0.5314(5) 0.8478(4) 0.2536(5)
C2_5 C 0.5650(5) 0.8306(4) 0.2871(5)
C3_5 C 0.6074(4) 0.8119(5) 0.2745(5)
H1_5 H 0.6157 0.8095 0.2431
C4_5 C 0.6373(6) 0.7969(5) 0.3089(5)
H2_5 H 0.6666 0.7848 0.3018
C5_5 C 0.6228(5) 0.8003(5) 0.3522(4)
H3_5 H 0.6424 0.7901 0.3762
C6_5 C 0.5804(4) 0.8179(5) 0.3634(5)
C7_5 C 0.5618(5) 0.8203(5) 0.4097(5)
C8_5 C 0.5846(5) 0.8046(5) 0.4488(5)
H4_5 H 0.6154 0.7943 0.4468
C9_5 C 0.5625(6) 0.8040(7) 0.4898(7)
H5_5 H 0.5776 0.7916 0.5158
C10_5 C 0.5197(7) 0.8208(7) 0.4944(5)
H6_5 H 0.5041 0.8205 0.5229
C11_5 C 0.4996(5) 0.8386(4) 0.4547(6)
C12_5 C 0.4508(5) 0.8572(4) 0.4503(5)
Tb2_5 Tb 0.36349(2) 0.84562(2) 0.52726(2)
Tb3_5 Tb 0.52726(2) 0.84562(2) 0.13651(2)
O8_5 O 0.4584(3) 0.7876(3) 0.3452(4)
O9_5 O 0.5117(3) 0.9295(3) 0.3574(3)
Tb1_6 Tb 0.47274(2) 0.63651(2) 0.15438(2)
O1_6 O 0.4937(3) 0.6377(3) 0.2315(3)
O2_6 O 0.5416(3) 0.6548(4) 0.2876(3)
O3_6 O 0.4295(3) 0.6426(3) 0.0117(3)
O4_6 O 0.4345(3) 0.6292(3) 0.0862(3)
O5_6 O 0.3943(3) 0.6431(4) 0.1863(4)
O6_6 O 0.3519(4) 0.5850(4) 0.2045(4)
O7_6 O 0.4204(4) 0.5748(4) 0.1779(4)
N1_6 N 0.5515(4) 0.6675(4) 0.1687(4)
N2_6 N 0.5191(4) 0.6616(3) 0.0873(4)
N3_6 N 0.3881(5) 0.6005(5) 0.1890(4)
C1_6 C 0.5314(5) 0.6522(4) 0.2464(5)
C2_6 C 0.5650(5) 0.6694(4) 0.2129(5)
C3_6 C 0.6074(4) 0.6881(5) 0.2255(5)
H1_6 H 0.6157 0.6905 0.2569
C4_6 C 0.6373(6) 0.7031(5) 0.1911(5)
H2_6 H 0.6666 0.7152 0.1982
C5_6 C 0.6228(5) 0.6997(5) 0.1478(4)
H3_6 H 0.6424 0.7099 0.1238
C6_6 C 0.5804(4) 0.6821(5) 0.1366(5)
C7_6 C 0.5618(5) 0.6797(5) 0.0903(5)
C8_6 C 0.5846(5) 0.6954(5) 0.0512(5)
H4_6 H 0.6154 0.7057 0.0532
C9_6 C 0.5625(6) 0.6960(7) 0.0102(7)
C10_6 C 0.5197(7) 0.6792(7) 0.0056(5)
C11_6 C 0.4996(5) 0.6614(4) 0.0453(6)
C12_6 C 0.4508(5) 0.6428(4) 0.0497(5)
Tb3_6 Tb 0.52726(2) 0.65438(2) 0.36349(2)
O8_6 O 0.4584(3) 0.7124(3) 0.1548(4)
O9_6 O 0.5117(3) 0.5705(3) 0.1426(3)
H5_6 H 0.5776 0.7084 0.9842
H6_6 H 0.5041 0.6795 0.9771
Tb2_6 Tb 0.36349(2) 0.65438(2) 0.97274(2)
Tb1_7 Tb 0.34562(2) 0.02726(2) 0.63651(2)
O1_7 O 0.2685(3) 0.0063(3) 0.6377(3)
O3_7 O 0.4883(3) 0.0705(3) 0.6426(3)
O4_7 O 0.4138(3) 0.0655(3) 0.6292(3)
O5_7 O 0.3137(4) 0.1057(3) 0.6431(4)
O6_7 O 0.2955(4) 0.1481(4) 0.5850(4)
O7_7 O 0.3221(4) 0.0796(4) 0.5748(4)
N3_7 N 0.3110(4) 0.1119(5) 0.6005(5)
C11_7 C 0.4547(6) 0.0004(5) 0.6614(4)
C12_7 C 0.4503(5) 0.0492(5) 0.6428(4)
Tb2_7 Tb 0.52726(2) 0.13651(2) 0.65438(2)
O8_7 O 0.3452(4) 0.0416(3) 0.7124(3)
O2_7 O 0.2124(3) 0.9584(3) 0.6548(4)
N1_7 N 0.3313(4) 0.9485(4) 0.6675(4)
N2_7 N 0.4127(4) 0.9809(4) 0.6616(3)
C1_7 C 0.2536(5) 0.9686(5) 0.6522(4)
C2_7 C 0.2871(5) 0.9350(5) 0.6694(4)
C3_7 C 0.2745(5) 0.8926(4) 0.6881(5)
H1_7 H 0.2431 0.8843 0.6905
C4_7 C 0.3089(5) 0.8627(6) 0.7031(5)
H2_7 H 0.3018 0.8334 0.7152
C5_7 C 0.3522(4) 0.8772(5) 0.6997(5)
H3_7 H 0.3762 0.8576 0.7099
C6_7 C 0.3634(5) 0.9196(4) 0.6821(5)
C7_7 C 0.4097(5) 0.9382(5) 0.6797(5)
C8_7 C 0.4488(5) 0.9154(5) 0.6954(5)
H4_7 H 0.4468 0.8846 0.7057
C9_7 C 0.4898(7) 0.9375(6) 0.6960(7)
H5_7 H 0.5158 0.9224 0.7084
C10_7 C 0.4944(5) 0.9803(7) 0.6792(7)
H6_7 H 0.5229 0.9959 0.6795
Tb3_7 Tb 0.13651(2) 0.97274(2) 0.65438(2)
O9_7 O 0.3574(3) 0.9883(3) 0.5705(3)
Tb1_8 Tb 0.34562(2) 0.47274(2) 0.86349(2)
O1_8 O 0.2685(3) 0.4937(3) 0.8623(3)
O2_8 O 0.2124(3) 0.5416(3) 0.8452(4)
O3_8 O 0.4883(3) 0.4295(3) 0.8574(3)
O4_8 O 0.4138(3) 0.4345(3) 0.8708(3)
O5_8 O 0.3137(4) 0.3943(3) 0.8569(4)
O6_8 O 0.2955(4) 0.3519(4) 0.9150(4)
O7_8 O 0.3221(4) 0.4204(4) 0.9252(4)
N1_8 N 0.3313(4) 0.5515(4) 0.8325(4)
N2_8 N 0.4127(4) 0.5191(4) 0.8384(3)
N3_8 N 0.3110(4) 0.3881(5) 0.8995(5)
C1_8 C 0.2536(5) 0.5314(5) 0.8478(4)
C2_8 C 0.2871(5) 0.5650(5) 0.8306(4)
C3_8 C 0.2745(5) 0.6074(4) 0.8119(5)
H1_8 H 0.2431 0.6157 0.8095
C4_8 C 0.3089(5) 0.6373(6) 0.7969(5)
H2_8 H 0.3018 0.6666 0.7848
C5_8 C 0.3522(4) 0.6228(5) 0.8003(5)
H3_8 H 0.3762 0.6424 0.7901
C6_8 C 0.3634(5) 0.5804(4) 0.8179(5)
C7_8 C 0.4097(5) 0.5618(5) 0.8203(5)
C8_8 C 0.4488(5) 0.5846(5) 0.8046(5)
H4_8 H 0.4468 0.6154 0.7943
C9_8 C 0.4898(7) 0.5625(6) 0.8040(7)
H5_8 H 0.5158 0.5776 0.7916
C10_8 C 0.4944(5) 0.5197(7) 0.8208(7)
H6_8 H 0.5229 0.5041 0.8205
C11_8 C 0.4547(6) 0.4996(5) 0.8386(4)
C12_8 C 0.4503(5) 0.4508(5) 0.8572(4)
Tb2_8 Tb 0.52726(2) 0.36349(2) 0.84562(2)
Tb3_8 Tb 0.13651(2) 0.52726(2) 0.84562(2)
O8_8 O 0.3452(4) 0.4584(3) 0.7876(3)
O9_8 O 0.3574(3) 0.5117(3) 0.9295(3)
Tb1_9 Tb 0.15438(2) 0.47274(2) 0.63651(2)
O1_9 O 0.2315(3) 0.4937(3) 0.6377(3)
O2_9 O 0.2876(3) 0.5416(3) 0.6548(4)
O3_9 O 0.0117(3) 0.4295(3) 0.6426(3)
O4_9 O 0.0862(3) 0.4345(3) 0.6292(3)
O5_9 O 0.1863(4) 0.3943(3) 0.6431(4)
O6_9 O 0.2045(4) 0.3519(4) 0.5850(4)
O7_9 O 0.1779(4) 0.4204(4) 0.5748(4)
N1_9 N 0.1687(4) 0.5515(4) 0.6675(4)
N2_9 N 0.0873(4) 0.5191(4) 0.6616(3)
N3_9 N 0.1890(4) 0.3881(5) 0.6005(5)
C1_9 C 0.2464(5) 0.5314(5) 0.6522(4)
C2_9 C 0.2129(5) 0.5650(5) 0.6694(4)
C3_9 C 0.2255(5) 0.6074(4) 0.6881(5)
H1_9 H 0.2569 0.6157 0.6905
C4_9 C 0.1911(5) 0.6373(6) 0.7031(5)
H2_9 H 0.1982 0.6666 0.7152
C5_9 C 0.1478(4) 0.6228(5) 0.6997(5)
H3_9 H 0.1238 0.6424 0.7099
C6_9 C 0.1366(5) 0.5804(4) 0.6821(5)
C7_9 C 0.0903(5) 0.5618(5) 0.6797(5)
C8_9 C 0.0512(5) 0.5846(5) 0.6954(5)
H4_9 H 0.0532 0.6154 0.7057
C9_9 C 0.0102(7) 0.5625(6) 0.6960(7)
C10_9 C 0.0056(5) 0.5197(7) 0.6792(7)
C11_9 C 0.0453(6) 0.4996(5) 0.6614(4)
C12_9 C 0.0497(5) 0.4508(5) 0.6428(4)
Tb3_9 Tb 0.36349(2) 0.52726(2) 0.65438(2)
O8_9 O 0.1548(4) 0.4584(3) 0.7124(3)
O9_9 O 0.1426(3) 0.5117(3) 0.5705(3)
H5_9 H 0.9842 0.5776 0.7084
H6_9 H 0.9771 0.5041 0.6795
Tb2_9 Tb 0.97274(2) 0.36349(2) 0.65438(2)
Tb1_10 Tb 0.34562(2) 0.63651(2) 0.47274(2)
O1_10 O 0.2685(3) 0.6377(3) 0.4937(3)
O2_10 O 0.2124(3) 0.6548(4) 0.5416(3)
O3_10 O 0.4883(3) 0.6426(3) 0.4295(3)
O4_10 O 0.4138(3) 0.6292(3) 0.4345(3)
O5_10 O 0.3137(4) 0.6431(4) 0.3943(3)
O6_10 O 0.2955(4) 0.5850(4) 0.3519(4)
O7_10 O 0.3221(4) 0.5748(4) 0.4204(4)
N1_10 N 0.3313(4) 0.6675(4) 0.5515(4)
N2_10 N 0.4127(4) 0.6616(3) 0.5191(4)
N3_10 N 0.3110(4) 0.6005(5) 0.3881(5)
C1_10 C 0.2536(5) 0.6522(4) 0.5314(5)
C2_10 C 0.2871(5) 0.6694(4) 0.5650(5)
C3_10 C 0.2745(5) 0.6881(5) 0.6074(4)
H1_10 H 0.2431 0.6905 0.6157
C4_10 C 0.3089(5) 0.7031(5) 0.6373(6)
H2_10 H 0.3018 0.7152 0.6666
C5_10 C 0.3522(4) 0.6997(5) 0.6228(5)
H3_10 H 0.3762 0.7099 0.6424
C6_10 C 0.3634(5) 0.6821(5) 0.5804(4)
C7_10 C 0.4097(5) 0.6797(5) 0.5618(5)
C8_10 C 0.4488(5) 0.6954(5) 0.5846(5)
H4_10 H 0.4468 0.7057 0.6154
C9_10 C 0.4898(7) 0.6960(7) 0.5625(6)
H5_10 H 0.5158 0.7084 0.5776
C10_10 C 0.4944(5) 0.6792(7) 0.5197(7)
H6_10 H 0.5229 0.6795 0.5041
C11_10 C 0.4547(6) 0.6614(4) 0.4996(5)
C12_10 C 0.4503(5) 0.6428(4) 0.4508(5)
O8_10 O 0.3452(4) 0.7124(3) 0.4584(3)
O9_10 O 0.3574(3) 0.5705(3) 0.5117(3)
Tb1_11 Tb 0.15438(2) 0.86349(2) 0.47274(2)
O1_11 O 0.2315(3) 0.8623(3) 0.4937(3)
O2_11 O 0.2876(3) 0.8452(4) 0.5416(3)
O3_11 O 0.0117(3) 0.8574(3) 0.4295(3)
O4_11 O 0.0862(3) 0.8708(3) 0.4345(3)
O5_11 O 0.1863(4) 0.8569(4) 0.3943(3)
O6_11 O 0.2045(4) 0.9150(4) 0.3519(4)
O7_11 O 0.1779(4) 0.9252(4) 0.4204(4)
N1_11 N 0.1687(4) 0.8325(4) 0.5515(4)
N2_11 N 0.0873(4) 0.8384(3) 0.5191(4)
N3_11 N 0.1890(4) 0.8995(5) 0.3881(5)
C1_11 C 0.2464(5) 0.8478(4) 0.5314(5)
C2_11 C 0.2129(5) 0.8306(4) 0.5650(5)
C3_11 C 0.2255(5) 0.8119(5) 0.6074(4)
H1_11 H 0.2569 0.8095 0.6157
C4_11 C 0.1911(5) 0.7969(5) 0.6373(6)
H2_11 H 0.1982 0.7848 0.6666
C5_11 C 0.1478(4) 0.8003(5) 0.6228(5)
H3_11 H 0.1238 0.7901 0.6424
C6_11 C 0.1366(5) 0.8179(5) 0.5804(4)
C7_11 C 0.0903(5) 0.8203(5) 0.5618(5)
C8_11 C 0.0512(5) 0.8046(5) 0.5846(5)
H4_11 H 0.0532 0.7943 0.6154
C9_11 C 0.0102(7) 0.8040(7) 0.5625(6)
C10_11 C 0.0056(5) 0.8208(7) 0.5197(7)
C11_11 C 0.0453(6) 0.8386(4) 0.4996(5)
C12_11 C 0.0497(5) 0.8572(4) 0.4508(5)
O8_11 O 0.1548(4) 0.7876(3) 0.4584(3)
O9_11 O 0.1426(3) 0.9295(3) 0.5117(3)
Tb1_12 Tb 0.34562(2) 0.86349(2) 0.02726(2)
O1_12 O 0.2685(3) 0.8623(3) 0.0063(3)
O3_12 O 0.4883(3) 0.8574(3) 0.0705(3)
O4_12 O 0.4138(3) 0.8708(3) 0.0655(3)
O5_12 O 0.3137(4) 0.8569(4) 0.1057(3)
O6_12 O 0.2955(4) 0.9150(4) 0.1481(4)
O7_12 O 0.3221(4) 0.9252(4) 0.0796(4)
N3_12 N 0.3110(4) 0.8995(5) 0.1119(5)
C11_12 C 0.4547(6) 0.8386(4) 0.0004(5)
C12_12 C 0.4503(5) 0.8572(4) 0.0492(5)
O8_12 O 0.3452(4) 0.7876(3) 0.0416(3)
O2_12 O 0.2876(3) 0.6548(4) 0.9584(3)
N1_12 N 0.1687(4) 0.6675(4) 0.9485(4)
N2_12 N 0.0873(4) 0.6616(3) 0.9809(4)
C1_12 C 0.2464(5) 0.6522(4) 0.9686(5)
C2_12 C 0.2129(5) 0.6694(4) 0.9350(5)
C3_12 C 0.2255(5) 0.6881(5) 0.8926(4)
H1_12 H 0.2569 0.6905 0.8843
C4_12 C 0.1911(5) 0.7031(5) 0.8627(6)
H2_12 H 0.1982 0.7152 0.8334
C5_12 C 0.1478(4) 0.6997(5) 0.8772(5)
H3_12 H 0.1238 0.7099 0.8576
C6_12 C 0.1366(5) 0.6821(5) 0.9196(4)
C7_12 C 0.0903(5) 0.6797(5) 0.9382(5)
C8_12 C 0.0512(5) 0.6954(5) 0.9154(5)
H4_12 H 0.0532 0.7057 0.8846
C9_12 C 0.0102(7) 0.6960(7) 0.9375(6)
C10_12 C 0.0056(5) 0.6792(7) 0.9803(7)
O9_12 O 0.1426(3) 0.5705(3) 0.9883(3)
O2_13 O 0.6548(4) 0.9584(3) 0.2876(3)
N1_13 N 0.6675(4) 0.9485(4) 0.1687(4)
N2_13 N 0.6616(3) 0.9809(4) 0.0873(4)
C1_13 C 0.6522(4) 0.9686(5) 0.2464(5)
C2_13 C 0.6694(4) 0.9350(5) 0.2129(5)
C3_13 C 0.6881(5) 0.8926(4) 0.2255(5)
H1_13 H 0.6905 0.8843 0.2569
C4_13 C 0.7031(5) 0.8627(6) 0.1911(5)
H2_13 H 0.7152 0.8334 0.1982
C5_13 C 0.6997(5) 0.8772(5) 0.1478(4)
H3_13 H 0.7099 0.8576 0.1238
C6_13 C 0.6821(5) 0.9196(4) 0.1366(5)
C7_13 C 0.6797(5) 0.9382(5) 0.0903(5)
C8_13 C 0.6954(5) 0.9154(5) 0.0512(5)
H4_13 H 0.7057 0.8846 0.0532
C9_13 C 0.6960(7) 0.9375(6) 0.0102(7)
C10_13 C 0.6792(7) 0.9803(7) 0.0056(5)
O9_13 O 0.5705(3) 0.9883(3) 0.1426(3)
Tb1_13 Tb 0.86349(2) 0.02726(2) 0.34562(2)
O1_13 O 0.8623(3) 0.0063(3) 0.2685(3)
O3_13 O 0.8574(3) 0.0705(3) 0.4883(3)
O4_13 O 0.8708(3) 0.0655(3) 0.4138(3)
O5_13 O 0.8569(4) 0.1057(3) 0.3137(4)
O6_13 O 0.9150(4) 0.1481(4) 0.2955(4)
O7_13 O 0.9252(4) 0.0796(4) 0.3221(4)
N3_13 N 0.8995(5) 0.1119(5) 0.3110(4)
C11_13 C 0.8386(4) 0.0004(5) 0.4547(6)
C12_13 C 0.8572(4) 0.0492(5) 0.4503(5)
O8_13 O 0.7876(3) 0.0416(3) 0.3452(4)
Tb1_14 Tb 0.86349(2) 0.47274(2) 0.15438(2)
O1_14 O 0.8623(3) 0.4937(3) 0.2315(3)
O2_14 O 0.8452(4) 0.5416(3) 0.2876(3)
O3_14 O 0.8574(3) 0.4295(3) 0.0117(3)
O4_14 O 0.8708(3) 0.4345(3) 0.0862(3)
O5_14 O 0.8569(4) 0.3943(3) 0.1863(4)
O6_14 O 0.9150(4) 0.3519(4) 0.2045(4)
O7_14 O 0.9252(4) 0.4204(4) 0.1779(4)
N1_14 N 0.8325(4) 0.5515(4) 0.1687(4)
N2_14 N 0.8384(3) 0.5191(4) 0.0873(4)
N3_14 N 0.8995(5) 0.3881(5) 0.1890(4)
C1_14 C 0.8478(4) 0.5314(5) 0.2464(5)
C2_14 C 0.8306(4) 0.5650(5) 0.2129(5)
C3_14 C 0.8119(5) 0.6074(4) 0.2255(5)
H1_14 H 0.8095 0.6157 0.2569
C4_14 C 0.7969(5) 0.6373(6) 0.1911(5)
H2_14 H 0.7848 0.6666 0.1982
C5_14 C 0.8003(5) 0.6228(5) 0.1478(4)
H3_14 H 0.7901 0.6424 0.1238
C6_14 C 0.8179(5) 0.5804(4) 0.1366(5)
C7_14 C 0.8203(5) 0.5618(5) 0.0903(5)
C8_14 C 0.8046(5) 0.5846(5) 0.0512(5)
H4_14 H 0.7943 0.6154 0.0532
C9_14 C 0.8040(7) 0.5625(6) 0.0102(7)
C10_14 C 0.8208(7) 0.5197(7) 0.0056(5)
C11_14 C 0.8386(4) 0.4996(5) 0.0453(6)
C12_14 C 0.8572(4) 0.4508(5) 0.0497(5)
O8_14 O 0.7876(3) 0.4584(3) 0.1548(4)
O9_14 O 0.9295(3) 0.5117(3) 0.1426(3)
Tb1_15 Tb 0.63651(2) 0.47274(2) 0.34562(2)
O1_15 O 0.6377(3) 0.4937(3) 0.2685(3)
O2_15 O 0.6548(4) 0.5416(3) 0.2124(3)
O3_15 O 0.6426(3) 0.4295(3) 0.4883(3)
O4_15 O 0.6292(3) 0.4345(3) 0.4138(3)
O5_15 O 0.6431(4) 0.3943(3) 0.3137(4)
O6_15 O 0.5850(4) 0.3519(4) 0.2955(4)
O7_15 O 0.5748(4) 0.4204(4) 0.3221(4)
N1_15 N 0.6675(4) 0.5515(4) 0.3313(4)
N2_15 N 0.6616(3) 0.5191(4) 0.4127(4)
N3_15 N 0.6005(5) 0.3881(5) 0.3110(4)
C1_15 C 0.6522(4) 0.5314(5) 0.2536(5)
C2_15 C 0.6694(4) 0.5650(5) 0.2871(5)
C3_15 C 0.6881(5) 0.6074(4) 0.2745(5)
H1_15 H 0.6905 0.6157 0.2431
C4_15 C 0.7031(5) 0.6373(6) 0.3089(5)
H2_15 H 0.7152 0.6666 0.3018
C5_15 C 0.6997(5) 0.6228(5) 0.3522(4)
H3_15 H 0.7099 0.6424 0.3762
C6_15 C 0.6821(5) 0.5804(4) 0.3634(5)
C7_15 C 0.6797(5) 0.5618(5) 0.4097(5)
C8_15 C 0.6954(5) 0.5846(5) 0.4488(5)
H4_15 H 0.7057 0.6154 0.4468
C9_15 C 0.6960(7) 0.5625(6) 0.4898(7)
H5_11 H 0.7084 0.5776 0.5158
C10_15 C 0.6792(7) 0.5197(7) 0.4944(5)
H6_11 H 0.6795 0.5041 0.5229
C11_15 C 0.6614(4) 0.4996(5) 0.4547(6)
C12_15 C 0.6428(4) 0.4508(5) 0.4503(5)
O8_15 O 0.7124(3) 0.4584(3) 0.3452(4)
O9_15 O 0.5705(3) 0.5117(3) 0.3574(3)
Tb1_16 Tb 0.02726(2) 0.34562(2) 0.86349(2)
O1_16 O 0.0063(3) 0.2685(3) 0.8623(3)
O3_16 O 0.0705(3) 0.4883(3) 0.8574(3)
O4_16 O 0.0655(3) 0.4138(3) 0.8708(3)
O5_16 O 0.1057(3) 0.3137(4) 0.8569(4)
O6_16 O 0.1481(4) 0.2955(4) 0.9150(4)
O7_16 O 0.0796(4) 0.3221(4) 0.9252(4)
N3_16 N 0.1119(5) 0.3110(4) 0.8995(5)
C11_16 C 0.0004(5) 0.4547(6) 0.8386(4)
C12_16 C 0.0492(5) 0.4503(5) 0.8572(4)
O8_16 O 0.0416(3) 0.3452(4) 0.7876(3)
O2_16 O 0.9584(3) 0.2876(3) 0.6548(4)
N1_16 N 0.9485(4) 0.1687(4) 0.6675(4)
N2_16 N 0.9809(4) 0.0873(4) 0.6616(3)
C1_16 C 0.9686(5) 0.2464(5) 0.6522(4)
C2_16 C 0.9350(5) 0.2129(5) 0.6694(4)
C3_16 C 0.8926(4) 0.2255(5) 0.6881(5)
H1_16 H 0.8843 0.2569 0.6905
C4_16 C 0.8627(6) 0.1911(5) 0.7031(5)
H2_16 H 0.8334 0.1982 0.7152
C5_16 C 0.8772(5) 0.1478(4) 0.6997(5)
H3_16 H 0.8576 0.1238 0.7099
C6_16 C 0.9196(4) 0.1366(5) 0.6821(5)
C7_16 C 0.9382(5) 0.0903(5) 0.6797(5)
C8_16 C 0.9154(5) 0.0512(5) 0.6954(5)
H4_16 H 0.8846 0.0532 0.7057
C9_16 C 0.9375(6) 0.0102(7) 0.6960(7)
C10_16 C 0.9803(7) 0.0056(5) 0.6792(7)
O9_16 O 0.9883(3) 0.1426(3) 0.5705(3)
Tb1_17 Tb 0.47274(2) 0.34562(2) 0.63651(2)
O1_17 O 0.4937(3) 0.2685(3) 0.6377(3)
O2_17 O 0.5416(3) 0.2124(3) 0.6548(4)
O3_17 O 0.4295(3) 0.4883(3) 0.6426(3)
O4_17 O 0.4345(3) 0.4138(3) 0.6292(3)
O5_17 O 0.3943(3) 0.3137(4) 0.6431(4)
O6_17 O 0.3519(4) 0.2955(4) 0.5850(4)
O7_17 O 0.4204(4) 0.3221(4) 0.5748(4)
N1_17 N 0.5515(4) 0.3313(4) 0.6675(4)
N2_17 N 0.5191(4) 0.4127(4) 0.6616(3)
N3_17 N 0.3881(5) 0.3110(4) 0.6005(5)
C1_17 C 0.5314(5) 0.2536(5) 0.6522(4)
C2_17 C 0.5650(5) 0.2871(5) 0.6694(4)
C3_17 C 0.6074(4) 0.2745(5) 0.6881(5)
H1_17 H 0.6157 0.2431 0.6905
C4_17 C 0.6373(6) 0.3089(5) 0.7031(5)
H2_17 H 0.6666 0.3018 0.7152
C5_17 C 0.6228(5) 0.3522(4) 0.6997(5)
H3_17 H 0.6424 0.3762 0.7099
C6_17 C 0.5804(4) 0.3634(5) 0.6821(5)
C7_17 C 0.5618(5) 0.4097(5) 0.6797(5)
C8_17 C 0.5846(5) 0.4488(5) 0.6954(5)
H4_17 H 0.6154 0.4468 0.7057
C9_17 C 0.5625(6) 0.4898(7) 0.6960(7)
H5_12 H 0.5776 0.5158 0.7084
C10_17 C 0.5197(7) 0.4944(5) 0.6792(7)
H6_12 H 0.5041 0.5229 0.6795
C11_17 C 0.4996(5) 0.4547(6) 0.6614(4)
C12_17 C 0.4508(5) 0.4503(5) 0.6428(4)
O8_17 O 0.4584(3) 0.3452(4) 0.7124(3)
O9_17 O 0.5117(3) 0.3574(3) 0.5705(3)
Tb1_18 Tb 0.47274(2) 0.15438(2) 0.86349(2)
O1_18 O 0.4937(3) 0.2315(3) 0.8623(3)
O2_18 O 0.5416(3) 0.2876(3) 0.8452(4)
O3_18 O 0.4295(3) 0.0117(3) 0.8574(3)
O4_18 O 0.4345(3) 0.0862(3) 0.8708(3)
O5_18 O 0.3943(3) 0.1863(4) 0.8569(4)
O6_18 O 0.3519(4) 0.2045(4) 0.9150(4)
O7_18 O 0.4204(4) 0.1779(4) 0.9252(4)
N1_18 N 0.5515(4) 0.1687(4) 0.8325(4)
N2_18 N 0.5191(4) 0.0873(4) 0.8384(3)
N3_18 N 0.3881(5) 0.1890(4) 0.8995(5)
C1_18 C 0.5314(5) 0.2464(5) 0.8478(4)
C2_18 C 0.5650(5) 0.2129(5) 0.8306(4)
C3_18 C 0.6074(4) 0.2255(5) 0.8119(5)
H1_18 H 0.6157 0.2569 0.8095
C4_18 C 0.6373(6) 0.1911(5) 0.7969(5)
H2_18 H 0.6666 0.1982 0.7848
C5_18 C 0.6228(5) 0.1478(4) 0.8003(5)
H3_18 H 0.6424 0.1238 0.7901
C6_18 C 0.5804(4) 0.1366(5) 0.8179(5)
C7_18 C 0.5618(5) 0.0903(5) 0.8203(5)
C8_18 C 0.5846(5) 0.0512(5) 0.8046(5)
H4_18 H 0.6154 0.0532 0.7943
C9_18 C 0.5625(6) 0.0102(7) 0.8040(7)
C10_18 C 0.5197(7) 0.0056(5) 0.8208(7)
C11_18 C 0.4996(5) 0.0453(6) 0.8386(4)
C12_18 C 0.4508(5) 0.0497(5) 0.8572(4)
O8_18 O 0.4584(3) 0.1548(4) 0.7876(3)
O9_18 O 0.5117(3) 0.1426(3) 0.9295(3)
N1_19 N 0.3325(4) 0.6687(4) 0.0515(4)
N2_19 N 0.3384(3) 0.5873(4) 0.0191(4)
C1_19 C 0.3478(4) 0.7464(5) 0.0314(5)
C2_19 C 0.3306(4) 0.7129(5) 0.0650(5)
C3_19 C 0.3119(5) 0.7255(5) 0.1074(4)
H1_19 H 0.3095 0.7569 0.1157
C4_19 C 0.2969(5) 0.6911(5) 0.1373(6)
H2_19 H 0.2848 0.6982 0.1666
C5_19 C 0.3003(5) 0.6478(4) 0.1228(5)
H3_19 H 0.2901 0.6238 0.1424
C6_19 C 0.3179(5) 0.6366(5) 0.0804(4)
C7_19 C 0.3203(5) 0.5903(5) 0.0618(5)
C8_19 C 0.3046(5) 0.5512(5) 0.0846(5)
H4_19 H 0.2943 0.5532 0.1154
C9_19 C 0.3040(7) 0.5102(7) 0.0625(6)
H5_13 H 0.2916 0.4842 0.0776
C10_19 C 0.3208(7) 0.5056(5) 0.0197(7)
H6_13 H 0.3205 0.4771 0.0041
O1_19 O 0.3623(3) 0.7315(3) 0.9937(3)
O4_19 O 0.3708(3) 0.5862(3) 0.9345(3)
O5_19 O 0.3569(4) 0.6863(4) 0.8943(3)
O6_19 O 0.4150(4) 0.7045(4) 0.8519(4)
O7_19 O 0.4252(4) 0.6779(4) 0.9204(4)
N3_19 N 0.3995(5) 0.6890(4) 0.8881(5)
C11_19 C 0.3386(4) 0.5453(6) 0.9996(5)
C12_19 C 0.3572(4) 0.5497(5) 0.9508(5)
O1_20 O 0.1377(3) 0.7315(3) 0.5063(3)
O4_20 O 0.1292(3) 0.5862(3) 0.5655(3)
O5_20 O 0.1431(4) 0.6863(4) 0.6057(3)
O6_20 O 0.0850(4) 0.7045(4) 0.6481(4)
O7_20 O 0.0748(4) 0.6779(4) 0.5796(4)
N1_20 N 0.1675(4) 0.6687(4) 0.4485(4)
N2_20 N 0.1616(3) 0.5873(4) 0.4809(4)
N3_20 N 0.1005(5) 0.6890(4) 0.6119(5)
C1_20 C 0.1522(4) 0.7464(5) 0.4686(5)
C2_20 C 0.1694(4) 0.7129(5) 0.4350(5)
C3_20 C 0.1881(5) 0.7255(5) 0.3926(4)
H1_20 H 0.1905 0.7569 0.3843
C4_20 C 0.2031(5) 0.6911(5) 0.3627(6)
H2_20 H 0.2152 0.6982 0.3334
C5_20 C 0.1997(5) 0.6478(4) 0.3772(5)
H3_20 H 0.2099 0.6238 0.3576
C6_20 C 0.1821(5) 0.6366(5) 0.4196(4)
C7_20 C 0.1797(5) 0.5903(5) 0.4382(5)
C8_20 C 0.1954(5) 0.5512(5) 0.4154(5)
H4_20 H 0.2057 0.5532 0.3846
C9_20 C 0.1960(7) 0.5102(7) 0.4375(6)
H5_14 H 0.2084 0.4842 0.4224
C10_20 C 0.1792(7) 0.5056(5) 0.4803(7)
H6_14 H 0.1795 0.4771 0.4959
C11_20 C 0.1614(4) 0.5453(6) 0.5004(5)
C12_20 C 0.1428(4) 0.5497(5) 0.5492(5)
H5_15 H 0.2916 0.0158 0.4224
H6_15 H 0.3205 0.0229 0.4959
O1_21 O 0.3623(3) 0.7685(3) 0.5063(3)
O4_21 O 0.3708(3) 0.9138(3) 0.5655(3)
O5_21 O 0.3569(4) 0.8137(4) 0.6057(3)
O6_21 O 0.4150(4) 0.7955(4) 0.6481(4)
O7_21 O 0.4252(4) 0.8221(4) 0.5796(4)
N1_21 N 0.3325(4) 0.8313(4) 0.4485(4)
N2_21 N 0.3384(3) 0.9127(4) 0.4809(4)
N3_21 N 0.3995(5) 0.8110(4) 0.6119(5)
C1_21 C 0.3478(4) 0.7536(5) 0.4686(5)
C2_21 C 0.3306(4) 0.7871(5) 0.4350(5)
C3_21 C 0.3119(5) 0.7745(5) 0.3926(4)
H1_21 H 0.3095 0.7431 0.3843
C4_21 C 0.2969(5) 0.8089(5) 0.3627(6)
H2_21 H 0.2848 0.8018 0.3334
C5_21 C 0.3003(5) 0.8522(4) 0.3772(5)
H3_21 H 0.2901 0.8762 0.3576
C6_21 C 0.3179(5) 0.8634(5) 0.4196(4)
C7_21 C 0.3203(5) 0.9097(5) 0.4382(5)
C8_21 C 0.3046(5) 0.9488(5) 0.4154(5)
H4_21 H 0.2943 0.9468 0.3846
C9_21 C 0.3040(7) 0.9898(7) 0.4375(6)
C10_21 C 0.3208(7) 0.9944(5) 0.4803(7)
C11_21 C 0.3386(4) 0.9547(6) 0.5004(5)
C12_21 C 0.3572(4) 0.9503(5) 0.5492(5)
N1_22 N 0.0515(4) 0.3325(4) 0.6687(4)
N2_22 N 0.0191(4) 0.3384(3) 0.5873(4)
C1_22 C 0.0314(5) 0.3478(4) 0.7464(5)
C2_22 C 0.0650(5) 0.3306(4) 0.7129(5)
C3_22 C 0.1074(4) 0.3119(5) 0.7255(5)
H1_22 H 0.1157 0.3095 0.7569
C4_22 C 0.1373(6) 0.2969(5) 0.6911(5)
H2_22 H 0.1666 0.2848 0.6982
C5_22 C 0.1228(5) 0.3003(5) 0.6478(4)
H3_22 H 0.1424 0.2901 0.6238
C6_22 C 0.0804(4) 0.3179(5) 0.6366(5)
C7_22 C 0.0618(5) 0.3203(5) 0.5903(5)
C8_22 C 0.0846(5) 0.3046(5) 0.5512(5)
H4_22 H 0.1154 0.2943 0.5532
C9_22 C 0.0625(6) 0.3040(7) 0.5102(7)
H5_16 H 0.0776 0.2916 0.4842
C10_22 C 0.0197(7) 0.3208(7) 0.5056(5)
H6_16 H 0.0041 0.3205 0.4771
O1_22 O 0.9937(3) 0.3623(3) 0.7315(3)
O4_22 O 0.9345(3) 0.3708(3) 0.5862(3)
O5_22 O 0.8943(3) 0.3569(4) 0.6863(4)
O6_22 O 0.8519(4) 0.4150(4) 0.7045(4)
O7_22 O 0.9204(4) 0.4252(4) 0.6779(4)
N3_22 N 0.8881(5) 0.3995(5) 0.6890(4)
C11_22 C 0.9996(5) 0.3386(4) 0.5453(6)
C12_22 C 0.9508(5) 0.3572(4) 0.5497(5)
O1_23 O 0.5063(3) 0.1377(3) 0.7315(3)
O4_23 O 0.5655(3) 0.1292(3) 0.5862(3)
O5_23 O 0.6057(3) 0.1431(4) 0.6863(4)
O6_23 O 0.6481(4) 0.0850(4) 0.7045(4)
O7_23 O 0.5796(4) 0.0748(4) 0.6779(4)
N1_23 N 0.4485(4) 0.1675(4) 0.6687(4)
N2_23 N 0.4809(4) 0.1616(3) 0.5873(4)
N3_23 N 0.6119(5) 0.1005(5) 0.6890(4)
C1_23 C 0.4686(5) 0.1522(4) 0.7464(5)
C2_23 C 0.4350(5) 0.1694(4) 0.7129(5)
C3_23 C 0.3926(4) 0.1881(5) 0.7255(5)
H1_23 H 0.3843 0.1905 0.7569
C4_23 C 0.3627(6) 0.2031(5) 0.6911(5)
H2_23 H 0.3334 0.2152 0.6982
C5_23 C 0.3772(5) 0.1997(5) 0.6478(4)
H3_23 H 0.3576 0.2099 0.6238
C6_23 C 0.4196(4) 0.1821(5) 0.6366(5)
C7_23 C 0.4382(5) 0.1797(5) 0.5903(5)
C8_23 C 0.4154(5) 0.1954(5) 0.5512(5)
H4_23 H 0.3846 0.2057 0.5532
C9_23 C 0.4375(6) 0.1960(7) 0.5102(7)
H5_17 H 0.4224 0.2084 0.4842
C10_23 C 0.4803(7) 0.1792(7) 0.5056(5)
H6_17 H 0.4959 0.1795 0.4771
C11_23 C 0.5004(5) 0.1614(4) 0.5453(6)
C12_23 C 0.5492(5) 0.1428(4) 0.5497(5)
H5_18 H 0.4224 0.2916 0.0158
H6_18 H 0.4959 0.3205 0.0229
O1_24 O 0.5063(3) 0.3623(3) 0.7685(3)
O4_24 O 0.5655(3) 0.3708(3) 0.9138(3)
O5_24 O 0.6057(3) 0.3569(4) 0.8137(4)
O6_24 O 0.6481(4) 0.4150(4) 0.7955(4)
O7_24 O 0.5796(4) 0.4252(4) 0.8221(4)
N1_24 N 0.4485(4) 0.3325(4) 0.8313(4)
N2_24 N 0.4809(4) 0.3384(3) 0.9127(4)
N3_24 N 0.6119(5) 0.3995(5) 0.8110(4)
C1_24 C 0.4686(5) 0.3478(4) 0.7536(5)
C2_24 C 0.4350(5) 0.3306(4) 0.7871(5)
C3_24 C 0.3926(4) 0.3119(5) 0.7745(5)
H1_24 H 0.3843 0.3095 0.7431
C4_24 C 0.3627(6) 0.2969(5) 0.8089(5)
H2_24 H 0.3334 0.2848 0.8018
C5_24 C 0.3772(5) 0.3003(5) 0.8522(4)
H3_24 H 0.3576 0.2901 0.8762
C6_24 C 0.4196(4) 0.3179(5) 0.8634(5)
C7_24 C 0.4382(5) 0.3203(5) 0.9097(5)
C8_24 C 0.4154(5) 0.3046(5) 0.9488(5)
H4_24 H 0.3846 0.2943 0.9468
C9_24 C 0.4375(6) 0.3040(7) 0.9898(7)
C10_24 C 0.4803(7) 0.3208(7) 0.9944(5)
C11_24 C 0.5004(5) 0.3386(4) 0.9547(6)
C12_24 C 0.5492(5) 0.3572(4) 0.9503(5)
N1_25 N 0.6687(4) 0.0515(4) 0.3325(4)
N2_25 N 0.5873(4) 0.0191(4) 0.3384(3)
C1_25 C 0.7464(5) 0.0314(5) 0.3478(4)
C2_25 C 0.7129(5) 0.0650(5) 0.3306(4)
C3_25 C 0.7255(5) 0.1074(4) 0.3119(5)
H1_25 H 0.7569 0.1157 0.3095
C4_25 C 0.6911(5) 0.1373(6) 0.2969(5)
H2_25 H 0.6982 0.1666 0.2848
C5_25 C 0.6478(4) 0.1228(5) 0.3003(5)
H3_25 H 0.6238 0.1424 0.2901
C6_25 C 0.6366(5) 0.0804(4) 0.3179(5)
C7_25 C 0.5903(5) 0.0618(5) 0.3203(5)
C8_25 C 0.5512(5) 0.0846(5) 0.3046(5)
H4_25 H 0.5532 0.1154 0.2943
C9_25 C 0.5102(7) 0.0625(6) 0.3040(7)
H5_19 H 0.4842 0.0776 0.2916
C10_25 C 0.5056(5) 0.0197(7) 0.3208(7)
H6_19 H 0.4771 0.0041 0.3205
O1_25 O 0.7315(3) 0.9937(3) 0.3623(3)
O4_25 O 0.5862(3) 0.9345(3) 0.3708(3)
O5_25 O 0.6863(4) 0.8943(3) 0.3569(4)
O6_25 O 0.7045(4) 0.8519(4) 0.4150(4)
O7_25 O 0.6779(4) 0.9204(4) 0.4252(4)
N3_25 N 0.6890(4) 0.8881(5) 0.3995(5)
C11_25 C 0.5453(6) 0.9996(5) 0.3386(4)
C12_25 C 0.5497(5) 0.9508(5) 0.3572(4)
O1_26 O 0.7315(3) 0.5063(3) 0.1377(3)
O4_26 O 0.5862(3) 0.5655(3) 0.1292(3)
O5_26 O 0.6863(4) 0.6057(3) 0.1431(4)
O6_26 O 0.7045(4) 0.6481(4) 0.0850(4)
O7_26 O 0.6779(4) 0.5796(4) 0.0748(4)
N1_26 N 0.6687(4) 0.4485(4) 0.1675(4)
N2_26 N 0.5873(4) 0.4809(4) 0.1616(3)
N3_26 N 0.6890(4) 0.6119(5) 0.1005(5)
C1_26 C 0.7464(5) 0.4686(5) 0.1522(4)
C2_26 C 0.7129(5) 0.4350(5) 0.1694(4)
C3_26 C 0.7255(5) 0.3926(4) 0.1881(5)
H1_26 H 0.7569 0.3843 0.1905
C4_26 C 0.6911(5) 0.3627(6) 0.2031(5)
H2_26 H 0.6982 0.3334 0.2152
C5_26 C 0.6478(4) 0.3772(5) 0.1997(5)
H3_26 H 0.6238 0.3576 0.2099
C6_26 C 0.6366(5) 0.4196(4) 0.1821(5)
C7_26 C 0.5903(5) 0.4382(5) 0.1797(5)
C8_26 C 0.5512(5) 0.4154(5) 0.1954(5)
H4_26 H 0.5532 0.3846 0.2057
C9_26 C 0.5102(7) 0.4375(6) 0.1960(7)
H5_20 H 0.4842 0.4224 0.2084
C10_26 C 0.5056(5) 0.4803(7) 0.1792(7)
H6_20 H 0.4771 0.4959 0.1795
C11_26 C 0.5453(6) 0.5004(5) 0.1614(4)
C12_26 C 0.5497(5) 0.5492(5) 0.1428(4)
H5_21 H 0.0158 0.4224 0.2916
H6_21 H 0.0229 0.4959 0.3205
O1_27 O 0.7685(3) 0.5063(3) 0.3623(3)
O4_27 O 0.9138(3) 0.5655(3) 0.3708(3)
O5_27 O 0.8137(4) 0.6057(3) 0.3569(4)
O6_27 O 0.7955(4) 0.6481(4) 0.4150(4)
O7_27 O 0.8221(4) 0.5796(4) 0.4252(4)
N1_27 N 0.8313(4) 0.4485(4) 0.3325(4)
N2_27 N 0.9127(4) 0.4809(4) 0.3384(3)
N3_27 N 0.8110(4) 0.6119(5) 0.3995(5)
C1_27 C 0.7536(5) 0.4686(5) 0.3478(4)
C2_27 C 0.7871(5) 0.4350(5) 0.3306(4)
C3_27 C 0.7745(5) 0.3926(4) 0.3119(5)
H1_27 H 0.7431 0.3843 0.3095
C4_27 C 0.8089(5) 0.3627(6) 0.2969(5)
H2_27 H 0.8018 0.3334 0.2848
C5_27 C 0.8522(4) 0.3772(5) 0.3003(5)
H3_27 H 0.8762 0.3576 0.2901
C6_27 C 0.8634(5) 0.4196(4) 0.3179(5)
C7_27 C 0.9097(5) 0.4382(5) 0.3203(5)
C8_27 C 0.9488(5) 0.4154(5) 0.3046(5)
H4_27 H 0.9468 0.3846 0.2943
C9_27 C 0.9898(7) 0.4375(6) 0.3040(7)
C10_27 C 0.9944(5) 0.4803(7) 0.3208(7)
C11_27 C 0.9547(6) 0.5004(5) 0.3386(4)
C12_27 C 0.9503(5) 0.5492(5) 0.3572(4)
O1_28 O 0.7315(3) 0.3623(3) 0.5063(3)
O4_28 O 0.5862(3) 0.3708(3) 0.5655(3)
O5_28 O 0.6863(4) 0.3569(4) 0.6057(3)
O6_28 O 0.7045(4) 0.4150(4) 0.6481(4)
O7_28 O 0.6779(4) 0.4252(4) 0.5796(4)
N1_28 N 0.6687(4) 0.3325(4) 0.4485(4)
N2_28 N 0.5873(4) 0.3384(3) 0.4809(4)
N3_28 N 0.6890(4) 0.3995(5) 0.6119(5)
C1_28 C 0.7464(5) 0.3478(4) 0.4686(5)
C2_28 C 0.7129(5) 0.3306(4) 0.4350(5)
C3_28 C 0.7255(5) 0.3119(5) 0.3926(4)
H1_28 H 0.7569 0.3095 0.3843
C4_28 C 0.6911(5) 0.2969(5) 0.3627(6)
H2_28 H 0.6982 0.2848 0.3334
C5_28 C 0.6478(4) 0.3003(5) 0.3772(5)
H3_28 H 0.6238 0.2901 0.3576
C6_28 C 0.6366(5) 0.3179(5) 0.4196(4)
C7_28 C 0.5903(5) 0.3203(5) 0.4382(5)
C8_28 C 0.5512(5) 0.3046(5) 0.4154(5)
H4_28 H 0.5532 0.2943 0.3846
C9_28 C 0.5102(7) 0.3040(7) 0.4375(6)
H5_22 H 0.4842 0.2916 0.4224
C10_28 C 0.5056(5) 0.3208(7) 0.4803(7)
H6_22 H 0.4771 0.3205 0.4959
C11_28 C 0.5453(6) 0.3386(4) 0.5004(5)
C12_28 C 0.5497(5) 0.3572(4) 0.5492(5)
O1_29 O 0.7685(3) 0.1377(3) 0.5063(3)
O4_29 O 0.9138(3) 0.1292(3) 0.5655(3)
O5_29 O 0.8137(4) 0.1431(4) 0.6057(3)
O6_29 O 0.7955(4) 0.0850(4) 0.6481(4)
O7_29 O 0.8221(4) 0.0748(4) 0.5796(4)
N1_29 N 0.8313(4) 0.1675(4) 0.4485(4)
N2_29 N 0.9127(4) 0.1616(3) 0.4809(4)
N3_29 N 0.8110(4) 0.1005(5) 0.6119(5)
C1_29 C 0.7536(5) 0.1522(4) 0.4686(5)
C2_29 C 0.7871(5) 0.1694(4) 0.4350(5)
C3_29 C 0.7745(5) 0.1881(5) 0.3926(4)
H1_29 H 0.7431 0.1905 0.3843
C4_29 C 0.8089(5) 0.2031(5) 0.3627(6)
H2_29 H 0.8018 0.2152 0.3334
C5_29 C 0.8522(4) 0.1997(5) 0.3772(5)
H3_29 H 0.8762 0.2099 0.3576
C6_29 C 0.8634(5) 0.1821(5) 0.4196(4)
C7_29 C 0.9097(5) 0.1797(5) 0.4382(5)
C8_29 C 0.9488(5) 0.1954(5) 0.4154(5)
H4_29 H 0.9468 0.2057 0.3846
C9_29 C 0.9898(7) 0.1960(7) 0.4375(6)
C10_29 C 0.9944(5) 0.1792(7) 0.4803(7)
C11_29 C 0.9547(6) 0.1614(4) 0.5004(5)
C12_29 C 0.9503(5) 0.1428(4) 0.5492(5)
O1_30 O 0.7315(3) 0.1377(3) 0.9937(3)
O4_30 O 0.5862(3) 0.1292(3) 0.9345(3)
O5_30 O 0.6863(4) 0.1431(4) 0.8943(3)
O6_30 O 0.7045(4) 0.0850(4) 0.8519(4)
O7_30 O 0.6779(4) 0.0748(4) 0.9204(4)
N3_30 N 0.6890(4) 0.1005(5) 0.8881(5)
C11_30 C 0.5453(6) 0.1614(4) 0.9996(5)
C12_30 C 0.5497(5) 0.1428(4) 0.9508(5)
N1_30 N 0.8313(4) 0.3325(4) 0.0515(4)
N2_30 N 0.9127(4) 0.3384(3) 0.0191(4)
C1_30 C 0.7536(5) 0.3478(4) 0.0314(5)
C2_30 C 0.7871(5) 0.3306(4) 0.0650(5)
C3_30 C 0.7745(5) 0.3119(5) 0.1074(4)
H1_30 H 0.7431 0.3095 0.1157
C4_30 C 0.8089(5) 0.2969(5) 0.1373(6)
H2_30 H 0.8018 0.2848 0.1666
C5_30 C 0.8522(4) 0.3003(5) 0.1228(5)
H3_30 H 0.8762 0.2901 0.1424
C6_30 C 0.8634(5) 0.3179(5) 0.0804(4)
C7_30 C 0.9097(5) 0.3203(5) 0.0618(5)
C8_30 C 0.9488(5) 0.3046(5) 0.0846(5)
H4_30 H 0.9468 0.2943 0.1154
C9_30 C 0.9898(7) 0.3040(7) 0.0625(6)
C10_30 C 0.9944(5) 0.3208(7) 0.0197(7)
N1_31 N 0.3325(4) 0.0515(4) 0.8313(4)
N2_31 N 0.3384(3) 0.0191(4) 0.9127(4)
C1_31 C 0.3478(4) 0.0314(5) 0.7536(5)
C2_31 C 0.3306(4) 0.0650(5) 0.7871(5)
C3_31 C 0.3119(5) 0.1074(4) 0.7745(5)
H1_31 H 0.3095 0.1157 0.7431
C4_31 C 0.2969(5) 0.1373(6) 0.8089(5)
H2_31 H 0.2848 0.1666 0.8018
C5_31 C 0.3003(5) 0.1228(5) 0.8522(4)
H3_31 H 0.2901 0.1424 0.8762
C6_31 C 0.3179(5) 0.0804(4) 0.8634(5)
C7_31 C 0.3203(5) 0.0618(5) 0.9097(5)
C8_31 C 0.3046(5) 0.0846(5) 0.9488(5)
H4_31 H 0.2943 0.1154 0.9468
C9_31 C 0.3040(7) 0.0625(6) 0.9898(7)
C10_31 C 0.3208(7) 0.0197(7) 0.9944(5)
O1_31 O 0.1377(3) 0.9937(3) 0.7315(3)
O4_31 O 0.1292(3) 0.9345(3) 0.5862(3)
O5_31 O 0.1431(4) 0.8943(3) 0.6863(4)
O6_31 O 0.0850(4) 0.8519(4) 0.7045(4)
O7_31 O 0.0748(4) 0.9204(4) 0.6779(4)
N3_31 N 0.1005(5) 0.8881(5) 0.6890(4)
C11_31 C 0.1614(4) 0.9996(5) 0.5453(6)
C12_31 C 0.1428(4) 0.9508(5) 0.5497(5)
O1_32 O 0.1377(3) 0.5063(3) 0.7685(3)
O4_32 O 0.1292(3) 0.5655(3) 0.9138(3)
O5_32 O 0.1431(4) 0.6057(3) 0.8137(4)
O6_32 O 0.0850(4) 0.6481(4) 0.7955(4)
O7_32 O 0.0748(4) 0.5796(4) 0.8221(4)
N1_32 N 0.1675(4) 0.4485(4) 0.8313(4)
N2_32 N 0.1616(3) 0.4809(4) 0.9127(4)
N3_32 N 0.1005(5) 0.6119(5) 0.8110(4)
C1_32 C 0.1522(4) 0.4686(5) 0.7536(5)
C2_32 C 0.1694(4) 0.4350(5) 0.7871(5)
C3_32 C 0.1881(5) 0.3926(4) 0.7745(5)
H1_32 H 0.1905 0.3843 0.7431
C4_32 C 0.2031(5) 0.3627(6) 0.8089(5)
H2_32 H 0.2152 0.3334 0.8018
C5_32 C 0.1997(5) 0.3772(5) 0.8522(4)
H3_32 H 0.2099 0.3576 0.8762
C6_32 C 0.1821(5) 0.4196(4) 0.8634(5)
C7_32 C 0.1797(5) 0.4382(5) 0.9097(5)
C8_32 C 0.1954(5) 0.4154(5) 0.9488(5)
H4_32 H 0.2057 0.3846 0.9468
C9_32 C 0.1960(7) 0.4375(6) 0.9898(7)
C10_32 C 0.1792(7) 0.4803(7) 0.9944(5)
C11_32 C 0.1614(4) 0.5004(5) 0.9547(6)
C12_32 C 0.1428(4) 0.5492(5) 0.9503(5)
O1_33 O 0.3623(3) 0.5063(3) 0.7315(3)
O4_33 O 0.3708(3) 0.5655(3) 0.5862(3)
O5_33 O 0.3569(4) 0.6057(3) 0.6863(4)
O6_33 O 0.4150(4) 0.6481(4) 0.7045(4)
O7_33 O 0.4252(4) 0.5796(4) 0.6779(4)
N1_33 N 0.3325(4) 0.4485(4) 0.6687(4)
N2_33 N 0.3384(3) 0.4809(4) 0.5873(4)
N3_33 N 0.3995(5) 0.6119(5) 0.6890(4)
C1_33 C 0.3478(4) 0.4686(5) 0.7464(5)
C2_33 C 0.3306(4) 0.4350(5) 0.7129(5)
C3_33 C 0.3119(5) 0.3926(4) 0.7255(5)
H1_33 H 0.3095 0.3843 0.7569
C4_33 C 0.2969(5) 0.3627(6) 0.6911(5)
H2_33 H 0.2848 0.3334 0.6982
C5_33 C 0.3003(5) 0.3772(5) 0.6478(4)
H3_33 H 0.2901 0.3576 0.6238
C6_33 C 0.3179(5) 0.4196(4) 0.6366(5)
C7_33 C 0.3203(5) 0.4382(5) 0.5903(5)
C8_33 C 0.3046(5) 0.4154(5) 0.5512(5)
H4_33 H 0.2943 0.3846 0.5532
C9_33 C 0.3040(7) 0.4375(6) 0.5102(7)
H5_23 H 0.2916 0.4224 0.4842
C10_33 C 0.3208(7) 0.4803(7) 0.5056(5)
H6_23 H 0.3205 0.4959 0.4771
C11_33 C 0.3386(4) 0.5004(5) 0.5453(6)
C12_33 C 0.3572(4) 0.5492(5) 0.5497(5)
O1_34 O 0.9937(3) 0.7315(3) 0.1377(3)
O4_34 O 0.9345(3) 0.5862(3) 0.1292(3)
O5_34 O 0.8943(3) 0.6863(4) 0.1431(4)
O6_34 O 0.8519(4) 0.7045(4) 0.0850(4)
O7_34 O 0.9204(4) 0.6779(4) 0.0748(4)
N3_34 N 0.8881(5) 0.6890(4) 0.1005(5)
C11_34 C 0.9996(5) 0.5453(6) 0.1614(4)
C12_34 C 0.9508(5) 0.5497(5) 0.1428(4)
N1_34 N 0.0515(4) 0.8313(4) 0.3325(4)
N2_34 N 0.0191(4) 0.9127(4) 0.3384(3)
C1_34 C 0.0314(5) 0.7536(5) 0.3478(4)
C2_34 C 0.0650(5) 0.7871(5) 0.3306(4)
C3_34 C 0.1074(4) 0.7745(5) 0.3119(5)
H1_34 H 0.1157 0.7431 0.3095
C4_34 C 0.1373(6) 0.8089(5) 0.2969(5)
H2_34 H 0.1666 0.8018 0.2848
C5_34 C 0.1228(5) 0.8522(4) 0.3003(5)
H3_34 H 0.1424 0.8762 0.2901
C6_34 C 0.0804(4) 0.8634(5) 0.3179(5)
C7_34 C 0.0618(5) 0.9097(5) 0.3203(5)
C8_34 C 0.0846(5) 0.9488(5) 0.3046(5)
H4_34 H 0.1154 0.9468 0.2943
C9_34 C 0.0625(6) 0.9898(7) 0.3040(7)
C10_34 C 0.0197(7) 0.9944(5) 0.3208(7)
O1_35 O 0.5063(3) 0.7315(3) 0.3623(3)
O4_35 O 0.5655(3) 0.5862(3) 0.3708(3)
O5_35 O 0.6057(3) 0.6863(4) 0.3569(4)
O6_35 O 0.6481(4) 0.7045(4) 0.4150(4)
O7_35 O 0.5796(4) 0.6779(4) 0.4252(4)
N1_35 N 0.4485(4) 0.6687(4) 0.3325(4)
N2_35 N 0.4809(4) 0.5873(4) 0.3384(3)
N3_35 N 0.6119(5) 0.6890(4) 0.3995(5)
C1_35 C 0.4686(5) 0.7464(5) 0.3478(4)
C2_35 C 0.4350(5) 0.7129(5) 0.3306(4)
C3_35 C 0.3926(4) 0.7255(5) 0.3119(5)
H1_35 H 0.3843 0.7569 0.3095
C4_35 C 0.3627(6) 0.6911(5) 0.2969(5)
H2_35 H 0.3334 0.6982 0.2848
C5_35 C 0.3772(5) 0.6478(4) 0.3003(5)
H3_35 H 0.3576 0.6238 0.2901
C6_35 C 0.4196(4) 0.6366(5) 0.3179(5)
C7_35 C 0.4382(5) 0.5903(5) 0.3203(5)
C8_35 C 0.4154(5) 0.5512(5) 0.3046(5)
H4_35 H 0.3846 0.5532 0.2943
C9_35 C 0.4375(6) 0.5102(7) 0.3040(7)
H5_24 H 0.4224 0.4842 0.2916
C10_35 C 0.4803(7) 0.5056(5) 0.3208(7)
H6_24 H 0.4959 0.4771 0.3205
C11_35 C 0.5004(5) 0.5453(6) 0.3386(4)
C12_35 C 0.5492(5) 0.5497(5) 0.3572(4)
O1_36 O 0.5063(3) 0.7685(3) 0.1377(3)
O4_36 O 0.5655(3) 0.9138(3) 0.1292(3)
O5_36 O 0.6057(3) 0.8137(4) 0.1431(4)
O6_36 O 0.6481(4) 0.7955(4) 0.0850(4)
O7_36 O 0.5796(4) 0.8221(4) 0.0748(4)
N1_36 N 0.4485(4) 0.8313(4) 0.1675(4)
N2_36 N 0.4809(4) 0.9127(4) 0.1616(3)
N3_36 N 0.6119(5) 0.8110(4) 0.1005(5)
C1_36 C 0.4686(5) 0.7536(5) 0.1522(4)
C2_36 C 0.4350(5) 0.7871(5) 0.1694(4)
C3_36 C 0.3926(4) 0.7745(5) 0.1881(5)
H1_36 H 0.3843 0.7431 0.1905
C4_36 C 0.3627(6) 0.8089(5) 0.2031(5)
H2_36 H 0.3334 0.8018 0.2152
C5_36 C 0.3772(5) 0.8522(4) 0.1997(5)
H3_36 H 0.3576 0.8762 0.2099
C6_36 C 0.4196(4) 0.8634(5) 0.1821(5)
C7_36 C 0.4382(5) 0.9097(5) 0.1797(5)
C8_36 C 0.4154(5) 0.9488(5) 0.1954(5)
H4_36 H 0.3846 0.9468 0.2057
C9_36 C 0.4375(6) 0.9898(7) 0.1960(7)
C10_36 C 0.4803(7) 0.9944(5) 0.1792(7)
C11_36 C 0.5004(5) 0.9547(6) 0.1614(4)
C12_36 C 0.5492(5) 0.9503(5) 0.1428(4)
Tb1_19 Tb 0.86349(2) 0.15438(2) 0.02726(2)
O1_37 O 0.8623(3) 0.2315(3) 0.0063(3)
O3_19 O 0.8574(3) 0.0117(3) 0.0705(3)
O4_37 O 0.8708(3) 0.0862(3) 0.0655(3)
O5_37 O 0.8569(4) 0.1863(4) 0.1057(3)
O6_37 O 0.9150(4) 0.2045(4) 0.1481(4)
O7_37 O 0.9252(4) 0.1779(4) 0.0796(4)
N3_37 N 0.8995(5) 0.1890(4) 0.1119(5)
C11_37 C 0.8386(4) 0.0453(6) 0.0004(5)
C12_37 C 0.8572(4) 0.0497(5) 0.0492(5)
O8_19 O 0.7876(3) 0.1548(4) 0.0416(3)
Tb1_20 Tb 0.63651(2) 0.02726(2) 0.15438(2)
O1_38 O 0.6377(3) 0.0063(3) 0.2315(3)
O3_20 O 0.6426(3) 0.0705(3) 0.0117(3)
O4_38 O 0.6292(3) 0.0655(3) 0.0862(3)
O5_38 O 0.6431(4) 0.1057(3) 0.1863(4)
O6_38 O 0.5850(4) 0.1481(4) 0.2045(4)
O7_38 O 0.5748(4) 0.0796(4) 0.1779(4)
N3_38 N 0.6005(5) 0.1119(5) 0.1890(4)
C11_38 C 0.6614(4) 0.0004(5) 0.0453(6)
C12_38 C 0.6428(4) 0.0492(5) 0.0497(5)
O8_20 O 0.7124(3) 0.0416(3) 0.1548(4)
N1_37 N 0.8313(4) 0.0515(4) 0.1675(4)
N2_37 N 0.9127(4) 0.0191(4) 0.1616(3)
C1_37 C 0.7536(5) 0.0314(5) 0.1522(4)
C2_37 C 0.7871(5) 0.0650(5) 0.1694(4)
C3_37 C 0.7745(5) 0.1074(4) 0.1881(5)
H1_37 H 0.7431 0.1157 0.1905
C4_37 C 0.8089(5) 0.1373(6) 0.2031(5)
H2_37 H 0.8018 0.1666 0.2152
C5_37 C 0.8522(4) 0.1228(5) 0.1997(5)
H3_37 H 0.8762 0.1424 0.2099
C6_37 C 0.8634(5) 0.0804(4) 0.1821(5)
C7_37 C 0.9097(5) 0.0618(5) 0.1797(5)
C8_37 C 0.9488(5) 0.0846(5) 0.1954(5)
