
###############################################################################
#
# This file contains modified crystal structure data generated from the
# MOF subset of the Cambridge Structural Database (CSD) v543 
# hosted by the Cambridge Crystallographic Data Centre (CCDC).
#
# This work is licensed under the Creative Commons
# Attribution-NonCommercial-ShareAlike 4.0 International License.
# To view a copy of this license, visit
# http://creativecommons.org/licenses/by-nc-sa/4.0/
# or send a letter to
# Creative Commons, PO Box 1866, Mountain View, CA 94042, USA.
#
# CIF created using the CSD Python API on 29 September 2022
# The structure has been converted into the P1 space group
# The structure has a 3D framework
# The original CSD entry UKIBUN is in the cubic crystal system
# The framework has been calculated to contain at least 10.0% void space
# The void calculation uses a probe of radius 1.32A, grid spacing 0.4
#
###############################################################################

data_UKIBUN
_chemical_formula_moiety         '(C1152 H576 Hf32 O215)n'
_symmetry_cell_setting           triclinic
_symmetry_space_group_name_H-M   'P 1'
_symmetry_Int_Tables_number      1
_space_group_name_Hall           'P 1'
loop_
_symmetry_equiv_pos_site_id
_symmetry_equiv_pos_as_xyz
1 x,y,z
_cell_length_a                   39.806(5)
_cell_length_b                   39.806(5)
_cell_length_c                   39.806(5)
_cell_angle_alpha                90
_cell_angle_beta                 90
_cell_angle_gamma                90
_cell_volume                     63073.3
loop_
_atom_site_label
_atom_site_type_symbol
_atom_site_fract_x
_atom_site_fract_y
_atom_site_fract_z
Hf1 Hf 0.3750 0.3750 0.81322(2)
O1 O 0.3742(2) 0.42318(19) 0.78567(19)
O2 O 0.3470(4) 0.4030(4) 0.8470(4)
O3 O 0.4087(3) 0.4087(3) 0.8413(3)
C1 C 0.3700(4) 0.4530(3) 0.7970(3)
C2 C 0.3674(4) 0.4798(3) 0.7702(3)
C3 C 0.3639(4) 0.4703(4) 0.7360(3)
H1 H 0.3646 0.4478 0.7299
C4 C 0.3595(5) 0.4948(4) 0.7117(4)
H2 H 0.3578 0.4888 0.6892
C5 C 0.3576(8) 0.5288(4) 0.7212(4)
C6 C 0.3508(7) 0.5537(4) 0.6963(4)
C7 C 0.3439(7) 0.5750(4) 0.6750(4)
C8 C 0.3414(8) 0.5999(4) 0.6501(4)
C9 C 0.3405(5) 0.5918(4) 0.6162(4)
H3 H 0.3399 0.5694 0.6098
O4 O 0.3742(2) 0.78567(19) 0.42318(19)
C10 C 0.3700(4) 0.7970(3) 0.4530(3)
C11 C 0.3674(4) 0.7702(3) 0.4798(3)
C12 C 0.3639(4) 0.7360(3) 0.4703(4)
H4 H 0.3646 0.7299 0.4478
C13 C 0.3595(5) 0.7117(4) 0.4948(4)
H5 H 0.3578 0.6892 0.4888
C14 C 0.3576(8) 0.7212(4) 0.5288(4)
C15 C 0.3508(7) 0.6963(4) 0.5537(4)
C16 C 0.3439(7) 0.6750(4) 0.5750(4)
C17 C 0.3414(8) 0.6501(4) 0.5999(4)
C18 C 0.3405(5) 0.6162(4) 0.5918(4)
H6 H 0.3399 0.6098 0.5694
O5 O 0.3742(2) 0.46433(19) 0.82682(19)
C19 C 0.3639(4) 0.5140(3) 0.7797(4)
H7 H 0.3646 0.5201 0.8022
C20 C 0.3595(5) 0.5383(4) 0.7552(4)
H8 H 0.3578 0.5608 0.7612
C21 C 0.3405(5) 0.6338(4) 0.6582(4)
H9 H 0.3399 0.6402 0.6806
O6 O 0.3742(2) 0.82682(19) 0.46433(19)
C22 C 0.3639(4) 0.7797(4) 0.5140(3)
H10 H 0.3646 0.8022 0.5201
C23 C 0.3595(5) 0.7552(4) 0.5383(4)
H11 H 0.3578 0.7612 0.5608
C24 C 0.3405(5) 0.6582(4) 0.6338(4)
H12 H 0.3399 0.6806 0.6402
O7 O 0.3470(4) 0.8470(4) 0.4030(4)
O8 O 0.4087(3) 0.8413(3) 0.4087(3)
Hf2 Hf 0.81322(2) 0.3750 0.3750
O9 O 0.78567(19) 0.3742(2) 0.42318(19)
C25 C 0.7970(3) 0.3700(4) 0.4530(3)
C26 C 0.7702(3) 0.3674(4) 0.4798(3)
C27 C 0.7360(3) 0.3639(4) 0.4703(4)
H13 H 0.7299 0.3646 0.4478
C28 C 0.7117(4) 0.3595(5) 0.4948(4)
H14 H 0.6892 0.3578 0.4888
C29 C 0.7212(4) 0.3576(8) 0.5288(4)
C30 C 0.6963(4) 0.3508(7) 0.5537(4)
C31 C 0.6750(4) 0.3439(7) 0.5750(4)
C32 C 0.6501(4) 0.3414(8) 0.5999(4)
C33 C 0.6162(4) 0.3405(5) 0.5918(4)
H15 H 0.6098 0.3399 0.5694
O10 O 0.42318(19) 0.3742(2) 0.78567(19)
C34 C 0.4530(3) 0.3700(4) 0.7970(3)
C35 C 0.4798(3) 0.3674(4) 0.7702(3)
C36 C 0.4703(4) 0.3639(4) 0.7360(3)
H16 H 0.4478 0.3646 0.7299
C37 C 0.4948(4) 0.3595(5) 0.7117(4)
H17 H 0.4888 0.3578 0.6892
C38 C 0.5288(4) 0.3576(8) 0.7212(4)
C39 C 0.5537(4) 0.3508(7) 0.6963(4)
C40 C 0.5750(4) 0.3439(7) 0.6750(4)
C41 C 0.5999(4) 0.3414(8) 0.6501(4)
C42 C 0.5918(4) 0.3405(5) 0.6162(4)
H18 H 0.5694 0.3399 0.6098
O11 O 0.82682(19) 0.3742(2) 0.46433(19)
C43 C 0.7797(4) 0.3639(4) 0.5140(3)
H19 H 0.8022 0.3646 0.5201
C44 C 0.7552(4) 0.3595(5) 0.5383(4)
H20 H 0.7612 0.3578 0.5608
C45 C 0.6582(4) 0.3405(5) 0.6338(4)
H21 H 0.6806 0.3399 0.6402
O12 O 0.46433(19) 0.3742(2) 0.82682(19)
C46 C 0.5140(3) 0.3639(4) 0.7797(4)
H22 H 0.5201 0.3646 0.8022
C47 C 0.5383(4) 0.3595(5) 0.7552(4)
H23 H 0.5608 0.3578 0.7612
C48 C 0.6338(4) 0.3405(5) 0.6582(4)
H24 H 0.6402 0.3399 0.6806
Hf3 Hf 0.3750 0.81322(2) 0.3750
O13 O 0.42318(19) 0.78567(19) 0.3742(2)
C49 C 0.4530(3) 0.7970(3) 0.3700(4)
C50 C 0.4798(3) 0.7702(3) 0.3674(4)
C51 C 0.4703(4) 0.7360(3) 0.3639(4)
H25 H 0.4478 0.7299 0.3646
C52 C 0.4948(4) 0.7117(4) 0.3595(5)
H26 H 0.4888 0.6892 0.3578
C53 C 0.5288(4) 0.7212(4) 0.3576(8)
C54 C 0.5537(4) 0.6963(4) 0.3508(7)
C55 C 0.5750(4) 0.6750(4) 0.3439(7)
C56 C 0.5999(4) 0.6501(4) 0.3414(8)
C57 C 0.5918(4) 0.6162(4) 0.3405(5)
H27 H 0.5694 0.6098 0.3399
O14 O 0.78567(19) 0.42318(19) 0.3742(2)
C58 C 0.7970(3) 0.4530(3) 0.3700(4)
C59 C 0.7702(3) 0.4798(3) 0.3674(4)
C60 C 0.7360(3) 0.4703(4) 0.3639(4)
H28 H 0.7299 0.4478 0.3646
C61 C 0.7117(4) 0.4948(4) 0.3595(5)
H29 H 0.6892 0.4888 0.3578
C62 C 0.7212(4) 0.5288(4) 0.3576(8)
C63 C 0.6963(4) 0.5537(4) 0.3508(7)
C64 C 0.6750(4) 0.5750(4) 0.3439(7)
C65 C 0.6501(4) 0.5999(4) 0.3414(8)
C66 C 0.6162(4) 0.5918(4) 0.3405(5)
H30 H 0.6098 0.5694 0.3399
O15 O 0.46433(19) 0.82682(19) 0.3742(2)
C67 C 0.5140(3) 0.7797(4) 0.3639(4)
H31 H 0.5201 0.8022 0.3646
C68 C 0.5383(4) 0.7552(4) 0.3595(5)
H32 H 0.5608 0.7612 0.3578
C69 C 0.6338(4) 0.6582(4) 0.3405(5)
H33 H 0.6402 0.6806 0.3399
O16 O 0.82682(19) 0.46433(19) 0.3742(2)
C70 C 0.7797(4) 0.5140(3) 0.3639(4)
H34 H 0.8022 0.5201 0.3646
C71 C 0.7552(4) 0.5383(4) 0.3595(5)
H35 H 0.7612 0.5608 0.3578
C72 C 0.6582(4) 0.6338(4) 0.3405(5)
H36 H 0.6806 0.6402 0.3399
Hf4 Hf 0.3750 0.8750 0.43678(2)
Hf5 Hf 0.8750 0.3750 0.43678(2)
Hf6 Hf 0.8750 0.43678(2) 0.3750
Hf7 Hf 0.43678(2) 0.8750 0.3750
Hf8 Hf 0.43678(2) 0.3750 0.8750
Hf9 Hf 0.3750 0.43678(2) 0.8750
Hf10 Hf 0.31322(2) 0.3750 0.8750
Hf11 Hf 0.31322(2) 0.8750 0.3750
O17 O 0.78567(19) 0.3758(2) 0.32682(19)
O18 O 0.32682(19) 0.78567(19) 0.3758(2)
O19 O 0.3758(2) 0.32682(19) 0.78567(19)
O20 O 0.3758(2) 0.78567(19) 0.32682(19)
O21 O 0.78567(19) 0.32682(19) 0.3758(2)
O22 O 0.32682(19) 0.3758(2) 0.78567(19)
O23 O 0.8470(4) 0.3470(4) 0.4030(4)
O24 O 0.4030(4) 0.8470(4) 0.3470(4)
O25 O 0.8470(4) 0.4030(4) 0.3470(4)
O26 O 0.4030(4) 0.3470(4) 0.8470(4)
O27 O 0.8413(3) 0.4087(3) 0.4087(3)
O28 O 0.8413(3) 0.3413(3) 0.3413(3)
O29 O 0.3413(3) 0.8413(3) 0.3413(3)
O30 O 0.3413(3) 0.3413(3) 0.8413(3)
Hf1_2 Hf 0.8750 0.8750 0.81322(2)
O1_2 O 0.8758(2) 0.82682(19) 0.78567(19)
O2_2 O 0.9030(4) 0.8470(4) 0.8470(4)
O3_2 O 0.8413(3) 0.8413(3) 0.8413(3)
C1_2 C 0.8800(4) 0.7970(3) 0.7970(3)
C2_2 C 0.8826(4) 0.7702(3) 0.7702(3)
C3_2 C 0.8861(4) 0.7797(4) 0.7360(3)
H1_2 H 0.8854 0.8022 0.7299
C4_2 C 0.8905(5) 0.7552(4) 0.7117(4)
H2_2 H 0.8922 0.7612 0.6892
C5_2 C 0.8924(8) 0.7212(4) 0.7212(4)
C6_2 C 0.8992(7) 0.6963(4) 0.6963(4)
C7_2 C 0.9061(7) 0.6750(4) 0.6750(4)
C8_2 C 0.9086(8) 0.6501(4) 0.6501(4)
C9_2 C 0.9095(5) 0.6582(4) 0.6162(4)
H3_2 H 0.9101 0.6806 0.6098
O4_2 O 0.8758(2) 0.46433(19) 0.42318(19)
C10_2 C 0.8800(4) 0.4530(3) 0.4530(3)
C11_2 C 0.8826(4) 0.4798(3) 0.4798(3)
C12_2 C 0.8861(4) 0.5140(3) 0.4703(4)
H4_2 H 0.8854 0.5201 0.4478
C13_2 C 0.8905(5) 0.5383(4) 0.4948(4)
H5_2 H 0.8922 0.5608 0.4888
C14_2 C 0.8924(8) 0.5288(4) 0.5288(4)
C15_2 C 0.8992(7) 0.5537(4) 0.5537(4)
C16_2 C 0.9061(7) 0.5750(4) 0.5750(4)
C17_2 C 0.9086(8) 0.5999(4) 0.5999(4)
C18_2 C 0.9095(5) 0.6338(4) 0.5918(4)
H6_2 H 0.9101 0.6402 0.5694
O5_2 O 0.8758(2) 0.78567(19) 0.82682(19)
C19_2 C 0.8861(4) 0.7360(3) 0.7797(4)
H7_2 H 0.8854 0.7299 0.8022
C20_2 C 0.8905(5) 0.7117(4) 0.7552(4)
H8_2 H 0.8922 0.6892 0.7612
C21_2 C 0.9095(5) 0.6162(4) 0.6582(4)
H9_2 H 0.9101 0.6098 0.6806
O6_2 O 0.8758(2) 0.42318(19) 0.46433(19)
C22_2 C 0.8861(4) 0.4703(4) 0.5140(3)
H10_2 H 0.8854 0.4478 0.5201
C23_2 C 0.8905(5) 0.4948(4) 0.5383(4)
H11_2 H 0.8922 0.4888 0.5608
C24_2 C 0.9095(5) 0.5918(4) 0.6338(4)
H12_2 H 0.9101 0.5694 0.6402
O7_2 O 0.9030(4) 0.4030(4) 0.4030(4)
O9_2 O 0.46433(19) 0.8758(2) 0.42318(19)
C25_2 C 0.4530(3) 0.8800(4) 0.4530(3)
C26_2 C 0.4798(3) 0.8826(4) 0.4798(3)
C27_2 C 0.5140(3) 0.8861(4) 0.4703(4)
H13_2 H 0.5201 0.8854 0.4478
C28_2 C 0.5383(4) 0.8905(5) 0.4948(4)
H14_2 H 0.5608 0.8922 0.4888
C29_2 C 0.5288(4) 0.8924(8) 0.5288(4)
C30_2 C 0.5537(4) 0.8992(7) 0.5537(4)
C31_2 C 0.5750(4) 0.9061(7) 0.5750(4)
C32_2 C 0.5999(4) 0.9086(8) 0.5999(4)
C33_2 C 0.6338(4) 0.9095(5) 0.5918(4)
H15_2 H 0.6402 0.9101 0.5694
O10_2 O 0.82682(19) 0.8758(2) 0.78567(19)
C34_2 C 0.7970(3) 0.8800(4) 0.7970(3)
C35_2 C 0.7702(3) 0.8826(4) 0.7702(3)
C36_2 C 0.7797(4) 0.8861(4) 0.7360(3)
H16_2 H 0.8022 0.8854 0.7299
C37_2 C 0.7552(4) 0.8905(5) 0.7117(4)
H17_2 H 0.7612 0.8922 0.6892
C38_2 C 0.7212(4) 0.8924(8) 0.7212(4)
C39_2 C 0.6963(4) 0.8992(7) 0.6963(4)
C40_2 C 0.6750(4) 0.9061(7) 0.6750(4)
C41_2 C 0.6501(4) 0.9086(8) 0.6501(4)
C42_2 C 0.6582(4) 0.9095(5) 0.6162(4)
H18_2 H 0.6806 0.9101 0.6098
O11_2 O 0.42318(19) 0.8758(2) 0.46433(19)
C43_2 C 0.4703(4) 0.8861(4) 0.5140(3)
H19_2 H 0.4478 0.8854 0.5201
C44_2 C 0.4948(4) 0.8905(5) 0.5383(4)
H20_2 H 0.4888 0.8922 0.5608
C45_2 C 0.5918(4) 0.9095(5) 0.6338(4)
H21_2 H 0.5694 0.9101 0.6402
O12_2 O 0.78567(19) 0.8758(2) 0.82682(19)
C46_2 C 0.7360(3) 0.8861(4) 0.7797(4)
H22_2 H 0.7299 0.8854 0.8022
C47_2 C 0.7117(4) 0.8905(5) 0.7552(4)
H23_2 H 0.6892 0.8922 0.7612
C48_2 C 0.6162(4) 0.9095(5) 0.6582(4)
H24_2 H 0.6098 0.9101 0.6806
Hf8_2 Hf 0.81322(2) 0.8750 0.8750
Hf9_2 Hf 0.8750 0.81322(2) 0.8750
Hf10_2 Hf 0.93678(2) 0.8750 0.8750
Hf11_2 Hf 0.93678(2) 0.3750 0.3750
O17_2 O 0.46433(19) 0.8742(2) 0.32682(19)
O18_2 O 0.92318(19) 0.46433(19) 0.3758(2)
O19_2 O 0.8742(2) 0.92318(19) 0.78567(19)
O20_2 O 0.8742(2) 0.46433(19) 0.32682(19)
O21_2 O 0.46433(19) 0.92318(19) 0.3758(2)
O22_2 O 0.92318(19) 0.8742(2) 0.78567(19)
O23_2 O 0.4030(4) 0.9030(4) 0.4030(4)
O26_2 O 0.8470(4) 0.9030(4) 0.8470(4)
O28_2 O 0.4087(3) 0.9087(3) 0.3413(3)
O29_2 O 0.9087(3) 0.4087(3) 0.3413(3)
O30_2 O 0.9087(3) 0.9087(3) 0.8413(3)
O13_2 O 0.42318(19) 0.46433(19) 0.8758(2)
C49_2 C 0.4530(3) 0.4530(3) 0.8800(4)
C50_2 C 0.4798(3) 0.4798(3) 0.8826(4)
C51_2 C 0.4703(4) 0.5140(3) 0.8861(4)
H25_2 H 0.4478 0.5201 0.8854
C52_2 C 0.4948(4) 0.5383(4) 0.8905(5)
H26_2 H 0.4888 0.5608 0.8922
C53_2 C 0.5288(4) 0.5288(4) 0.8924(8)
C54_2 C 0.5537(4) 0.5537(4) 0.8992(7)
C55_2 C 0.5750(4) 0.5750(4) 0.9061(7)
C56_2 C 0.5999(4) 0.5999(4) 0.9086(8)
C57_2 C 0.5918(4) 0.6338(4) 0.9095(5)
H27_2 H 0.5694 0.6402 0.9101
O14_2 O 0.78567(19) 0.82682(19) 0.8758(2)
C58_2 C 0.7970(3) 0.7970(3) 0.8800(4)
C59_2 C 0.7702(3) 0.7702(3) 0.8826(4)
C60_2 C 0.7360(3) 0.7797(4) 0.8861(4)
H28_2 H 0.7299 0.8022 0.8854
C61_2 C 0.7117(4) 0.7552(4) 0.8905(5)
H29_2 H 0.6892 0.7612 0.8922
C62_2 C 0.7212(4) 0.7212(4) 0.8924(8)
C63_2 C 0.6963(4) 0.6963(4) 0.8992(7)
C64_2 C 0.6750(4) 0.6750(4) 0.9061(7)
C65_2 C 0.6501(4) 0.6501(4) 0.9086(8)
C66_2 C 0.6162(4) 0.6582(4) 0.9095(5)
H30_2 H 0.6098 0.6806 0.9101
O15_2 O 0.46433(19) 0.42318(19) 0.8758(2)
C67_2 C 0.5140(3) 0.4703(4) 0.8861(4)
H31_2 H 0.5201 0.4478 0.8854
C68_2 C 0.5383(4) 0.4948(4) 0.8905(5)
H32_2 H 0.5608 0.4888 0.8922
C69_2 C 0.6338(4) 0.5918(4) 0.9095(5)
H33_2 H 0.6402 0.5694 0.9101
O16_2 O 0.82682(19) 0.78567(19) 0.8758(2)
C70_2 C 0.7797(4) 0.7360(3) 0.8861(4)
H34_2 H 0.8022 0.7299 0.8854
C71_2 C 0.7552(4) 0.7117(4) 0.8905(5)
H35_2 H 0.7612 0.6892 0.8922
C72_2 C 0.6582(4) 0.6162(4) 0.9095(5)
H36_2 H 0.6806 0.6098 0.9101
O17_3 O 0.78567(19) 0.8742(2) 0.92318(19)
O18_3 O 0.32682(19) 0.46433(19) 0.8742(2)
O19_3 O 0.3758(2) 0.92318(19) 0.46433(19)
O20_3 O 0.3758(2) 0.46433(19) 0.92318(19)
O21_3 O 0.78567(19) 0.92318(19) 0.8742(2)
O22_3 O 0.32682(19) 0.8742(2) 0.46433(19)
O24_2 O 0.4030(4) 0.4030(4) 0.9030(4)
O25_2 O 0.8470(4) 0.8470(4) 0.9030(4)
O28_3 O 0.8413(3) 0.9087(3) 0.9087(3)
O29_3 O 0.3413(3) 0.4087(3) 0.9087(3)
O30_3 O 0.3413(3) 0.9087(3) 0.4087(3)
O17_4 O 0.46433(19) 0.3758(2) 0.92318(19)
O18_4 O 0.92318(19) 0.78567(19) 0.8742(2)
O19_4 O 0.8742(2) 0.32682(19) 0.46433(19)
O20_4 O 0.8742(2) 0.78567(19) 0.92318(19)
O21_4 O 0.46433(19) 0.32682(19) 0.8742(2)
O22_4 O 0.92318(19) 0.3758(2) 0.46433(19)
O28_4 O 0.4087(3) 0.3413(3) 0.9087(3)
O29_4 O 0.9087(3) 0.8413(3) 0.9087(3)
O30_4 O 0.9087(3) 0.3413(3) 0.4087(3)
Hf10_3 Hf 0.8750 0.31322(2) 0.3750
Hf11_3 Hf 0.3750 0.31322(2) 0.8750
Hf10_4 Hf 0.3750 0.8750 0.31322(2)
Hf11_4 Hf 0.8750 0.3750 0.31322(2)
Hf10_5 Hf 0.8750 0.93678(2) 0.8750
Hf11_5 Hf 0.3750 0.93678(2) 0.3750
Hf10_6 Hf 0.8750 0.8750 0.93678(2)
Hf11_6 Hf 0.3750 0.3750 0.93678(2)
C5_3 C 0.3576(8) 0.0288(4) 0.2212(4)
C6_3 C 0.3508(7) 0.0537(4) 0.1963(4)
C7_3 C 0.3439(7) 0.0750(4) 0.1750(4)
C8_3 C 0.3414(8) 0.0999(4) 0.1501(4)
C9_3 C 0.3405(5) 0.0918(4) 0.1162(4)
H3_3 H 0.3399 0.0694 0.1098
C14_3 C 0.3576(8) 0.2212(4) 0.0288(4)
C15_3 C 0.3508(7) 0.1963(4) 0.0537(4)
C16_3 C 0.3439(7) 0.1750(4) 0.0750(4)
C17_3 C 0.3414(8) 0.1501(4) 0.0999(4)
C18_3 C 0.3405(5) 0.1162(4) 0.0918(4)
H6_3 H 0.3399 0.1098 0.0694
C19_3 C 0.3639(4) 0.0140(3) 0.2797(4)
H7_3 H 0.3646 0.0201 0.3022
C20_3 C 0.3595(5) 0.0383(4) 0.2552(4)
H8_3 H 0.3578 0.0608 0.2612
C21_3 C 0.3405(5) 0.1338(4) 0.1582(4)
H9_3 H 0.3399 0.1402 0.1806
C22_3 C 0.3639(4) 0.2797(4) 0.0140(3)
H10_3 H 0.3646 0.3022 0.0201
C23_3 C 0.3595(5) 0.2552(4) 0.0383(4)
H11_3 H 0.3578 0.2612 0.0608
C24_3 C 0.3405(5) 0.1582(4) 0.1338(4)
H12_3 H 0.3399 0.1806 0.1402
O4_3 O 0.3742(2) 0.28567(19) 0.92318(19)
C10_3 C 0.3700(4) 0.2970(3) 0.9530(3)
C11_3 C 0.3674(4) 0.2702(3) 0.9798(3)
C12_3 C 0.3639(4) 0.2360(3) 0.9703(4)
H4_3 H 0.3646 0.2299 0.9478
C13_3 C 0.3595(5) 0.2117(4) 0.9948(4)
H5_3 H 0.3578 0.1892 0.9888
O6_3 O 0.3742(2) 0.32682(19) 0.96433(19)
O7_3 O 0.3470(4) 0.3470(4) 0.9030(4)
O13_3 O 0.42318(19) 0.28567(19) 0.8742(2)
C49_3 C 0.4530(3) 0.2970(3) 0.8700(4)
C50_3 C 0.4798(3) 0.2702(3) 0.8674(4)
C51_3 C 0.4703(4) 0.2360(3) 0.8639(4)
H25_3 H 0.4478 0.2299 0.8646
C52_3 C 0.4948(4) 0.2117(4) 0.8595(5)
H26_3 H 0.4888 0.1892 0.8578
C53_3 C 0.5288(4) 0.2212(4) 0.8576(8)
C54_3 C 0.5537(4) 0.1963(4) 0.8508(7)
C55_3 C 0.5750(4) 0.1750(4) 0.8439(7)
C56_3 C 0.5999(4) 0.1501(4) 0.8414(8)
C57_3 C 0.5918(4) 0.1162(4) 0.8405(5)
H27_3 H 0.5694 0.1098 0.8399
C62_3 C 0.7212(4) 0.0288(4) 0.8576(8)
C63_3 C 0.6963(4) 0.0537(4) 0.8508(7)
C64_3 C 0.6750(4) 0.0750(4) 0.8439(7)
C65_3 C 0.6501(4) 0.0999(4) 0.8414(8)
C66_3 C 0.6162(4) 0.0918(4) 0.8405(5)
H30_3 H 0.6098 0.0694 0.8399
C67_3 C 0.5140(3) 0.2797(4) 0.8639(4)
H31_3 H 0.5201 0.3022 0.8646
C68_3 C 0.5383(4) 0.2552(4) 0.8595(5)
H32_3 H 0.5608 0.2612 0.8578
C69_3 C 0.6338(4) 0.1582(4) 0.8405(5)
H33_3 H 0.6402 0.1806 0.8399
C70_3 C 0.7797(4) 0.0140(3) 0.8639(4)
H34_3 H 0.8022 0.0201 0.8646
C71_3 C 0.7552(4) 0.0383(4) 0.8595(5)
H35_3 H 0.7612 0.0608 0.8578
C72_3 C 0.6582(4) 0.1338(4) 0.8405(5)
H36_3 H 0.6806 0.1402 0.8399
O18_5 O 0.32682(19) 0.28567(19) 0.8758(2)
O20_5 O 0.3758(2) 0.28567(19) 0.82682(19)
O1_3 O 0.3742(2) 0.92318(19) 0.28567(19)
O2_3 O 0.3470(4) 0.9030(4) 0.3470(4)
C1_3 C 0.3700(4) 0.9530(3) 0.2970(3)
C2_3 C 0.3674(4) 0.9798(3) 0.2702(3)
C3_3 C 0.3639(4) 0.9703(4) 0.2360(3)
H1_3 H 0.3646 0.9478 0.2299
C4_3 C 0.3595(5) 0.9948(4) 0.2117(4)
H2_3 H 0.3578 0.9888 0.1892
O5_3 O 0.3742(2) 0.96433(19) 0.32682(19)
C29_3 C 0.7212(4) 0.8576(8) 0.0288(4)
C30_3 C 0.6963(4) 0.8508(7) 0.0537(4)
C31_3 C 0.6750(4) 0.8439(7) 0.0750(4)
C32_3 C 0.6501(4) 0.8414(8) 0.0999(4)
C33_3 C 0.6162(4) 0.8405(5) 0.0918(4)
H15_3 H 0.6098 0.8399 0.0694
O10_3 O 0.42318(19) 0.8742(2) 0.28567(19)
C34_3 C 0.4530(3) 0.8700(4) 0.2970(3)
C35_3 C 0.4798(3) 0.8674(4) 0.2702(3)
C36_3 C 0.4703(4) 0.8639(4) 0.2360(3)
H16_3 H 0.4478 0.8646 0.2299
C37_3 C 0.4948(4) 0.8595(5) 0.2117(4)
H17_3 H 0.4888 0.8578 0.1892
C38_3 C 0.5288(4) 0.8576(8) 0.2212(4)
C39_3 C 0.5537(4) 0.8508(7) 0.1963(4)
C40_3 C 0.5750(4) 0.8439(7) 0.1750(4)
C41_3 C 0.5999(4) 0.8414(8) 0.1501(4)
C42_3 C 0.5918(4) 0.8405(5) 0.1162(4)
H18_3 H 0.5694 0.8399 0.1098
C43_3 C 0.7797(4) 0.8639(4) 0.0140(3)
H19_3 H 0.8022 0.8646 0.0201
C44_3 C 0.7552(4) 0.8595(5) 0.0383(4)
H20_3 H 0.7612 0.8578 0.0608
C45_3 C 0.6582(4) 0.8405(5) 0.1338(4)
H21_3 H 0.6806 0.8399 0.1402
C46_3 C 0.5140(3) 0.8639(4) 0.2797(4)
H22_3 H 0.5201 0.8646 0.3022
C47_3 C 0.5383(4) 0.8595(5) 0.2552(4)
H23_3 H 0.5608 0.8578 0.2612
C48_3 C 0.6338(4) 0.8405(5) 0.1582(4)
H24_3 H 0.6402 0.8399 0.1806
O19_5 O 0.3758(2) 0.82682(19) 0.28567(19)
O22_5 O 0.32682(19) 0.8758(2) 0.28567(19)
C25_3 C 0.7970(3) 0.8700(4) 0.9530(3)
C26_3 C 0.7702(3) 0.8674(4) 0.9798(3)
C27_3 C 0.7360(3) 0.8639(4) 0.9703(4)
H13_3 H 0.7299 0.8646 0.9478
C28_3 C 0.7117(4) 0.8595(5) 0.9948(4)
H14_3 H 0.6892 0.8578 0.9888
O11_3 O 0.82682(19) 0.8742(2) 0.96433(19)
C58_3 C 0.7970(3) 0.9530(3) 0.8700(4)
C59_3 C 0.7702(3) 0.9798(3) 0.8674(4)
C60_3 C 0.7360(3) 0.9703(4) 0.8639(4)
H28_3 H 0.7299 0.9478 0.8646
C61_3 C 0.7117(4) 0.9948(4) 0.8595(5)
H29_3 H 0.6892 0.9888 0.8578
O16_3 O 0.82682(19) 0.96433(19) 0.8742(2)
O1_4 O 0.8758(2) 0.32682(19) 0.28567(19)
O2_4 O 0.9030(4) 0.3470(4) 0.3470(4)
C1_4 C 0.8800(4) 0.2970(3) 0.2970(3)
C2_4 C 0.8826(4) 0.2702(3) 0.2702(3)
C3_4 C 0.8861(4) 0.2797(4) 0.2360(3)
H1_4 H 0.8854 0.3022 0.2299
C4_4 C 0.8905(5) 0.2552(4) 0.2117(4)
H2_4 H 0.8922 0.2612 0.1892
C5_4 C 0.8924(8) 0.2212(4) 0.2212(4)
C6_4 C 0.8992(7) 0.1963(4) 0.1963(4)
C7_4 C 0.9061(7) 0.1750(4) 0.1750(4)
C8_4 C 0.9086(8) 0.1501(4) 0.1501(4)
C9_4 C 0.9095(5) 0.1582(4) 0.1162(4)
H3_4 H 0.9101 0.1806 0.1098
C14_4 C 0.8924(8) 0.0288(4) 0.0288(4)
C15_4 C 0.8992(7) 0.0537(4) 0.0537(4)
C16_4 C 0.9061(7) 0.0750(4) 0.0750(4)
C17_4 C 0.9086(8) 0.0999(4) 0.0999(4)
C18_4 C 0.9095(5) 0.1338(4) 0.0918(4)
H6_4 H 0.9101 0.1402 0.0694
O5_4 O 0.8758(2) 0.28567(19) 0.32682(19)
C19_4 C 0.8861(4) 0.2360(3) 0.2797(4)
H7_4 H 0.8854 0.2299 0.3022
C20_4 C 0.8905(5) 0.2117(4) 0.2552(4)
H8_4 H 0.8922 0.1892 0.2612
C21_4 C 0.9095(5) 0.1162(4) 0.1582(4)
H9_4 H 0.9101 0.1098 0.1806
C24_4 C 0.9095(5) 0.0918(4) 0.1338(4)
H12_4 H 0.9101 0.0694 0.1402
C29_4 C 0.5288(4) 0.3924(8) 0.0288(4)
C30_4 C 0.5537(4) 0.3992(7) 0.0537(4)
C31_4 C 0.5750(4) 0.4061(7) 0.0750(4)
C32_4 C 0.5999(4) 0.4086(8) 0.0999(4)
C33_4 C 0.6338(4) 0.4095(5) 0.0918(4)
H15_4 H 0.6402 0.4101 0.0694
O10_4 O 0.82682(19) 0.3758(2) 0.28567(19)
C34_4 C 0.7970(3) 0.3800(4) 0.2970(3)
C35_4 C 0.7702(3) 0.3826(4) 0.2702(3)
C36_4 C 0.7797(4) 0.3861(4) 0.2360(3)
H16_4 H 0.8022 0.3854 0.2299
C37_4 C 0.7552(4) 0.3905(5) 0.2117(4)
H17_4 H 0.7612 0.3922 0.1892
C38_4 C 0.7212(4) 0.3924(8) 0.2212(4)
C39_4 C 0.6963(4) 0.3992(7) 0.1963(4)
C40_4 C 0.6750(4) 0.4061(7) 0.1750(4)
C41_4 C 0.6501(4) 0.4086(8) 0.1501(4)
C42_4 C 0.6582(4) 0.4095(5) 0.1162(4)
H18_4 H 0.6806 0.4101 0.1098
C43_4 C 0.4703(4) 0.3861(4) 0.0140(3)
H19_4 H 0.4478 0.3854 0.0201
C44_4 C 0.4948(4) 0.3905(5) 0.0383(4)
H20_4 H 0.4888 0.3922 0.0608
C45_4 C 0.5918(4) 0.4095(5) 0.1338(4)
H21_4 H 0.5694 0.4101 0.1402
C46_4 C 0.7360(3) 0.3861(4) 0.2797(4)
H22_4 H 0.7299 0.3854 0.3022
C47_4 C 0.7117(4) 0.3905(5) 0.2552(4)
H23_4 H 0.6892 0.3922 0.2612
C48_4 C 0.6162(4) 0.4095(5) 0.1582(4)
H24_4 H 0.6098 0.4101 0.1806
O19_6 O 0.8742(2) 0.42318(19) 0.28567(19)
O22_6 O 0.92318(19) 0.3742(2) 0.28567(19)
C12_4 C 0.8861(4) 0.0140(3) 0.9703(4)
H4_4 H 0.8854 0.0201 0.9478
C13_4 C 0.8905(5) 0.0383(4) 0.9948(4)
H5_4 H 0.8922 0.0608 0.9888
C25_4 C 0.4530(3) 0.3800(4) 0.9530(3)
C26_4 C 0.4798(3) 0.3826(4) 0.9798(3)
C27_4 C 0.5140(3) 0.3861(4) 0.9703(4)
H13_4 H 0.5201 0.3854 0.9478
C28_4 C 0.5383(4) 0.3905(5) 0.9948(4)
H14_4 H 0.5608 0.3922 0.9888
O11_4 O 0.42318(19) 0.3758(2) 0.96433(19)
C22_4 C 0.8861(4) 0.9703(4) 0.0140(3)
H10_4 H 0.8854 0.9478 0.0201
C23_4 C 0.8905(5) 0.9948(4) 0.0383(4)
H11_4 H 0.8922 0.9888 0.0608
O4_4 O 0.8758(2) 0.96433(19) 0.92318(19)
C10_4 C 0.8800(4) 0.9530(3) 0.9530(3)
C11_4 C 0.8826(4) 0.9798(3) 0.9798(3)
O6_4 O 0.8758(2) 0.92318(19) 0.96433(19)
O7_4 O 0.9030(4) 0.9030(4) 0.9030(4)
O18_6 O 0.92318(19) 0.96433(19) 0.8758(2)
O20_6 O 0.8742(2) 0.96433(19) 0.82682(19)
C51_4 C 0.4703(4) 0.0140(3) 0.3861(4)
H25_4 H 0.4478 0.0201 0.3854
C52_4 C 0.4948(4) 0.0383(4) 0.3905(5)
H26_4 H 0.4888 0.0608 0.3922
C53_4 C 0.5288(4) 0.0288(4) 0.3924(8)
C54_4 C 0.5537(4) 0.0537(4) 0.3992(7)
C55_4 C 0.5750(4) 0.0750(4) 0.4061(7)
C56_4 C 0.5999(4) 0.0999(4) 0.4086(8)
C57_4 C 0.5918(4) 0.1338(4) 0.4095(5)
H27_4 H 0.5694 0.1402 0.4101
C58_4 C 0.7970(3) 0.2970(3) 0.3800(4)
C59_4 C 0.7702(3) 0.2702(3) 0.3826(4)
C60_4 C 0.7360(3) 0.2797(4) 0.3861(4)
H28_4 H 0.7299 0.3022 0.3854
C61_4 C 0.7117(4) 0.2552(4) 0.3905(5)
H29_4 H 0.6892 0.2612 0.3922
C62_4 C 0.7212(4) 0.2212(4) 0.3924(8)
C63_4 C 0.6963(4) 0.1963(4) 0.3992(7)
C64_4 C 0.6750(4) 0.1750(4) 0.4061(7)
C65_4 C 0.6501(4) 0.1501(4) 0.4086(8)
C66_4 C 0.6162(4) 0.1582(4) 0.4095(5)
H30_4 H 0.6098 0.1806 0.4101
C69_4 C 0.6338(4) 0.0918(4) 0.4095(5)
H33_4 H 0.6402 0.0694 0.4101
O16_4 O 0.82682(19) 0.28567(19) 0.3758(2)
C70_4 C 0.7797(4) 0.2360(3) 0.3861(4)
H34_4 H 0.8022 0.2299 0.3854
C71_4 C 0.7552(4) 0.2117(4) 0.3905(5)
H35_4 H 0.7612 0.1892 0.3922
C72_4 C 0.6582(4) 0.1162(4) 0.4095(5)
H36_4 H 0.6806 0.1098 0.4101
O19_7 O 0.3758(2) 0.42318(19) 0.96433(19)
O22_7 O 0.32682(19) 0.3742(2) 0.96433(19)
O13_4 O 0.42318(19) 0.96433(19) 0.3758(2)
C49_4 C 0.4530(3) 0.9530(3) 0.3800(4)
C50_4 C 0.4798(3) 0.9798(3) 0.3826(4)
C67_4 C 0.5140(3) 0.9703(4) 0.3861(4)
H31_4 H 0.5201 0.9478 0.3854
C68_4 C 0.5383(4) 0.9948(4) 0.3905(5)
H32_4 H 0.5608 0.9888 0.3922
O18_7 O 0.32682(19) 0.96433(19) 0.3742(2)
O20_7 O 0.3758(2) 0.96433(19) 0.42318(19)
O18_8 O 0.92318(19) 0.28567(19) 0.3742(2)
O20_8 O 0.8742(2) 0.28567(19) 0.42318(19)
O19_8 O 0.8742(2) 0.82682(19) 0.96433(19)
O22_8 O 0.92318(19) 0.8758(2) 0.96433(19)
C29_5 C 0.2212(4) 0.3576(8) 0.0288(4)
C30_5 C 0.1963(4) 0.3508(7) 0.0537(4)
C31_5 C 0.1750(4) 0.3439(7) 0.0750(4)
C32_5 C 0.1501(4) 0.3414(8) 0.0999(4)
C33_5 C 0.1162(4) 0.3405(5) 0.0918(4)
H15_5 H 0.1098 0.3399 0.0694
C38_5 C 0.0288(4) 0.3576(8) 0.2212(4)
C39_5 C 0.0537(4) 0.3508(7) 0.1963(4)
C40_5 C 0.0750(4) 0.3439(7) 0.1750(4)
C41_5 C 0.0999(4) 0.3414(8) 0.1501(4)
C42_5 C 0.0918(4) 0.3405(5) 0.1162(4)
H18_5 H 0.0694 0.3399 0.1098
C43_5 C 0.2797(4) 0.3639(4) 0.0140(3)
H19_5 H 0.3022 0.3646 0.0201
C44_5 C 0.2552(4) 0.3595(5) 0.0383(4)
H20_5 H 0.2612 0.3578 0.0608
C45_5 C 0.1582(4) 0.3405(5) 0.1338(4)
H21_5 H 0.1806 0.3399 0.1402
C46_5 C 0.0140(3) 0.3639(4) 0.2797(4)
H22_5 H 0.0201 0.3646 0.3022
C47_5 C 0.0383(4) 0.3595(5) 0.2552(4)
H23_5 H 0.0608 0.3578 0.2612
C48_5 C 0.1338(4) 0.3405(5) 0.1582(4)
H24_5 H 0.1402 0.3399 0.1806
O9_3 O 0.28567(19) 0.3742(2) 0.92318(19)
C25_5 C 0.2970(3) 0.3700(4) 0.9530(3)
C26_5 C 0.2702(3) 0.3674(4) 0.9798(3)
C27_5 C 0.2360(3) 0.3639(4) 0.9703(4)
H13_5 H 0.2299 0.3646 0.9478
C28_5 C 0.2117(4) 0.3595(5) 0.9948(4)
H14_5 H 0.1892 0.3578 0.9888
C53_5 C 0.0288(4) 0.7212(4) 0.8576(8)
C54_5 C 0.0537(4) 0.6963(4) 0.8508(7)
C55_5 C 0.0750(4) 0.6750(4) 0.8439(7)
C56_5 C 0.0999(4) 0.6501(4) 0.8414(8)
C57_5 C 0.0918(4) 0.6162(4) 0.8405(5)
H27_5 H 0.0694 0.6098 0.8399
O14_3 O 0.28567(19) 0.42318(19) 0.8742(2)
C58_5 C 0.2970(3) 0.4530(3) 0.8700(4)
C59_5 C 0.2702(3) 0.4798(3) 0.8674(4)
C60_5 C 0.2360(3) 0.4703(4) 0.8639(4)
H28_5 H 0.2299 0.4478 0.8646
C61_5 C 0.2117(4) 0.4948(4) 0.8595(5)
H29_5 H 0.1892 0.4888 0.8578
C62_5 C 0.2212(4) 0.5288(4) 0.8576(8)
C63_5 C 0.1963(4) 0.5537(4) 0.8508(7)
C64_5 C 0.1750(4) 0.5750(4) 0.8439(7)
C65_5 C 0.1501(4) 0.5999(4) 0.8414(8)
C66_5 C 0.1162(4) 0.5918(4) 0.8405(5)
H30_5 H 0.1098 0.5694 0.8399
C67_5 C 0.0140(3) 0.7797(4) 0.8639(4)
H31_5 H 0.0201 0.8022 0.8646
C68_5 C 0.0383(4) 0.7552(4) 0.8595(5)
H32_5 H 0.0608 0.7612 0.8578
C69_5 C 0.1338(4) 0.6582(4) 0.8405(5)
H33_5 H 0.1402 0.6806 0.8399
C70_5 C 0.2797(4) 0.5140(3) 0.8639(4)
H34_5 H 0.3022 0.5201 0.8646
C71_5 C 0.2552(4) 0.5383(4) 0.8595(5)
H35_5 H 0.2612 0.5608 0.8578
C72_5 C 0.1582(4) 0.6338(4) 0.8405(5)
H36_5 H 0.1806 0.6402 0.8399
O17_5 O 0.28567(19) 0.3758(2) 0.82682(19)
O21_5 O 0.28567(19) 0.32682(19) 0.8758(2)
C1_5 C 0.8700(4) 0.4530(3) 0.2970(3)
C2_5 C 0.8674(4) 0.4798(3) 0.2702(3)
C3_5 C 0.8639(4) 0.4703(4) 0.2360(3)
H1_5 H 0.8646 0.4478 0.2299
C4_5 C 0.8595(5) 0.4948(4) 0.2117(4)
H2_5 H 0.8578 0.4888 0.1892
C5_5 C 0.8576(8) 0.5288(4) 0.2212(4)
C6_5 C 0.8508(7) 0.5537(4) 0.1963(4)
C7_5 C 0.8439(7) 0.5750(4) 0.1750(4)
C8_5 C 0.8414(8) 0.5999(4) 0.1501(4)
C9_5 C 0.8405(5) 0.5918(4) 0.1162(4)
H3_5 H 0.8399 0.5694 0.1098
C14_5 C 0.8576(8) 0.7212(4) 0.0288(4)
C15_5 C 0.8508(7) 0.6963(4) 0.0537(4)
C16_5 C 0.8439(7) 0.6750(4) 0.0750(4)
C17_5 C 0.8414(8) 0.6501(4) 0.0999(4)
C18_5 C 0.8405(5) 0.6162(4) 0.0918(4)
H6_5 H 0.8399 0.6098 0.0694
C19_5 C 0.8639(4) 0.5140(3) 0.2797(4)
H7_5 H 0.8646 0.5201 0.3022
C20_5 C 0.8595(5) 0.5383(4) 0.2552(4)
H8_5 H 0.8578 0.5608 0.2612
C21_5 C 0.8405(5) 0.6338(4) 0.1582(4)
H9_5 H 0.8399 0.6402 0.1806
C22_5 C 0.8639(4) 0.7797(4) 0.0140(3)
H10_5 H 0.8646 0.8022 0.0201
C23_5 C 0.8595(5) 0.7552(4) 0.0383(4)
H11_5 H 0.8578 0.7612 0.0608
C24_5 C 0.8405(5) 0.6582(4) 0.1338(4)
H12_5 H 0.8399 0.6806 0.1402
C34_5 C 0.9530(3) 0.3700(4) 0.2970(3)
C35_5 C 0.9798(3) 0.3674(4) 0.2702(3)
C36_5 C 0.9703(4) 0.3639(4) 0.2360(3)
H16_5 H 0.9478 0.3646 0.2299
C37_5 C 0.9948(4) 0.3595(5) 0.2117(4)
H17_5 H 0.9888 0.3578 0.1892
O12_3 O 0.96433(19) 0.3742(2) 0.32682(19)
C10_5 C 0.8700(4) 0.7970(3) 0.9530(3)
C11_5 C 0.8674(4) 0.7702(3) 0.9798(3)
C12_5 C 0.8639(4) 0.7360(3) 0.9703(4)
H4_5 H 0.8646 0.7299 0.9478
C13_5 C 0.8595(5) 0.7117(4) 0.9948(4)
H5_5 H 0.8578 0.6892 0.9888
C49_5 C 0.9530(3) 0.7970(3) 0.8700(4)
C50_5 C 0.9798(3) 0.7702(3) 0.8674(4)
C51_5 C 0.9703(4) 0.7360(3) 0.8639(4)
H25_5 H 0.9478 0.7299 0.8646
C52_5 C 0.9948(4) 0.7117(4) 0.8595(5)
H26_5 H 0.9888 0.6892 0.8578
O15_3 O 0.96433(19) 0.82682(19) 0.8742(2)
C1_6 C 0.3800(4) 0.7970(3) 0.2970(3)
C2_6 C 0.3826(4) 0.7702(3) 0.2702(3)
C3_6 C 0.3861(4) 0.7797(4) 0.2360(3)
H1_6 H 0.3854 0.8022 0.2299
C4_6 C 0.3905(5) 0.7552(4) 0.2117(4)
H2_6 H 0.3922 0.7612 0.1892
C5_6 C 0.3924(8) 0.7212(4) 0.2212(4)
C6_6 C 0.3992(7) 0.6963(4) 0.1963(4)
C7_6 C 0.4061(7) 0.6750(4) 0.1750(4)
C8_6 C 0.4086(8) 0.6501(4) 0.1501(4)
C9_6 C 0.4095(5) 0.6582(4) 0.1162(4)
H3_6 H 0.4101 0.6806 0.1098
C14_6 C 0.3924(8) 0.5288(4) 0.0288(4)
C15_6 C 0.3992(7) 0.5537(4) 0.0537(4)
C16_6 C 0.4061(7) 0.5750(4) 0.0750(4)
C17_6 C 0.4086(8) 0.5999(4) 0.0999(4)
C18_6 C 0.4095(5) 0.6338(4) 0.0918(4)
H6_6 H 0.4101 0.6402 0.0694
C19_6 C 0.3861(4) 0.7360(3) 0.2797(4)
H7_6 H 0.3854 0.7299 0.3022
C20_6 C 0.3905(5) 0.7117(4) 0.2552(4)
H8_6 H 0.3922 0.6892 0.2612
C21_6 C 0.4095(5) 0.6162(4) 0.1582(4)
H9_6 H 0.4101 0.6098 0.1806
C22_6 C 0.3861(4) 0.4703(4) 0.0140(3)
H10_6 H 0.3854 0.4478 0.0201
C23_6 C 0.3905(5) 0.4948(4) 0.0383(4)
H11_6 H 0.3922 0.4888 0.0608
C24_6 C 0.4095(5) 0.5918(4) 0.1338(4)
H12_6 H 0.4101 0.5694 0.1402
C29_6 C 0.0288(4) 0.8924(8) 0.0288(4)
C30_6 C 0.0537(4) 0.8992(7) 0.0537(4)
C31_6 C 0.0750(4) 0.9061(7) 0.0750(4)
C32_6 C 0.0999(4) 0.9086(8) 0.0999(4)
C33_6 C 0.1338(4) 0.9095(5) 0.0918(4)
H15_6 H 0.1402 0.9101 0.0694
C34_6 C 0.2970(3) 0.8800(4) 0.2970(3)
C35_6 C 0.2702(3) 0.8826(4) 0.2702(3)
C36_6 C 0.2797(4) 0.8861(4) 0.2360(3)
H16_6 H 0.3022 0.8854 0.2299
C37_6 C 0.2552(4) 0.8905(5) 0.2117(4)
H17_6 H 0.2612 0.8922 0.1892
C38_6 C 0.2212(4) 0.8924(8) 0.2212(4)
C39_6 C 0.1963(4) 0.8992(7) 0.1963(4)
C40_6 C 0.1750(4) 0.9061(7) 0.1750(4)
C41_6 C 0.1501(4) 0.9086(8) 0.1501(4)
C42_6 C 0.1582(4) 0.9095(5) 0.1162(4)
H18_6 H 0.1806 0.9101 0.1098
C45_6 C 0.0918(4) 0.9095(5) 0.1338(4)
H21_6 H 0.0694 0.9101 0.1402
O12_4 O 0.28567(19) 0.8758(2) 0.32682(19)
C46_6 C 0.2360(3) 0.8861(4) 0.2797(4)
H22_6 H 0.2299 0.8854 0.3022
C47_6 C 0.2117(4) 0.8905(5) 0.2552(4)
H23_6 H 0.1892 0.8922 0.2612
C48_6 C 0.1162(4) 0.9095(5) 0.1582(4)
H24_6 H 0.1098 0.9101 0.1806
C10_6 C 0.3800(4) 0.4530(3) 0.9530(3)
C11_6 C 0.3826(4) 0.4798(3) 0.9798(3)
C12_6 C 0.3861(4) 0.5140(3) 0.9703(4)
H4_6 H 0.3854 0.5201 0.9478
C13_6 C 0.3905(5) 0.5383(4) 0.9948(4)
H5_6 H 0.3922 0.5608 0.9888
C27_6 C 0.0140(3) 0.8861(4) 0.9703(4)
H13_6 H 0.0201 0.8854 0.9478
C28_6 C 0.0383(4) 0.8905(5) 0.9948(4)
H14_6 H 0.0608 0.8922 0.9888
C43_6 C 0.9703(4) 0.8861(4) 0.0140(3)
H19_6 H 0.9478 0.8854 0.0201
C44_6 C 0.9948(4) 0.8905(5) 0.0383(4)
H20_6 H 0.9888 0.8922 0.0608
O9_4 O 0.96433(19) 0.8758(2) 0.92318(19)
C25_6 C 0.9530(3) 0.8800(4) 0.9530(3)
C26_6 C 0.9798(3) 0.8826(4) 0.9798(3)
O17_6 O 0.96433(19) 0.8742(2) 0.82682(19)
O21_6 O 0.96433(19) 0.92318(19) 0.8758(2)
C53_6 C 0.0288(4) 0.5288(4) 0.3924(8)
C54_6 C 0.0537(4) 0.5537(4) 0.3992(7)
C55_6 C 0.0750(4) 0.5750(4) 0.4061(7)
C56_6 C 0.0999(4) 0.5999(4) 0.4086(8)
C57_6 C 0.0918(4) 0.6338(4) 0.4095(5)
H27_6 H 0.0694 0.6402 0.4101
O14_4 O 0.28567(19) 0.82682(19) 0.3758(2)
C58_6 C 0.2970(3) 0.7970(3) 0.3800(4)
C59_6 C 0.2702(3) 0.7702(3) 0.3826(4)
C60_6 C 0.2360(3) 0.7797(4) 0.3861(4)
H28_6 H 0.2299 0.8022 0.3854
C61_6 C 0.2117(4) 0.7552(4) 0.3905(5)
H29_6 H 0.1892 0.7612 0.3922
C62_6 C 0.2212(4) 0.7212(4) 0.3924(8)
C63_6 C 0.1963(4) 0.6963(4) 0.3992(7)
C64_6 C 0.1750(4) 0.6750(4) 0.4061(7)
C65_6 C 0.1501(4) 0.6501(4) 0.4086(8)
C66_6 C 0.1162(4) 0.6582(4) 0.4095(5)
H30_6 H 0.1098 0.6806 0.4101
C67_6 C 0.0140(3) 0.4703(4) 0.3861(4)
H31_6 H 0.0201 0.4478 0.3854
C68_6 C 0.0383(4) 0.4948(4) 0.3905(5)
H32_6 H 0.0608 0.4888 0.3922
C69_6 C 0.1338(4) 0.5918(4) 0.4095(5)
H33_6 H 0.1402 0.5694 0.4101
C70_6 C 0.2797(4) 0.7360(3) 0.3861(4)
H34_6 H 0.3022 0.7299 0.3854
C71_6 C 0.2552(4) 0.7117(4) 0.3905(5)
H35_6 H 0.2612 0.6892 0.3922
C72_6 C 0.1582(4) 0.6162(4) 0.4095(5)
H36_6 H 0.1806 0.6098 0.4101
O17_7 O 0.28567(19) 0.8742(2) 0.42318(19)
O21_7 O 0.28567(19) 0.92318(19) 0.3742(2)
C49_6 C 0.9530(3) 0.4530(3) 0.3800(4)
C50_6 C 0.9798(3) 0.4798(3) 0.3826(4)
C51_6 C 0.9703(4) 0.5140(3) 0.3861(4)
H25_6 H 0.9478 0.5201 0.3854
C52_6 C 0.9948(4) 0.5383(4) 0.3905(5)
H26_6 H 0.9888 0.5608 0.3922
O15_4 O 0.96433(19) 0.42318(19) 0.3758(2)
O17_8 O 0.96433(19) 0.3758(2) 0.42318(19)
O21_8 O 0.96433(19) 0.32682(19) 0.3742(2)
C53_7 C 0.0288(4) 0.2212(4) 0.3576(8)
C54_7 C 0.0537(4) 0.1963(4) 0.3508(7)
C55_7 C 0.0750(4) 0.1750(4) 0.3439(7)
C56_7 C 0.0999(4) 0.1501(4) 0.3414(8)
C57_7 C 0.0918(4) 0.1162(4) 0.3405(5)
H27_7 H 0.0694 0.1098 0.3399
C62_7 C 0.2212(4) 0.0288(4) 0.3576(8)
C63_7 C 0.1963(4) 0.0537(4) 0.3508(7)
C64_7 C 0.1750(4) 0.0750(4) 0.3439(7)
C65_7 C 0.1501(4) 0.0999(4) 0.3414(8)
C66_7 C 0.1162(4) 0.0918(4) 0.3405(5)
H30_7 H 0.1098 0.0694 0.3399
C67_7 C 0.0140(3) 0.2797(4) 0.3639(4)
H31_7 H 0.0201 0.3022 0.3646
C68_7 C 0.0383(4) 0.2552(4) 0.3595(5)
H32_7 H 0.0608 0.2612 0.3578
C69_7 C 0.1338(4) 0.1582(4) 0.3405(5)
H33_7 H 0.1402 0.1806 0.3399
C70_7 C 0.2797(4) 0.0140(3) 0.3639(4)
H34_7 H 0.3022 0.0201 0.3646
C71_7 C 0.2552(4) 0.0383(4) 0.3595(5)
H35_7 H 0.2612 0.0608 0.3578
C72_7 C 0.1582(4) 0.1338(4) 0.3405(5)
H36_7 H 0.1806 0.1402 0.3399
C25_7 C 0.2970(3) 0.8700(4) 0.4530(3)
C26_7 C 0.2702(3) 0.8674(4) 0.4798(3)
C27_7 C 0.2360(3) 0.8639(4) 0.4703(4)
H13_7 H 0.2299 0.8646 0.4478
C28_7 C 0.2117(4) 0.8595(5) 0.4948(4)
H14_7 H 0.1892 0.8578 0.4888
C29_7 C 0.2212(4) 0.8576(8) 0.5288(4)
C30_7 C 0.1963(4) 0.8508(7) 0.5537(4)
C31_7 C 0.1750(4) 0.8439(7) 0.5750(4)
C32_7 C 0.1501(4) 0.8414(8) 0.5999(4)
C33_7 C 0.1162(4) 0.8405(5) 0.5918(4)
H15_7 H 0.1098 0.8399 0.5694
C38_7 C 0.0288(4) 0.8576(8) 0.7212(4)
C39_7 C 0.0537(4) 0.8508(7) 0.6963(4)
C40_7 C 0.0750(4) 0.8439(7) 0.6750(4)
C41_7 C 0.0999(4) 0.8414(8) 0.6501(4)
C42_7 C 0.0918(4) 0.8405(5) 0.6162(4)
H18_7 H 0.0694 0.8399 0.6098
C43_7 C 0.2797(4) 0.8639(4) 0.5140(3)
H19_7 H 0.3022 0.8646 0.5201
C44_7 C 0.2552(4) 0.8595(5) 0.5383(4)
H20_7 H 0.2612 0.8578 0.5608
C45_7 C 0.1582(4) 0.8405(5) 0.6338(4)
H21_7 H 0.1806 0.8399 0.6402
C46_7 C 0.0140(3) 0.8639(4) 0.7797(4)
H22_7 H 0.0201 0.8646 0.8022
C47_7 C 0.0383(4) 0.8595(5) 0.7552(4)
H23_7 H 0.0608 0.8578 0.7612
C48_7 C 0.1338(4) 0.8405(5) 0.6582(4)
H24_7 H 0.1402 0.8399 0.6806
C58_7 C 0.2970(3) 0.9530(3) 0.3700(4)
C59_7 C 0.2702(3) 0.9798(3) 0.3674(4)
C60_7 C 0.2360(3) 0.9703(4) 0.3639(4)
H28_7 H 0.2299 0.9478 0.3646
C61_7 C 0.2117(4) 0.9948(4) 0.3595(5)
H29_7 H 0.1892 0.9888 0.3578
C5_7 C 0.8576(8) 0.0288(4) 0.7212(4)
C6_7 C 0.8508(7) 0.0537(4) 0.6963(4)
C7_7 C 0.8439(7) 0.0750(4) 0.6750(4)
C8_7 C 0.8414(8) 0.0999(4) 0.6501(4)
C9_7 C 0.8405(5) 0.0918(4) 0.6162(4)
H3_7 H 0.8399 0.0694 0.6098
C10_7 C 0.8700(4) 0.2970(3) 0.4530(3)
C11_7 C 0.8674(4) 0.2702(3) 0.4798(3)
C12_7 C 0.8639(4) 0.2360(3) 0.4703(4)
H4_7 H 0.8646 0.2299 0.4478
C13_7 C 0.8595(5) 0.2117(4) 0.4948(4)
H5_7 H 0.8578 0.1892 0.4888
C14_7 C 0.8576(8) 0.2212(4) 0.5288(4)
C15_7 C 0.8508(7) 0.1963(4) 0.5537(4)
C16_7 C 0.8439(7) 0.1750(4) 0.5750(4)
C17_7 C 0.8414(8) 0.1501(4) 0.5999(4)
C18_7 C 0.8405(5) 0.1162(4) 0.5918(4)
H6_7 H 0.8399 0.1098 0.5694
C19_7 C 0.8639(4) 0.0140(3) 0.7797(4)
H7_7 H 0.8646 0.0201 0.8022
C20_7 C 0.8595(5) 0.0383(4) 0.7552(4)
H8_7 H 0.8578 0.0608 0.7612
C21_7 C 0.8405(5) 0.1338(4) 0.6582(4)
H9_7 H 0.8399 0.1402 0.6806
C22_7 C 0.8639(4) 0.2797(4) 0.5140(3)
H10_7 H 0.8646 0.3022 0.5201
C23_7 C 0.8595(5) 0.2552(4) 0.5383(4)
H11_7 H 0.8578 0.2612 0.5608
C24_7 C 0.8405(5) 0.1582(4) 0.6338(4)
H12_7 H 0.8399 0.1806 0.6402
C49_7 C 0.9530(3) 0.2970(3) 0.3700(4)
C50_7 C 0.9798(3) 0.2702(3) 0.3674(4)
C51_7 C 0.9703(4) 0.2360(3) 0.3639(4)
H25_7 H 0.9478 0.2299 0.3646
C52_7 C 0.9948(4) 0.2117(4) 0.3595(5)
H26_7 H 0.9888 0.1892 0.3578
C1_7 C 0.8700(4) 0.9530(3) 0.7970(3)
C2_7 C 0.8674(4) 0.9798(3) 0.7702(3)
C3_7 C 0.8639(4) 0.9703(4) 0.7360(3)
H1_7 H 0.8646 0.9478 0.7299
C4_7 C 0.8595(5) 0.9948(4) 0.7117(4)
H2_7 H 0.8578 0.9888 0.6892
C34_7 C 0.9530(3) 0.8700(4) 0.7970(3)
C35_7 C 0.9798(3) 0.8674(4) 0.7702(3)
C36_7 C 0.9703(4) 0.8639(4) 0.7360(3)
H16_7 H 0.9478 0.8646 0.7299
C37_7 C 0.9948(4) 0.8595(5) 0.7117(4)
H17_7 H 0.9888 0.8578 0.6892
C1_8 C 0.3800(4) 0.2970(3) 0.7970(3)
C2_8 C 0.3826(4) 0.2702(3) 0.7702(3)
C3_8 C 0.3861(4) 0.2797(4) 0.7360(3)
H1_8 H 0.3854 0.3022 0.7299
C4_8 C 0.3905(5) 0.2552(4) 0.7117(4)
H2_8 H 0.3922 0.2612 0.6892
C5_8 C 0.3924(8) 0.2212(4) 0.7212(4)
C6_8 C 0.3992(7) 0.1963(4) 0.6963(4)
C7_8 C 0.4061(7) 0.1750(4) 0.6750(4)
C8_8 C 0.4086(8) 0.1501(4) 0.6501(4)
C9_8 C 0.4095(5) 0.1582(4) 0.6162(4)
H3_8 H 0.4101 0.1806 0.6098
C12_8 C 0.3861(4) 0.0140(3) 0.4703(4)
H4_8 H 0.3854 0.0201 0.4478
C13_8 C 0.3905(5) 0.0383(4) 0.4948(4)
H5_8 H 0.3922 0.0608 0.4888
C14_8 C 0.3924(8) 0.0288(4) 0.5288(4)
C15_8 C 0.3992(7) 0.0537(4) 0.5537(4)
C16_8 C 0.4061(7) 0.0750(4) 0.5750(4)
C17_8 C 0.4086(8) 0.0999(4) 0.5999(4)
C18_8 C 0.4095(5) 0.1338(4) 0.5918(4)
H6_8 H 0.4101 0.1402 0.5694
C19_8 C 0.3861(4) 0.2360(3) 0.7797(4)
H7_8 H 0.3854 0.2299 0.8022
C20_8 C 0.3905(5) 0.2117(4) 0.7552(4)
H8_8 H 0.3922 0.1892 0.7612
C21_8 C 0.4095(5) 0.1162(4) 0.6582(4)
H9_8 H 0.4101 0.1098 0.6806
C24_8 C 0.4095(5) 0.0918(4) 0.6338(4)
H12_8 H 0.4101 0.0694 0.6402
C27_8 C 0.0140(3) 0.3861(4) 0.4703(4)
H13_8 H 0.0201 0.3854 0.4478
C28_8 C 0.0383(4) 0.3905(5) 0.4948(4)
H14_8 H 0.0608 0.3922 0.4888
C29_8 C 0.0288(4) 0.3924(8) 0.5288(4)
C30_8 C 0.0537(4) 0.3992(7) 0.5537(4)
C31_8 C 0.0750(4) 0.4061(7) 0.5750(4)
C32_8 C 0.0999(4) 0.4086(8) 0.5999(4)
C33_8 C 0.1338(4) 0.4095(5) 0.5918(4)
H15_8 H 0.1402 0.4101 0.5694
C34_8 C 0.2970(3) 0.3800(4) 0.7970(3)
C35_8 C 0.2702(3) 0.3826(4) 0.7702(3)
C36_8 C 0.2797(4) 0.3861(4) 0.7360(3)
H16_8 H 0.3022 0.3854 0.7299
C37_8 C 0.2552(4) 0.3905(5) 0.7117(4)
H17_8 H 0.2612 0.3922 0.6892
C38_8 C 0.2212(4) 0.3924(8) 0.7212(4)
C39_8 C 0.1963(4) 0.3992(7) 0.6963(4)
C40_8 C 0.1750(4) 0.4061(7) 0.6750(4)
C41_8 C 0.1501(4) 0.4086(8) 0.6501(4)
C42_8 C 0.1582(4) 0.4095(5) 0.6162(4)
H18_8 H 0.1806 0.4101 0.6098
C45_8 C 0.0918(4) 0.4095(5) 0.6338(4)
H21_8 H 0.0694 0.4101 0.6402
C46_8 C 0.2360(3) 0.3861(4) 0.7797(4)
H22_8 H 0.2299 0.3854 0.8022
C47_8 C 0.2117(4) 0.3905(5) 0.7552(4)
H23_8 H 0.1892 0.3922 0.7612
C48_8 C 0.1162(4) 0.4095(5) 0.6582(4)
H24_8 H 0.1098 0.4101 0.6806
C10_8 C 0.3800(4) 0.9530(3) 0.4530(3)
C11_8 C 0.3826(4) 0.9798(3) 0.4798(3)
C22_8 C 0.3861(4) 0.9703(4) 0.5140(3)
H10_8 H 0.3854 0.9478 0.5201
C23_8 C 0.3905(5) 0.9948(4) 0.5383(4)
H11_8 H 0.3922 0.9888 0.5608
C25_8 C 0.9530(3) 0.3800(4) 0.4530(3)
C26_8 C 0.9798(3) 0.3826(4) 0.4798(3)
C43_8 C 0.9703(4) 0.3861(4) 0.5140(3)
H19_8 H 0.9478 0.3854 0.5201
C44_8 C 0.9948(4) 0.3905(5) 0.5383(4)
H20_8 H 0.9888 0.3922 0.5608
C53_8 C 0.0288(4) 0.0288(4) 0.8924(8)
C54_8 C 0.0537(4) 0.0537(4) 0.8992(7)
C55_8 C 0.0750(4) 0.0750(4) 0.9061(7)
C56_8 C 0.0999(4) 0.0999(4) 0.9086(8)
C57_8 C 0.0918(4) 0.1338(4) 0.9095(5)
H27_8 H 0.0694 0.1402 0.9101
C58_8 C 0.2970(3) 0.2970(3) 0.8800(4)
C59_8 C 0.2702(3) 0.2702(3) 0.8826(4)
C60_8 C 0.2360(3) 0.2797(4) 0.8861(4)
H28_8 H 0.2299 0.3022 0.8854
C61_8 C 0.2117(4) 0.2552(4) 0.8905(5)
H29_8 H 0.1892 0.2612 0.8922
C62_8 C 0.2212(4) 0.2212(4) 0.8924(8)
C63_8 C 0.1963(4) 0.1963(4) 0.8992(7)
C64_8 C 0.1750(4) 0.1750(4) 0.9061(7)
C65_8 C 0.1501(4) 0.1501(4) 0.9086(8)
C66_8 C 0.1162(4) 0.1582(4) 0.9095(5)
H30_8 H 0.1098 0.1806 0.9101
C69_8 C 0.1338(4) 0.0918(4) 0.9095(5)
H33_8 H 0.1402 0.0694 0.9101
C70_8 C 0.2797(4) 0.2360(3) 0.8861(4)
H34_8 H 0.3022 0.2299 0.8854
C71_8 C 0.2552(4) 0.2117(4) 0.8905(5)
H35_8 H 0.2612 0.1892 0.8922
C72_8 C 0.1582(4) 0.1162(4) 0.9095(5)
H36_8 H 0.1806 0.1098 0.9101
C67_8 C 0.0140(3) 0.9703(4) 0.8861(4)
H31_8 H 0.0201 0.9478 0.8854
C68_8 C 0.0383(4) 0.9948(4) 0.8905(5)
H32_8 H 0.0608 0.9888 0.8922
C51_8 C 0.9703(4) 0.0140(3) 0.8861(4)
H25_8 H 0.9478 0.0201 0.8854
C52_8 C 0.9948(4) 0.0383(4) 0.8905(5)
H26_8 H 0.9888 0.0608 0.8922
C49_8 C 0.9530(3) 0.9530(3) 0.8800(4)
C50_8 C 0.9798(3) 0.9798(3) 0.8826(4)
Hf2_2 Hf 0.6250 0.06322(2) 0.6250
O9_5 O 0.6258(2) 0.03567(19) 0.67318(19)
C25_9 C 0.6300(4) 0.0470(3) 0.7030(3)
C26_9 C 0.6326(4) 0.0202(3) 0.7298(3)
O11_5 O 0.6258(2) 0.07682(19) 0.71433(19)
C43_9 C 0.6361(4) 0.0297(4) 0.7640(3)
H19_9 H 0.6354 0.0522 0.7701
C44_9 C 0.6405(5) 0.0052(4) 0.7883(4)
H20_9 H 0.6422 0.0112 0.8108
O14_5 O 0.57682(19) 0.03567(19) 0.6242(2)
C58_9 C 0.5470(3) 0.0470(3) 0.6200(4)
C59_9 C 0.5202(3) 0.0202(3) 0.6174(4)
O16_5 O 0.53567(19) 0.07682(19) 0.6242(2)
C70_9 C 0.4860(3) 0.0297(4) 0.6139(4)
H34_9 H 0.4799 0.0522 0.6146
C71_9 C 0.4617(4) 0.0052(4) 0.6095(5)
H35_9 H 0.4392 0.0112 0.6078
Hf5_2 Hf 0.6250 0.1250 0.68678(2)
Hf6_2 Hf 0.56322(2) 0.1250 0.6250
O17_9 O 0.6242(2) 0.03567(19) 0.57682(19)
O21_9 O 0.67318(19) 0.03567(19) 0.6258(2)
O23_3 O 0.6530(4) 0.0970(4) 0.6530(4)
O25_3 O 0.5970(4) 0.0970(4) 0.5970(4)
O27_2 O 0.5913(3) 0.0913(3) 0.6587(3)
O28_5 O 0.6587(3) 0.0913(3) 0.5913(3)
Hf1_3 Hf 0.6250 0.6250 0.06322(2)
O1_5 O 0.57682(19) 0.6242(2) 0.03567(19)
O2_5 O 0.5970(4) 0.5970(4) 0.0970(4)
O3_3 O 0.5913(3) 0.6587(3) 0.0913(3)
C1_9 C 0.5470(3) 0.6200(4) 0.0470(3)
C2_9 C 0.5202(3) 0.6174(4) 0.0202(3)
O5_5 O 0.53567(19) 0.6242(2) 0.07682(19)
C19_9 C 0.4860(3) 0.6139(4) 0.0297(4)
H7_9 H 0.4799 0.6146 0.0522
C20_9 C 0.4617(4) 0.6095(5) 0.0052(4)
H8_9 H 0.4392 0.6078 0.0112
O10_5 O 0.6258(2) 0.67318(19) 0.03567(19)
C34_9 C 0.6300(4) 0.7030(3) 0.0470(3)
C35_9 C 0.6326(4) 0.7298(3) 0.0202(3)
O12_5 O 0.6258(2) 0.71433(19) 0.07682(19)
C46_9 C 0.6361(4) 0.7640(3) 0.0297(4)
H22_9 H 0.6354 0.7701 0.0522
C47_9 C 0.6405(5) 0.7883(4) 0.0052(4)
H23_9 H 0.6422 0.8108 0.0112
Hf8_3 Hf 0.6250 0.68678(2) 0.1250
Hf9_3 Hf 0.56322(2) 0.6250 0.1250
Hf10_7 Hf 0.6250 0.56322(2) 0.1250
O19_9 O 0.67318(19) 0.6258(2) 0.03567(19)
O22_9 O 0.6242(2) 0.57682(19) 0.03567(19)
O26_3 O 0.6530(4) 0.6530(4) 0.0970(4)
O30_5 O 0.6587(3) 0.5913(3) 0.0913(3)
C3_9 C 0.5297(4) 0.6139(4) 0.9860(3)
H1_9 H 0.5522 0.6146 0.9799
C4_9 C 0.5052(4) 0.6095(5) 0.9617(4)
H2_9 H 0.5112 0.6078 0.9392
C5_9 C 0.4712(4) 0.6076(8) 0.9712(4)
C6_9 C 0.4463(4) 0.6008(7) 0.9463(4)
C7_9 C 0.4250(4) 0.5939(7) 0.9250(4)
C8_9 C 0.4001(4) 0.5914(8) 0.9001(4)
C9_9 C 0.4082(4) 0.5905(5) 0.8662(4)
H3_9 H 0.4306 0.5899 0.8598
O4_5 O 0.21433(19) 0.6242(2) 0.67318(19)
C10_9 C 0.2030(3) 0.6200(4) 0.7030(3)
C11_9 C 0.2298(3) 0.6174(4) 0.7298(3)
C12_9 C 0.2640(3) 0.6139(4) 0.7203(4)
H4_9 H 0.2701 0.6146 0.6978
C13_9 C 0.2883(4) 0.6095(5) 0.7448(4)
