
###############################################################################
#
# This file contains modified crystal structure data generated from the
# MOF subset of the Cambridge Structural Database (CSD) v543 
# hosted by the Cambridge Crystallographic Data Centre (CCDC).
#
# This work is licensed under the Creative Commons
# Attribution-NonCommercial-ShareAlike 4.0 International License.
# To view a copy of this license, visit
# http://creativecommons.org/licenses/by-nc-sa/4.0/
# or send a letter to
# Creative Commons, PO Box 1866, Mountain View, CA 94042, USA.
#
# CIF created using the CSD Python API on 29 September 2022
# The structure has been converted into the P1 space group
# The structure has a 3D framework
# The original CSD entry UNUNEY is in the cubic crystal system
# The framework has been calculated to contain at least 10.0% void space
# The void calculation uses a probe of radius 1.32A, grid spacing 0.4
# The framework is charged, counterions have been retained in the structure
#
###############################################################################

data_UNUNEY
_chemical_formula_moiety         '(C1104 H552 O256 U32 26-)n'
_symmetry_cell_setting           triclinic
_symmetry_space_group_name_H-M   'P 1'
_symmetry_Int_Tables_number      1
_space_group_name_Hall           'P 1'
loop_
_symmetry_equiv_pos_site_id
_symmetry_equiv_pos_as_xyz
1 x,y,z
_cell_length_a                   55.0575(19)
_cell_length_b                   55.0575(19)
_cell_length_c                   55.0575(19)
_cell_angle_alpha                90
_cell_angle_beta                 90
_cell_angle_gamma                90
_cell_volume                     166897
loop_
_atom_site_label
_atom_site_type_symbol
_atom_site_fract_x
_atom_site_fract_y
_atom_site_fract_z
C1 C 0.67236(11) 0.67236(11) 0.39058(17)
C2 C 0.68435(9) 0.68435(9) 0.41359(13)
C3 C 0.70391(12) 0.67476(13) 0.42305(14)
H1 H 0.7111 0.6609 0.4157
C4 C 0.71373(12) 0.68453(13) 0.44306(13)
H2 H 0.7287 0.6783 0.4490
C5 C 0.70285(9) 0.70285(9) 0.45479(14)
C6 C 0.71388(12) 0.71388(12) 0.47829(15)
C7 C 0.70550(12) 0.70550(12) 0.5000
H3 H 0.6933 0.6933 0.5000
C8 C 0.73157(11) 0.73157(11) 0.47639(11)
C9 C 0.74131(6) 0.74131(6) 0.45486(11)
H4 H 0.7354 0.7354 0.4397
C10 C 0.74074(10) 0.74074(10) 0.5000
O1 O 0.65380(6) 0.68188(5) 0.38157(6)
O2 O 0.63383(11) 0.63383(11) 0.36617(11)
O3 O 0.66920(10) 0.66920(10) 0.33080(10)
U1 U 0.65150(2) 0.65150(2) 0.34850(2)
C11 C 0.67236(11) 0.67236(11) 0.60942(17)
C12 C 0.68435(9) 0.68435(9) 0.58641(13)
C13 C 0.67476(13) 0.70391(12) 0.57695(14)
H5 H 0.6609 0.7111 0.5843
C14 C 0.68453(13) 0.71373(12) 0.55694(13)
H6 H 0.6783 0.7287 0.5510
C15 C 0.70285(9) 0.70285(9) 0.54521(14)
C16 C 0.71388(12) 0.71388(12) 0.52171(15)
C17 C 0.73157(11) 0.73157(11) 0.52361(11)
C18 C 0.74131(6) 0.74131(6) 0.54514(11)
H7 H 0.7354 0.7354 0.5603
O4 O 0.68188(5) 0.65380(6) 0.61843(6)
C19 C 0.82764(11) 0.82764(11) 0.39058(17)
C20 C 0.81565(9) 0.81565(9) 0.41359(13)
C21 C 0.79609(12) 0.82524(13) 0.42305(14)
H8 H 0.7889 0.8391 0.4157
C22 C 0.78627(12) 0.81547(13) 0.44306(13)
H9 H 0.7713 0.8217 0.4490
C23 C 0.79715(9) 0.79715(9) 0.45479(14)
C24 C 0.78612(12) 0.78612(12) 0.47829(15)
C25 C 0.79450(12) 0.79450(12) 0.5000
H10 H 0.8067 0.8067 0.5000
C26 C 0.76843(11) 0.76843(11) 0.47639(11)
C27 C 0.75869(6) 0.75869(6) 0.45486(11)
H11 H 0.7646 0.7646 0.4397
C28 C 0.75926(10) 0.75926(10) 0.5000
O5 O 0.84620(6) 0.81812(5) 0.38157(6)
C29 C 0.82764(11) 0.82764(11) 0.60942(17)
C30 C 0.81565(9) 0.81565(9) 0.58641(13)
C31 C 0.82524(13) 0.79609(12) 0.57695(14)
H12 H 0.8391 0.7889 0.5843
C32 C 0.81547(13) 0.78627(12) 0.55694(13)
H13 H 0.8217 0.7713 0.5510
C33 C 0.79715(9) 0.79715(9) 0.54521(14)
C34 C 0.78612(12) 0.78612(12) 0.52171(15)
C35 C 0.76843(11) 0.76843(11) 0.52361(11)
C36 C 0.75869(6) 0.75869(6) 0.54514(11)
H14 H 0.7646 0.7646 0.5603
O6 O 0.81812(5) 0.84620(6) 0.61843(6)
C37 C 0.70391(12) 0.67476(13) 0.57695(14)
H15 H 0.7111 0.6609 0.5843
C38 C 0.71373(12) 0.68453(13) 0.55694(13)
H16 H 0.7287 0.6783 0.5510
O7 O 0.65380(6) 0.68188(5) 0.61843(6)
C39 C 0.67476(13) 0.70391(12) 0.42305(14)
H17 H 0.6609 0.7111 0.4157
C40 C 0.68453(13) 0.71373(12) 0.44306(13)
H18 H 0.6783 0.7287 0.4490
O8 O 0.68188(5) 0.65380(6) 0.38157(6)
C41 C 0.79609(12) 0.82524(13) 0.57695(14)
H19 H 0.7889 0.8391 0.5843
C42 C 0.78627(12) 0.81547(13) 0.55694(13)
H20 H 0.7713 0.8217 0.5510
O9 O 0.84620(6) 0.81812(5) 0.61843(6)
C43 C 0.82524(13) 0.79609(12) 0.42305(14)
H21 H 0.8391 0.7889 0.4157
C44 C 0.81547(13) 0.78627(12) 0.44306(13)
H22 H 0.8217 0.7713 0.4490
O10 O 0.81812(5) 0.84620(6) 0.38157(6)
C45 C 0.60942(17) 0.67236(11) 0.32764(11)
C46 C 0.58641(13) 0.68435(9) 0.31565(9)
C47 C 0.57695(14) 0.70391(12) 0.32524(13)
H23 H 0.5843 0.7111 0.3391
C48 C 0.55694(13) 0.71373(12) 0.31547(13)
H24 H 0.5510 0.7287 0.3217
C49 C 0.54521(14) 0.70285(9) 0.29715(9)
C50 C 0.52171(15) 0.71388(12) 0.28612(12)
C51 C 0.5000 0.70550(12) 0.29450(12)
H25 H 0.5000 0.6933 0.3067
C52 C 0.52361(11) 0.73157(11) 0.26843(11)
C53 C 0.54514(11) 0.74131(6) 0.25869(6)
H26 H 0.5603 0.7354 0.2646
C54 C 0.5000 0.74074(10) 0.25926(10)
O11 O 0.61843(6) 0.65380(6) 0.31812(5)
C55 C 0.39058(17) 0.67236(11) 0.32764(11)
C56 C 0.41359(13) 0.68435(9) 0.31565(9)
C57 C 0.42305(14) 0.67476(13) 0.29609(12)
H27 H 0.4157 0.6609 0.2889
C58 C 0.44306(13) 0.68453(13) 0.28627(12)
H28 H 0.4490 0.6783 0.2713
C59 C 0.45479(14) 0.70285(9) 0.29715(9)
C60 C 0.47829(15) 0.71388(12) 0.28612(12)
C61 C 0.47639(11) 0.73157(11) 0.26843(11)
C62 C 0.45486(11) 0.74131(6) 0.25869(6)
H29 H 0.4397 0.7354 0.2646
O12 O 0.38157(6) 0.68188(5) 0.34620(6)
C63 C 0.60942(17) 0.82764(11) 0.17236(11)
C64 C 0.58641(13) 0.81565(9) 0.18435(9)
C65 C 0.57695(14) 0.79609(12) 0.17476(13)
H30 H 0.5843 0.7889 0.1609
C66 C 0.55694(13) 0.78627(12) 0.18453(13)
H31 H 0.5510 0.7713 0.1783
C67 C 0.54521(14) 0.79715(9) 0.20285(9)
C68 C 0.52171(15) 0.78612(12) 0.21388(12)
C69 C 0.5000 0.79450(12) 0.20550(12)
H32 H 0.5000 0.8067 0.1933
C70 C 0.52361(11) 0.76843(11) 0.23157(11)
C71 C 0.54514(11) 0.75869(6) 0.24131(6)
H33 H 0.5603 0.7646 0.2354
C72 C 0.5000 0.75926(10) 0.24074(10)
O13 O 0.61843(6) 0.84620(6) 0.18188(5)
C73 C 0.39058(17) 0.82764(11) 0.17236(11)
C74 C 0.41359(13) 0.81565(9) 0.18435(9)
C75 C 0.42305(14) 0.82524(13) 0.20391(12)
H34 H 0.4157 0.8391 0.2111
C76 C 0.44306(13) 0.81547(13) 0.21373(12)
H35 H 0.4490 0.8217 0.2287
C77 C 0.45479(14) 0.79715(9) 0.20285(9)
C78 C 0.47829(15) 0.78612(12) 0.21388(12)
C79 C 0.47639(11) 0.76843(11) 0.23157(11)
C80 C 0.45486(11) 0.75869(6) 0.24131(6)
H36 H 0.4397 0.7646 0.2354
O14 O 0.38157(6) 0.81812(5) 0.15380(6)
C81 C 0.42305(14) 0.70391(12) 0.32524(13)
H37 H 0.4157 0.7111 0.3391
C82 C 0.44306(13) 0.71373(12) 0.31547(13)
H38 H 0.4490 0.7287 0.3217
O15 O 0.38157(6) 0.65380(6) 0.31812(5)
C83 C 0.57695(14) 0.67476(13) 0.29609(12)
H39 H 0.5843 0.6609 0.2889
C84 C 0.55694(13) 0.68453(13) 0.28627(12)
H40 H 0.5510 0.6783 0.2713
O16 O 0.61843(6) 0.68188(5) 0.34620(6)
C85 C 0.42305(14) 0.79609(12) 0.17476(13)
H41 H 0.4157 0.7889 0.1609
C86 C 0.44306(13) 0.78627(12) 0.18453(13)
H42 H 0.4490 0.7713 0.1783
O17 O 0.38157(6) 0.84620(6) 0.18188(5)
C87 C 0.57695(14) 0.82524(13) 0.20391(12)
H43 H 0.5843 0.8391 0.2111
C88 C 0.55694(13) 0.81547(13) 0.21373(12)
H44 H 0.5510 0.8217 0.2287
O18 O 0.61843(6) 0.81812(5) 0.15380(6)
C89 C 0.67236(11) 0.60942(17) 0.32764(11)
C90 C 0.68435(9) 0.58641(13) 0.31565(9)
C91 C 0.67476(13) 0.57695(14) 0.29609(12)
H45 H 0.6609 0.5843 0.2889
C92 C 0.68453(13) 0.55694(13) 0.28627(12)
H46 H 0.6783 0.5510 0.2713
C93 C 0.70285(9) 0.54521(14) 0.29715(9)
C94 C 0.71388(12) 0.52171(15) 0.28612(12)
C95 C 0.70550(12) 0.5000 0.29450(12)
H47 H 0.6933 0.5000 0.3067
C96 C 0.73157(11) 0.52361(11) 0.26843(11)
C97 C 0.74131(6) 0.54514(11) 0.25869(6)
H48 H 0.7354 0.5603 0.2646
C98 C 0.74074(10) 0.5000 0.25926(10)
O19 O 0.68188(5) 0.61843(6) 0.34620(6)
C99 C 0.67236(11) 0.39058(17) 0.32764(11)
C100 C 0.68435(9) 0.41359(13) 0.31565(9)
C101 C 0.70391(12) 0.42305(14) 0.32524(13)
H49 H 0.7111 0.4157 0.3391
C102 C 0.71373(12) 0.44306(13) 0.31547(13)
H50 H 0.7287 0.4490 0.3217
C103 C 0.70285(9) 0.45479(14) 0.29715(9)
C104 C 0.71388(12) 0.47829(15) 0.28612(12)
C105 C 0.73157(11) 0.47639(11) 0.26843(11)
C106 C 0.74131(6) 0.45486(11) 0.25869(6)
H51 H 0.7354 0.4397 0.2646
O20 O 0.65380(6) 0.38157(6) 0.31812(5)
C107 C 0.82764(11) 0.60942(17) 0.17236(11)
C108 C 0.81565(9) 0.58641(13) 0.18435(9)
C109 C 0.82524(13) 0.57695(14) 0.20391(12)
H52 H 0.8391 0.5843 0.2111
C110 C 0.81547(13) 0.55694(13) 0.21373(12)
H53 H 0.8217 0.5510 0.2287
C111 C 0.79715(9) 0.54521(14) 0.20285(9)
C112 C 0.78612(12) 0.52171(15) 0.21388(12)
C113 C 0.79450(12) 0.5000 0.20550(12)
H54 H 0.8067 0.5000 0.1933
C114 C 0.76843(11) 0.52361(11) 0.23157(11)
C115 C 0.75869(6) 0.54514(11) 0.24131(6)
H55 H 0.7646 0.5603 0.2354
C116 C 0.75926(10) 0.5000 0.24074(10)
O21 O 0.81812(5) 0.61843(6) 0.15380(6)
C117 C 0.82764(11) 0.39058(17) 0.17236(11)
C118 C 0.81565(9) 0.41359(13) 0.18435(9)
C119 C 0.79609(12) 0.42305(14) 0.17476(13)
H56 H 0.7889 0.4157 0.1609
C120 C 0.78627(12) 0.44306(13) 0.18453(13)
H57 H 0.7713 0.4490 0.1783
C121 C 0.79715(9) 0.45479(14) 0.20285(9)
C122 C 0.78612(12) 0.47829(15) 0.21388(12)
C123 C 0.76843(11) 0.47639(11) 0.23157(11)
C124 C 0.75869(6) 0.45486(11) 0.24131(6)
H58 H 0.7646 0.4397 0.2354
O22 O 0.84620(6) 0.38157(6) 0.18188(5)
C125 C 0.67476(13) 0.42305(14) 0.29609(12)
H59 H 0.6609 0.4157 0.2889
C126 C 0.68453(13) 0.44306(13) 0.28627(12)
H60 H 0.6783 0.4490 0.2713
O23 O 0.68188(5) 0.38157(6) 0.34620(6)
C127 C 0.70391(12) 0.57695(14) 0.32524(13)
H61 H 0.7111 0.5843 0.3391
C128 C 0.71373(12) 0.55694(13) 0.31547(13)
H62 H 0.7287 0.5510 0.3217
O24 O 0.65380(6) 0.61843(6) 0.31812(5)
C129 C 0.82524(13) 0.42305(14) 0.20391(12)
H63 H 0.8391 0.4157 0.2111
C130 C 0.81547(13) 0.44306(13) 0.21373(12)
H64 H 0.8217 0.4490 0.2287
O25 O 0.81812(5) 0.38157(6) 0.15380(6)
C131 C 0.79609(12) 0.57695(14) 0.17476(13)
H65 H 0.7889 0.5843 0.1609
C132 C 0.78627(12) 0.55694(13) 0.18453(13)
H66 H 0.7713 0.5510 0.1783
O26 O 0.84620(6) 0.61843(6) 0.18188(5)
O27 O 0.63383(11) 0.63383(11) 0.63383(11)
O28 O 0.66920(10) 0.66920(10) 0.66920(10)
U2 U 0.65150(2) 0.65150(2) 0.65150(2)
O29 O 0.63383(11) 0.36617(11) 0.36617(11)
O30 O 0.66920(10) 0.33080(10) 0.33080(10)
U3 U 0.65150(2) 0.34850(2) 0.34850(2)
O31 O 0.36617(11) 0.63383(11) 0.36617(11)
O32 O 0.33080(10) 0.66920(10) 0.33080(10)
U4 U 0.34850(2) 0.65150(2) 0.34850(2)
O33 O 0.68188(5) 0.34620(6) 0.38157(6)
O34 O 0.31812(5) 0.65380(6) 0.38157(6)
O35 O 0.34620(6) 0.61843(6) 0.31812(5)
O36 O 0.65380(6) 0.61843(6) 0.68188(5)
O37 O 0.61843(6) 0.68188(5) 0.65380(6)
O38 O 0.61843(6) 0.31812(5) 0.34620(6)
O39 O 0.65380(6) 0.31812(5) 0.38157(6)
O40 O 0.34620(6) 0.68188(5) 0.38157(6)
O41 O 0.61843(6) 0.34620(6) 0.31812(5)
O42 O 0.61843(6) 0.65380(6) 0.68188(5)
O43 O 0.31812(5) 0.61843(6) 0.34620(6)
O44 O 0.68188(5) 0.61843(6) 0.65380(6)
U5 U 0.65150(2) 0.84850(2) 0.15150(2)
U6 U 0.34850(2) 0.84850(2) 0.15150(2)
U7 U 0.84850(2) 0.65150(2) 0.15150(2)
U8 U 0.84850(2) 0.34850(2) 0.15150(2)
U9 U 0.84850(2) 0.84850(2) 0.34850(2)
U10 U 0.84850(2) 0.84850(2) 0.65150(2)
C1_2 C 0.32764(11) 0.32764(11) 0.39058(17)
C2_2 C 0.31565(9) 0.31565(9) 0.41359(13)
C3_2 C 0.29609(12) 0.32524(13) 0.42305(14)
H1_2 H 0.2889 0.3391 0.4157
C4_2 C 0.28627(12) 0.31547(13) 0.44306(13)
H2_2 H 0.2713 0.3217 0.4490
C5_2 C 0.29715(9) 0.29715(9) 0.45479(14)
C6_2 C 0.28612(12) 0.28612(12) 0.47829(15)
C7_2 C 0.29450(12) 0.29450(12) 0.5000
H3_2 H 0.3067 0.3067 0.5000
C8_2 C 0.26843(11) 0.26843(11) 0.47639(11)
C9_2 C 0.25869(6) 0.25869(6) 0.45486(11)
H4_2 H 0.2646 0.2646 0.4397
C10_2 C 0.25926(10) 0.25926(10) 0.5000
O1_2 O 0.34620(6) 0.31812(5) 0.38157(6)
O2_2 O 0.36617(11) 0.36617(11) 0.36617(11)
O3_2 O 0.33080(10) 0.33080(10) 0.33080(10)
U1_2 U 0.34850(2) 0.34850(2) 0.34850(2)
C11_2 C 0.32764(11) 0.32764(11) 0.60942(17)
C12_2 C 0.31565(9) 0.31565(9) 0.58641(13)
C13_2 C 0.32524(13) 0.29609(12) 0.57695(14)
H5_2 H 0.3391 0.2889 0.5843
C14_2 C 0.31547(13) 0.28627(12) 0.55694(13)
H6_2 H 0.3217 0.2713 0.5510
C15_2 C 0.29715(9) 0.29715(9) 0.54521(14)
C16_2 C 0.28612(12) 0.28612(12) 0.52171(15)
C17_2 C 0.26843(11) 0.26843(11) 0.52361(11)
C18_2 C 0.25869(6) 0.25869(6) 0.54514(11)
H7_2 H 0.2646 0.2646 0.5603
O4_2 O 0.31812(5) 0.34620(6) 0.61843(6)
C19_2 C 0.17236(11) 0.17236(11) 0.39058(17)
C20_2 C 0.18435(9) 0.18435(9) 0.41359(13)
C21_2 C 0.20391(12) 0.17476(13) 0.42305(14)
H8_2 H 0.2111 0.1609 0.4157
C22_2 C 0.21373(12) 0.18453(13) 0.44306(13)
H9_2 H 0.2287 0.1783 0.4490
C23_2 C 0.20285(9) 0.20285(9) 0.45479(14)
C24_2 C 0.21388(12) 0.21388(12) 0.47829(15)
C25_2 C 0.20550(12) 0.20550(12) 0.5000
H10_2 H 0.1933 0.1933 0.5000
C26_2 C 0.23157(11) 0.23157(11) 0.47639(11)
C27_2 C 0.24131(6) 0.24131(6) 0.45486(11)
H11_2 H 0.2354 0.2354 0.4397
C28_2 C 0.24074(10) 0.24074(10) 0.5000
O5_2 O 0.15380(6) 0.18188(5) 0.38157(6)
C29_2 C 0.17236(11) 0.17236(11) 0.60942(17)
C30_2 C 0.18435(9) 0.18435(9) 0.58641(13)
C31_2 C 0.17476(13) 0.20391(12) 0.57695(14)
H12_2 H 0.1609 0.2111 0.5843
C32_2 C 0.18453(13) 0.21373(12) 0.55694(13)
H13_2 H 0.1783 0.2287 0.5510
C33_2 C 0.20285(9) 0.20285(9) 0.54521(14)
C34_2 C 0.21388(12) 0.21388(12) 0.52171(15)
C35_2 C 0.23157(11) 0.23157(11) 0.52361(11)
C36_2 C 0.24131(6) 0.24131(6) 0.54514(11)
H14_2 H 0.2354 0.2354 0.5603
O6_2 O 0.18188(5) 0.15380(6) 0.61843(6)
C37_2 C 0.29609(12) 0.32524(13) 0.57695(14)
H15_2 H 0.2889 0.3391 0.5843
C38_2 C 0.28627(12) 0.31547(13) 0.55694(13)
H16_2 H 0.2713 0.3217 0.5510
O7_2 O 0.34620(6) 0.31812(5) 0.61843(6)
C39_2 C 0.32524(13) 0.29609(12) 0.42305(14)
H17_2 H 0.3391 0.2889 0.4157
C40_2 C 0.31547(13) 0.28627(12) 0.44306(13)
H18_2 H 0.3217 0.2713 0.4490
O8_2 O 0.31812(5) 0.34620(6) 0.38157(6)
C41_2 C 0.20391(12) 0.17476(13) 0.57695(14)
H19_2 H 0.2111 0.1609 0.5843
C42_2 C 0.21373(12) 0.18453(13) 0.55694(13)
H20_2 H 0.2287 0.1783 0.5510
O9_2 O 0.15380(6) 0.18188(5) 0.61843(6)
C43_2 C 0.17476(13) 0.20391(12) 0.42305(14)
H21_2 H 0.1609 0.2111 0.4157
C44_2 C 0.18453(13) 0.21373(12) 0.44306(13)
H22_2 H 0.1783 0.2287 0.4490
O10_2 O 0.18188(5) 0.15380(6) 0.38157(6)
C45_2 C 0.39058(17) 0.32764(11) 0.32764(11)
C46_2 C 0.41359(13) 0.31565(9) 0.31565(9)
C47_2 C 0.42305(14) 0.29609(12) 0.32524(13)
H23_2 H 0.4157 0.2889 0.3391
C48_2 C 0.44306(13) 0.28627(12) 0.31547(13)
H24_2 H 0.4490 0.2713 0.3217
C49_2 C 0.45479(14) 0.29715(9) 0.29715(9)
C50_2 C 0.47829(15) 0.28612(12) 0.28612(12)
C51_2 C 0.5000 0.29450(12) 0.29450(12)
H25_2 H 0.5000 0.3067 0.3067
C52_2 C 0.47639(11) 0.26843(11) 0.26843(11)
C53_2 C 0.45486(11) 0.25869(6) 0.25869(6)
H26_2 H 0.4397 0.2646 0.2646
C54_2 C 0.5000 0.25926(10) 0.25926(10)
O11_2 O 0.38157(6) 0.34620(6) 0.31812(5)
C55_2 C 0.60942(17) 0.32764(11) 0.32764(11)
C56_2 C 0.58641(13) 0.31565(9) 0.31565(9)
C57_2 C 0.57695(14) 0.32524(13) 0.29609(12)
H27_2 H 0.5843 0.3391 0.2889
C58_2 C 0.55694(13) 0.31547(13) 0.28627(12)
H28_2 H 0.5510 0.3217 0.2713
C59_2 C 0.54521(14) 0.29715(9) 0.29715(9)
C60_2 C 0.52171(15) 0.28612(12) 0.28612(12)
C61_2 C 0.52361(11) 0.26843(11) 0.26843(11)
C62_2 C 0.54514(11) 0.25869(6) 0.25869(6)
H29_2 H 0.5603 0.2646 0.2646
C63_2 C 0.39058(17) 0.17236(11) 0.17236(11)
C64_2 C 0.41359(13) 0.18435(9) 0.18435(9)
C65_2 C 0.42305(14) 0.20391(12) 0.17476(13)
H30_2 H 0.4157 0.2111 0.1609
C66_2 C 0.44306(13) 0.21373(12) 0.18453(13)
H31_2 H 0.4490 0.2287 0.1783
C67_2 C 0.45479(14) 0.20285(9) 0.20285(9)
C68_2 C 0.47829(15) 0.21388(12) 0.21388(12)
C69_2 C 0.5000 0.20550(12) 0.20550(12)
H32_2 H 0.5000 0.1933 0.1933
C70_2 C 0.47639(11) 0.23157(11) 0.23157(11)
C71_2 C 0.45486(11) 0.24131(6) 0.24131(6)
H33_2 H 0.4397 0.2354 0.2354
C72_2 C 0.5000 0.24074(10) 0.24074(10)
O13_2 O 0.38157(6) 0.15380(6) 0.18188(5)
C73_2 C 0.60942(17) 0.17236(11) 0.17236(11)
C74_2 C 0.58641(13) 0.18435(9) 0.18435(9)
C75_2 C 0.57695(14) 0.17476(13) 0.20391(12)
H34_2 H 0.5843 0.1609 0.2111
C76_2 C 0.55694(13) 0.18453(13) 0.21373(12)
H35_2 H 0.5510 0.1783 0.2287
C77_2 C 0.54521(14) 0.20285(9) 0.20285(9)
C78_2 C 0.52171(15) 0.21388(12) 0.21388(12)
C79_2 C 0.52361(11) 0.23157(11) 0.23157(11)
C80_2 C 0.54514(11) 0.24131(6) 0.24131(6)
H36_2 H 0.5603 0.2354 0.2354
O14_2 O 0.61843(6) 0.18188(5) 0.15380(6)
C81_2 C 0.57695(14) 0.29609(12) 0.32524(13)
H37_2 H 0.5843 0.2889 0.3391
C82_2 C 0.55694(13) 0.28627(12) 0.31547(13)
H38_2 H 0.5510 0.2713 0.3217
C83_2 C 0.42305(14) 0.32524(13) 0.29609(12)
H39_2 H 0.4157 0.3391 0.2889
C84_2 C 0.44306(13) 0.31547(13) 0.28627(12)
H40_2 H 0.4490 0.3217 0.2713
O16_2 O 0.38157(6) 0.31812(5) 0.34620(6)
C85_2 C 0.57695(14) 0.20391(12) 0.17476(13)
H41_2 H 0.5843 0.2111 0.1609
C86_2 C 0.55694(13) 0.21373(12) 0.18453(13)
H42_2 H 0.5510 0.2287 0.1783
O17_2 O 0.61843(6) 0.15380(6) 0.18188(5)
C87_2 C 0.42305(14) 0.17476(13) 0.20391(12)
H43_2 H 0.4157 0.1609 0.2111
C88_2 C 0.44306(13) 0.18453(13) 0.21373(12)
H44_2 H 0.4490 0.1783 0.2287
O18_2 O 0.38157(6) 0.18188(5) 0.15380(6)
C89_2 C 0.32764(11) 0.39058(17) 0.32764(11)
C90_2 C 0.31565(9) 0.41359(13) 0.31565(9)
C91_2 C 0.32524(13) 0.42305(14) 0.29609(12)
H45_2 H 0.3391 0.4157 0.2889
C92_2 C 0.31547(13) 0.44306(13) 0.28627(12)
H46_2 H 0.3217 0.4490 0.2713
C93_2 C 0.29715(9) 0.45479(14) 0.29715(9)
C94_2 C 0.28612(12) 0.47829(15) 0.28612(12)
C95_2 C 0.29450(12) 0.5000 0.29450(12)
H47_2 H 0.3067 0.5000 0.3067
C96_2 C 0.26843(11) 0.47639(11) 0.26843(11)
C97_2 C 0.25869(6) 0.45486(11) 0.25869(6)
H48_2 H 0.2646 0.4397 0.2646
C98_2 C 0.25926(10) 0.5000 0.25926(10)
O19_2 O 0.31812(5) 0.38157(6) 0.34620(6)
C99_2 C 0.32764(11) 0.60942(17) 0.32764(11)
C100_2 C 0.31565(9) 0.58641(13) 0.31565(9)
C101_2 C 0.29609(12) 0.57695(14) 0.32524(13)
H49_2 H 0.2889 0.5843 0.3391
C102_2 C 0.28627(12) 0.55694(13) 0.31547(13)
H50_2 H 0.2713 0.5510 0.3217
C103_2 C 0.29715(9) 0.54521(14) 0.29715(9)
C104_2 C 0.28612(12) 0.52171(15) 0.28612(12)
C105_2 C 0.26843(11) 0.52361(11) 0.26843(11)
C106_2 C 0.25869(6) 0.54514(11) 0.25869(6)
H51_2 H 0.2646 0.5603 0.2646
C107_2 C 0.17236(11) 0.39058(17) 0.17236(11)
C108_2 C 0.18435(9) 0.41359(13) 0.18435(9)
C109_2 C 0.17476(13) 0.42305(14) 0.20391(12)
H52_2 H 0.1609 0.4157 0.2111
C110_2 C 0.18453(13) 0.44306(13) 0.21373(12)
H53_2 H 0.1783 0.4490 0.2287
C111_2 C 0.20285(9) 0.45479(14) 0.20285(9)
C112_2 C 0.21388(12) 0.47829(15) 0.21388(12)
C113_2 C 0.20550(12) 0.5000 0.20550(12)
H54_2 H 0.1933 0.5000 0.1933
C114_2 C 0.23157(11) 0.47639(11) 0.23157(11)
C115_2 C 0.24131(6) 0.45486(11) 0.24131(6)
H55_2 H 0.2354 0.4397 0.2354
C116_2 C 0.24074(10) 0.5000 0.24074(10)
O21_2 O 0.18188(5) 0.38157(6) 0.15380(6)
C117_2 C 0.17236(11) 0.60942(17) 0.17236(11)
C118_2 C 0.18435(9) 0.58641(13) 0.18435(9)
C119_2 C 0.20391(12) 0.57695(14) 0.17476(13)
H56_2 H 0.2111 0.5843 0.1609
C120_2 C 0.21373(12) 0.55694(13) 0.18453(13)
H57_2 H 0.2287 0.5510 0.1783
C121_2 C 0.20285(9) 0.54521(14) 0.20285(9)
C122_2 C 0.21388(12) 0.52171(15) 0.21388(12)
C123_2 C 0.23157(11) 0.52361(11) 0.23157(11)
C124_2 C 0.24131(6) 0.54514(11) 0.24131(6)
H58_2 H 0.2354 0.5603 0.2354
O22_2 O 0.15380(6) 0.61843(6) 0.18188(5)
C125_2 C 0.32524(13) 0.57695(14) 0.29609(12)
H59_2 H 0.3391 0.5843 0.2889
C126_2 C 0.31547(13) 0.55694(13) 0.28627(12)
H60_2 H 0.3217 0.5510 0.2713
C127_2 C 0.29609(12) 0.42305(14) 0.32524(13)
H61_2 H 0.2889 0.4157 0.3391
C128_2 C 0.28627(12) 0.44306(13) 0.31547(13)
H62_2 H 0.2713 0.4490 0.3217
O24_2 O 0.34620(6) 0.38157(6) 0.31812(5)
C129_2 C 0.17476(13) 0.57695(14) 0.20391(12)
H63_2 H 0.1609 0.5843 0.2111
C130_2 C 0.18453(13) 0.55694(13) 0.21373(12)
H64_2 H 0.1783 0.5510 0.2287
O25_2 O 0.18188(5) 0.61843(6) 0.15380(6)
C131_2 C 0.20391(12) 0.42305(14) 0.17476(13)
H65_2 H 0.2111 0.4157 0.1609
C132_2 C 0.21373(12) 0.44306(13) 0.18453(13)
H66_2 H 0.2287 0.4490 0.1783
O26_2 O 0.15380(6) 0.38157(6) 0.18188(5)
O27_2 O 0.36617(11) 0.36617(11) 0.63383(11)
O28_2 O 0.33080(10) 0.33080(10) 0.66920(10)
U2_2 U 0.34850(2) 0.34850(2) 0.65150(2)
O36_2 O 0.34620(6) 0.38157(6) 0.68188(5)
O37_2 O 0.38157(6) 0.31812(5) 0.65380(6)
O42_2 O 0.38157(6) 0.34620(6) 0.68188(5)
O44_2 O 0.31812(5) 0.38157(6) 0.65380(6)
U5_2 U 0.34850(2) 0.15150(2) 0.15150(2)
U6_2 U 0.65150(2) 0.15150(2) 0.15150(2)
U7_2 U 0.15150(2) 0.34850(2) 0.15150(2)
U8_2 U 0.15150(2) 0.65150(2) 0.15150(2)
U9_2 U 0.15150(2) 0.15150(2) 0.34850(2)
U10_2 U 0.15150(2) 0.15150(2) 0.65150(2)
C1_3 C 0.32764(11) 0.67236(11) 0.60942(17)
C2_3 C 0.31565(9) 0.68435(9) 0.58641(13)
C3_3 C 0.29609(12) 0.67476(13) 0.57695(14)
H1_3 H 0.2889 0.6609 0.5843
C4_3 C 0.28627(12) 0.68453(13) 0.55694(13)
H2_3 H 0.2713 0.6783 0.5510
C5_3 C 0.29715(9) 0.70285(9) 0.54521(14)
C6_3 C 0.28612(12) 0.71388(12) 0.52171(15)
C7_3 C 0.29450(12) 0.70550(12) 0.5000
H3_3 H 0.3067 0.6933 0.5000
C8_3 C 0.26843(11) 0.73157(11) 0.52361(11)
C9_3 C 0.25869(6) 0.74131(6) 0.54514(11)
H4_3 H 0.2646 0.7354 0.5603
C10_3 C 0.25926(10) 0.74074(10) 0.5000
O1_3 O 0.34620(6) 0.68188(5) 0.61843(6)
O2_3 O 0.36617(11) 0.63383(11) 0.63383(11)
O3_3 O 0.33080(10) 0.66920(10) 0.66920(10)
U1_3 U 0.34850(2) 0.65150(2) 0.65150(2)
C11_3 C 0.32764(11) 0.67236(11) 0.39058(17)
C12_3 C 0.31565(9) 0.68435(9) 0.41359(13)
C13_3 C 0.32524(13) 0.70391(12) 0.42305(14)
H5_3 H 0.3391 0.7111 0.4157
C14_3 C 0.31547(13) 0.71373(12) 0.44306(13)
H6_3 H 0.3217 0.7287 0.4490
C15_3 C 0.29715(9) 0.70285(9) 0.45479(14)
C16_3 C 0.28612(12) 0.71388(12) 0.47829(15)
C17_3 C 0.26843(11) 0.73157(11) 0.47639(11)
C18_3 C 0.25869(6) 0.74131(6) 0.45486(11)
H7_3 H 0.2646 0.7354 0.4397
C19_3 C 0.17236(11) 0.82764(11) 0.60942(17)
C20_3 C 0.18435(9) 0.81565(9) 0.58641(13)
C21_3 C 0.20391(12) 0.82524(13) 0.57695(14)
H8_3 H 0.2111 0.8391 0.5843
C22_3 C 0.21373(12) 0.81547(13) 0.55694(13)
H9_3 H 0.2287 0.8217 0.5510
C23_3 C 0.20285(9) 0.79715(9) 0.54521(14)
C24_3 C 0.21388(12) 0.78612(12) 0.52171(15)
C25_3 C 0.20550(12) 0.79450(12) 0.5000
H10_3 H 0.1933 0.8067 0.5000
C26_3 C 0.23157(11) 0.76843(11) 0.52361(11)
C27_3 C 0.24131(6) 0.75869(6) 0.54514(11)
H11_3 H 0.2354 0.7646 0.5603
C28_3 C 0.24074(10) 0.75926(10) 0.5000
O5_3 O 0.15380(6) 0.81812(5) 0.61843(6)
C29_3 C 0.17236(11) 0.82764(11) 0.39058(17)
C30_3 C 0.18435(9) 0.81565(9) 0.41359(13)
C31_3 C 0.17476(13) 0.79609(12) 0.42305(14)
H12_3 H 0.1609 0.7889 0.4157
C32_3 C 0.18453(13) 0.78627(12) 0.44306(13)
H13_3 H 0.1783 0.7713 0.4490
C33_3 C 0.20285(9) 0.79715(9) 0.45479(14)
C34_3 C 0.21388(12) 0.78612(12) 0.47829(15)
C35_3 C 0.23157(11) 0.76843(11) 0.47639(11)
C36_3 C 0.24131(6) 0.75869(6) 0.45486(11)
H14_3 H 0.2354 0.7646 0.4397
O6_3 O 0.18188(5) 0.84620(6) 0.38157(6)
C37_3 C 0.29609(12) 0.67476(13) 0.42305(14)
H15_3 H 0.2889 0.6609 0.4157
C38_3 C 0.28627(12) 0.68453(13) 0.44306(13)
H16_3 H 0.2713 0.6783 0.4490
C39_3 C 0.32524(13) 0.70391(12) 0.57695(14)
H17_3 H 0.3391 0.7111 0.5843
C40_3 C 0.31547(13) 0.71373(12) 0.55694(13)
H18_3 H 0.3217 0.7287 0.5510
O8_3 O 0.31812(5) 0.65380(6) 0.61843(6)
C41_3 C 0.20391(12) 0.82524(13) 0.42305(14)
H19_3 H 0.2111 0.8391 0.4157
C42_3 C 0.21373(12) 0.81547(13) 0.44306(13)
H20_3 H 0.2287 0.8217 0.4490
O9_3 O 0.15380(6) 0.81812(5) 0.38157(6)
C43_3 C 0.17476(13) 0.79609(12) 0.57695(14)
H21_3 H 0.1609 0.7889 0.5843
C44_3 C 0.18453(13) 0.78627(12) 0.55694(13)
H22_3 H 0.1783 0.7713 0.5510
O10_3 O 0.18188(5) 0.84620(6) 0.61843(6)
C45_3 C 0.39058(17) 0.67236(11) 0.67236(11)
C46_3 C 0.41359(13) 0.68435(9) 0.68435(9)
C47_3 C 0.42305(14) 0.70391(12) 0.67476(13)
H23_3 H 0.4157 0.7111 0.6609
C48_3 C 0.44306(13) 0.71373(12) 0.68453(13)
H24_3 H 0.4490 0.7287 0.6783
C49_3 C 0.45479(14) 0.70285(9) 0.70285(9)
C50_3 C 0.47829(15) 0.71388(12) 0.71388(12)
C51_3 C 0.5000 0.70550(12) 0.70550(12)
H25_3 H 0.5000 0.6933 0.6933
C52_3 C 0.47639(11) 0.73157(11) 0.73157(11)
C53_3 C 0.45486(11) 0.74131(6) 0.74131(6)
H26_3 H 0.4397 0.7354 0.7354
C54_3 C 0.5000 0.74074(10) 0.74074(10)
O11_3 O 0.38157(6) 0.65380(6) 0.68188(5)
C55_3 C 0.60942(17) 0.67236(11) 0.67236(11)
C56_3 C 0.58641(13) 0.68435(9) 0.68435(9)
C57_3 C 0.57695(14) 0.67476(13) 0.70391(12)
H27_3 H 0.5843 0.6609 0.7111
C58_3 C 0.55694(13) 0.68453(13) 0.71373(12)
H28_3 H 0.5510 0.6783 0.7287
C59_3 C 0.54521(14) 0.70285(9) 0.70285(9)
C60_3 C 0.52171(15) 0.71388(12) 0.71388(12)
C61_3 C 0.52361(11) 0.73157(11) 0.73157(11)
C62_3 C 0.54514(11) 0.74131(6) 0.74131(6)
H29_3 H 0.5603 0.7354 0.7354
C63_3 C 0.39058(17) 0.82764(11) 0.82764(11)
C64_3 C 0.41359(13) 0.81565(9) 0.81565(9)
C65_3 C 0.42305(14) 0.79609(12) 0.82524(13)
H30_3 H 0.4157 0.7889 0.8391
C66_3 C 0.44306(13) 0.78627(12) 0.81547(13)
H31_3 H 0.4490 0.7713 0.8217
C67_3 C 0.45479(14) 0.79715(9) 0.79715(9)
C68_3 C 0.47829(15) 0.78612(12) 0.78612(12)
C69_3 C 0.5000 0.79450(12) 0.79450(12)
H32_3 H 0.5000 0.8067 0.8067
C70_3 C 0.47639(11) 0.76843(11) 0.76843(11)
C71_3 C 0.45486(11) 0.75869(6) 0.75869(6)
H33_3 H 0.4397 0.7646 0.7646
C72_3 C 0.5000 0.75926(10) 0.75926(10)
O13_3 O 0.38157(6) 0.84620(6) 0.81812(5)
C73_3 C 0.60942(17) 0.82764(11) 0.82764(11)
C74_3 C 0.58641(13) 0.81565(9) 0.81565(9)
C75_3 C 0.57695(14) 0.82524(13) 0.79609(12)
H34_3 H 0.5843 0.8391 0.7889
C76_3 C 0.55694(13) 0.81547(13) 0.78627(12)
H35_3 H 0.5510 0.8217 0.7713
C77_3 C 0.54521(14) 0.79715(9) 0.79715(9)
C78_3 C 0.52171(15) 0.78612(12) 0.78612(12)
C79_3 C 0.52361(11) 0.76843(11) 0.76843(11)
C80_3 C 0.54514(11) 0.75869(6) 0.75869(6)
H36_3 H 0.5603 0.7646 0.7646
O14_3 O 0.61843(6) 0.81812(5) 0.84620(6)
C81_3 C 0.57695(14) 0.70391(12) 0.67476(13)
H37_3 H 0.5843 0.7111 0.6609
C82_3 C 0.55694(13) 0.71373(12) 0.68453(13)
H38_3 H 0.5510 0.7287 0.6783
C83_3 C 0.42305(14) 0.67476(13) 0.70391(12)
H39_3 H 0.4157 0.6609 0.7111
C84_3 C 0.44306(13) 0.68453(13) 0.71373(12)
H40_3 H 0.4490 0.6783 0.7287
O16_3 O 0.38157(6) 0.68188(5) 0.65380(6)
C85_3 C 0.57695(14) 0.79609(12) 0.82524(13)
H41_3 H 0.5843 0.7889 0.8391
C86_3 C 0.55694(13) 0.78627(12) 0.81547(13)
H42_3 H 0.5510 0.7713 0.8217
O17_3 O 0.61843(6) 0.84620(6) 0.81812(5)
C87_3 C 0.42305(14) 0.82524(13) 0.79609(12)
H43_3 H 0.4157 0.8391 0.7889
C88_3 C 0.44306(13) 0.81547(13) 0.78627(12)
H44_3 H 0.4490 0.8217 0.7713
O18_3 O 0.38157(6) 0.81812(5) 0.84620(6)
C89_3 C 0.32764(11) 0.60942(17) 0.67236(11)
C90_3 C 0.31565(9) 0.58641(13) 0.68435(9)
C91_3 C 0.32524(13) 0.57695(14) 0.70391(12)
H45_3 H 0.3391 0.5843 0.7111
C92_3 C 0.31547(13) 0.55694(13) 0.71373(12)
H46_3 H 0.3217 0.5510 0.7287
C93_3 C 0.29715(9) 0.54521(14) 0.70285(9)
C94_3 C 0.28612(12) 0.52171(15) 0.71388(12)
C95_3 C 0.29450(12) 0.5000 0.70550(12)
H47_3 H 0.3067 0.5000 0.6933
C96_3 C 0.26843(11) 0.52361(11) 0.73157(11)
C97_3 C 0.25869(6) 0.54514(11) 0.74131(6)
H48_3 H 0.2646 0.5603 0.7354
C98_3 C 0.25926(10) 0.5000 0.74074(10)
O19_3 O 0.31812(5) 0.61843(6) 0.65380(6)
C99_3 C 0.32764(11) 0.39058(17) 0.67236(11)
C100_3 C 0.31565(9) 0.41359(13) 0.68435(9)
C101_3 C 0.29609(12) 0.42305(14) 0.67476(13)
H49_3 H 0.2889 0.4157 0.6609
C102_3 C 0.28627(12) 0.44306(13) 0.68453(13)
H50_3 H 0.2713 0.4490 0.6783
C103_3 C 0.29715(9) 0.45479(14) 0.70285(9)
C104_3 C 0.28612(12) 0.47829(15) 0.71388(12)
C105_3 C 0.26843(11) 0.47639(11) 0.73157(11)
C106_3 C 0.25869(6) 0.45486(11) 0.74131(6)
H51_3 H 0.2646 0.4397 0.7354
C107_3 C 0.17236(11) 0.60942(17) 0.82764(11)
C108_3 C 0.18435(9) 0.58641(13) 0.81565(9)
C109_3 C 0.17476(13) 0.57695(14) 0.79609(12)
H52_3 H 0.1609 0.5843 0.7889
C110_3 C 0.18453(13) 0.55694(13) 0.78627(12)
H53_3 H 0.1783 0.5510 0.7713
C111_3 C 0.20285(9) 0.54521(14) 0.79715(9)
C112_3 C 0.21388(12) 0.52171(15) 0.78612(12)
C113_3 C 0.20550(12) 0.5000 0.79450(12)
H54_3 H 0.1933 0.5000 0.8067
C114_3 C 0.23157(11) 0.52361(11) 0.76843(11)
C115_3 C 0.24131(6) 0.54514(11) 0.75869(6)
H55_3 H 0.2354 0.5603 0.7646
C116_3 C 0.24074(10) 0.5000 0.75926(10)
O21_3 O 0.18188(5) 0.61843(6) 0.84620(6)
C117_3 C 0.17236(11) 0.39058(17) 0.82764(11)
C118_3 C 0.18435(9) 0.41359(13) 0.81565(9)
C119_3 C 0.20391(12) 0.42305(14) 0.82524(13)
H56_3 H 0.2111 0.4157 0.8391
C120_3 C 0.21373(12) 0.44306(13) 0.81547(13)
H57_3 H 0.2287 0.4490 0.8217
C121_3 C 0.20285(9) 0.45479(14) 0.79715(9)
C122_3 C 0.21388(12) 0.47829(15) 0.78612(12)
C123_3 C 0.23157(11) 0.47639(11) 0.76843(11)
C124_3 C 0.24131(6) 0.45486(11) 0.75869(6)
H58_3 H 0.2354 0.4397 0.7646
O22_3 O 0.15380(6) 0.38157(6) 0.81812(5)
C125_3 C 0.32524(13) 0.42305(14) 0.70391(12)
H59_3 H 0.3391 0.4157 0.7111
C126_3 C 0.31547(13) 0.44306(13) 0.71373(12)
H60_3 H 0.3217 0.4490 0.7287
C127_3 C 0.29609(12) 0.57695(14) 0.67476(13)
H61_3 H 0.2889 0.5843 0.6609
C128_3 C 0.28627(12) 0.55694(13) 0.68453(13)
H62_3 H 0.2713 0.5510 0.6783
O24_3 O 0.34620(6) 0.61843(6) 0.68188(5)
C129_3 C 0.17476(13) 0.42305(14) 0.79609(12)
H63_3 H 0.1609 0.4157 0.7889
C130_3 C 0.18453(13) 0.44306(13) 0.78627(12)
H64_3 H 0.1783 0.4490 0.7713
O25_3 O 0.18188(5) 0.38157(6) 0.84620(6)
C131_3 C 0.20391(12) 0.57695(14) 0.82524(13)
H65_3 H 0.2111 0.5843 0.8391
C132_3 C 0.21373(12) 0.55694(13) 0.81547(13)
H66_3 H 0.2287 0.5510 0.8217
O26_3 O 0.15380(6) 0.61843(6) 0.81812(5)
U5_3 U 0.34850(2) 0.84850(2) 0.84850(2)
U6_3 U 0.65150(2) 0.84850(2) 0.84850(2)
U7_3 U 0.15150(2) 0.65150(2) 0.84850(2)
U8_3 U 0.15150(2) 0.34850(2) 0.84850(2)
U9_3 U 0.15150(2) 0.84850(2) 0.65150(2)
U10_3 U 0.15150(2) 0.84850(2) 0.34850(2)
C1_4 C 0.67236(11) 0.32764(11) 0.60942(17)
C2_4 C 0.68435(9) 0.31565(9) 0.58641(13)
C3_4 C 0.70391(12) 0.32524(13) 0.57695(14)
H1_4 H 0.7111 0.3391 0.5843
C4_4 C 0.71373(12) 0.31547(13) 0.55694(13)
H2_4 H 0.7287 0.3217 0.5510
C5_4 C 0.70285(9) 0.29715(9) 0.54521(14)
C6_4 C 0.71388(12) 0.28612(12) 0.52171(15)
C7_4 C 0.70550(12) 0.29450(12) 0.5000
H3_4 H 0.6933 0.3067 0.5000
C8_4 C 0.73157(11) 0.26843(11) 0.52361(11)
C9_4 C 0.74131(6) 0.25869(6) 0.54514(11)
H4_4 H 0.7354 0.2646 0.5603
C10_4 C 0.74074(10) 0.25926(10) 0.5000
O1_4 O 0.65380(6) 0.31812(5) 0.61843(6)
O2_4 O 0.63383(11) 0.36617(11) 0.63383(11)
O3_4 O 0.66920(10) 0.33080(10) 0.66920(10)
U1_4 U 0.65150(2) 0.34850(2) 0.65150(2)
C11_4 C 0.67236(11) 0.32764(11) 0.39058(17)
C12_4 C 0.68435(9) 0.31565(9) 0.41359(13)
C13_4 C 0.67476(13) 0.29609(12) 0.42305(14)
H5_4 H 0.6609 0.2889 0.4157
C14_4 C 0.68453(13) 0.28627(12) 0.44306(13)
H6_4 H 0.6783 0.2713 0.4490
C15_4 C 0.70285(9) 0.29715(9) 0.45479(14)
C16_4 C 0.71388(12) 0.28612(12) 0.47829(15)
C17_4 C 0.73157(11) 0.26843(11) 0.47639(11)
C18_4 C 0.74131(6) 0.25869(6) 0.45486(11)
H7_4 H 0.7354 0.2646 0.4397
C19_4 C 0.82764(11) 0.17236(11) 0.60942(17)
C20_4 C 0.81565(9) 0.18435(9) 0.58641(13)
C21_4 C 0.79609(12) 0.17476(13) 0.57695(14)
H8_4 H 0.7889 0.1609 0.5843
C22_4 C 0.78627(12) 0.18453(13) 0.55694(13)
H9_4 H 0.7713 0.1783 0.5510
C23_4 C 0.79715(9) 0.20285(9) 0.54521(14)
C24_4 C 0.78612(12) 0.21388(12) 0.52171(15)
C25_4 C 0.79450(12) 0.20550(12) 0.5000
H10_4 H 0.8067 0.1933 0.5000
C26_4 C 0.76843(11) 0.23157(11) 0.52361(11)
C27_4 C 0.75869(6) 0.24131(6) 0.54514(11)
H11_4 H 0.7646 0.2354 0.5603
C28_4 C 0.75926(10) 0.24074(10) 0.5000
O5_4 O 0.84620(6) 0.18188(5) 0.61843(6)
C29_4 C 0.82764(11) 0.17236(11) 0.39058(17)
C30_4 C 0.81565(9) 0.18435(9) 0.41359(13)
C31_4 C 0.82524(13) 0.20391(12) 0.42305(14)
H12_4 H 0.8391 0.2111 0.4157
C32_4 C 0.81547(13) 0.21373(12) 0.44306(13)
H13_4 H 0.8217 0.2287 0.4490
C33_4 C 0.79715(9) 0.20285(9) 0.45479(14)
C34_4 C 0.78612(12) 0.21388(12) 0.47829(15)
C35_4 C 0.76843(11) 0.23157(11) 0.47639(11)
C36_4 C 0.75869(6) 0.24131(6) 0.45486(11)
H14_4 H 0.7646 0.2354 0.4397
O6_4 O 0.81812(5) 0.15380(6) 0.38157(6)
C37_4 C 0.70391(12) 0.32524(13) 0.42305(14)
H15_4 H 0.7111 0.3391 0.4157
C38_4 C 0.71373(12) 0.31547(13) 0.44306(13)
H16_4 H 0.7287 0.3217 0.4490
C39_4 C 0.67476(13) 0.29609(12) 0.57695(14)
H17_4 H 0.6609 0.2889 0.5843
C40_4 C 0.68453(13) 0.28627(12) 0.55694(13)
H18_4 H 0.6783 0.2713 0.5510
O8_4 O 0.68188(5) 0.34620(6) 0.61843(6)
C41_4 C 0.79609(12) 0.17476(13) 0.42305(14)
H19_4 H 0.7889 0.1609 0.4157
C42_4 C 0.78627(12) 0.18453(13) 0.44306(13)
H20_4 H 0.7713 0.1783 0.4490
O9_4 O 0.84620(6) 0.18188(5) 0.38157(6)
C43_4 C 0.82524(13) 0.20391(12) 0.57695(14)
H21_4 H 0.8391 0.2111 0.5843
C44_4 C 0.81547(13) 0.21373(12) 0.55694(13)
H22_4 H 0.8217 0.2287 0.5510
O10_4 O 0.81812(5) 0.15380(6) 0.61843(6)
C45_4 C 0.60942(17) 0.32764(11) 0.67236(11)
C46_4 C 0.58641(13) 0.31565(9) 0.68435(9)
C47_4 C 0.57695(14) 0.29609(12) 0.67476(13)
H23_4 H 0.5843 0.2889 0.6609
C48_4 C 0.55694(13) 0.28627(12) 0.68453(13)
H24_4 H 0.5510 0.2713 0.6783
C49_4 C 0.54521(14) 0.29715(9) 0.70285(9)
C50_4 C 0.52171(15) 0.28612(12) 0.71388(12)
C51_4 C 0.5000 0.29450(12) 0.70550(12)
H25_4 H 0.5000 0.3067 0.6933
C52_4 C 0.52361(11) 0.26843(11) 0.73157(11)
C53_4 C 0.54514(11) 0.25869(6) 0.74131(6)
H26_4 H 0.5603 0.2646 0.7354
C54_4 C 0.5000 0.25926(10) 0.74074(10)
O11_4 O 0.61843(6) 0.34620(6) 0.68188(5)
C55_4 C 0.39058(17) 0.32764(11) 0.67236(11)
C56_4 C 0.41359(13) 0.31565(9) 0.68435(9)
C57_4 C 0.42305(14) 0.32524(13) 0.70391(12)
H27_4 H 0.4157 0.3391 0.7111
C58_4 C 0.44306(13) 0.31547(13) 0.71373(12)
H28_4 H 0.4490 0.3217 0.7287
C59_4 C 0.45479(14) 0.29715(9) 0.70285(9)
C60_4 C 0.47829(15) 0.28612(12) 0.71388(12)
C61_4 C 0.47639(11) 0.26843(11) 0.73157(11)
C62_4 C 0.45486(11) 0.25869(6) 0.74131(6)
H29_4 H 0.4397 0.2646 0.7354
C63_4 C 0.60942(17) 0.17236(11) 0.82764(11)
C64_4 C 0.58641(13) 0.18435(9) 0.81565(9)
C65_4 C 0.57695(14) 0.20391(12) 0.82524(13)
H30_4 H 0.5843 0.2111 0.8391
C66_4 C 0.55694(13) 0.21373(12) 0.81547(13)
H31_4 H 0.5510 0.2287 0.8217
C67_4 C 0.54521(14) 0.20285(9) 0.79715(9)
C68_4 C 0.52171(15) 0.21388(12) 0.78612(12)
C69_4 C 0.5000 0.20550(12) 0.79450(12)
H32_4 H 0.5000 0.1933 0.8067
C70_4 C 0.52361(11) 0.23157(11) 0.76843(11)
C71_4 C 0.54514(11) 0.24131(6) 0.75869(6)
H33_4 H 0.5603 0.2354 0.7646
C72_4 C 0.5000 0.24074(10) 0.75926(10)
O13_4 O 0.61843(6) 0.15380(6) 0.81812(5)
C73_4 C 0.39058(17) 0.17236(11) 0.82764(11)
C74_4 C 0.41359(13) 0.18435(9) 0.81565(9)
C75_4 C 0.42305(14) 0.17476(13) 0.79609(12)
H34_4 H 0.4157 0.1609 0.7889
C76_4 C 0.44306(13) 0.18453(13) 0.78627(12)
H35_4 H 0.4490 0.1783 0.7713
C77_4 C 0.45479(14) 0.20285(9) 0.79715(9)
C78_4 C 0.47829(15) 0.21388(12) 0.78612(12)
C79_4 C 0.47639(11) 0.23157(11) 0.76843(11)
C80_4 C 0.45486(11) 0.24131(6) 0.75869(6)
H36_4 H 0.4397 0.2354 0.7646
O14_4 O 0.38157(6) 0.18188(5) 0.84620(6)
C81_4 C 0.42305(14) 0.29609(12) 0.67476(13)
H37_4 H 0.4157 0.2889 0.6609
C82_4 C 0.44306(13) 0.28627(12) 0.68453(13)
H38_4 H 0.4490 0.2713 0.6783
C83_4 C 0.57695(14) 0.32524(13) 0.70391(12)
H39_4 H 0.5843 0.3391 0.7111
C84_4 C 0.55694(13) 0.31547(13) 0.71373(12)
H40_4 H 0.5510 0.3217 0.7287
O16_4 O 0.61843(6) 0.31812(5) 0.65380(6)
C85_4 C 0.42305(14) 0.20391(12) 0.82524(13)
H41_4 H 0.4157 0.2111 0.8391
C86_4 C 0.44306(13) 0.21373(12) 0.81547(13)
H42_4 H 0.4490 0.2287 0.8217
O17_4 O 0.38157(6) 0.15380(6) 0.81812(5)
C87_4 C 0.57695(14) 0.17476(13) 0.79609(12)
H43_4 H 0.5843 0.1609 0.7889
C88_4 C 0.55694(13) 0.18453(13) 0.78627(12)
H44_4 H 0.5510 0.1783 0.7713
O18_4 O 0.61843(6) 0.18188(5) 0.84620(6)
C89_4 C 0.67236(11) 0.39058(17) 0.67236(11)
C90_4 C 0.68435(9) 0.41359(13) 0.68435(9)
C91_4 C 0.67476(13) 0.42305(14) 0.70391(12)
H45_4 H 0.6609 0.4157 0.7111
C92_4 C 0.68453(13) 0.44306(13) 0.71373(12)
H46_4 H 0.6783 0.4490 0.7287
C93_4 C 0.70285(9) 0.45479(14) 0.70285(9)
C94_4 C 0.71388(12) 0.47829(15) 0.71388(12)
C95_4 C 0.70550(12) 0.5000 0.70550(12)
H47_4 H 0.6933 0.5000 0.6933
C96_4 C 0.73157(11) 0.47639(11) 0.73157(11)
C97_4 C 0.74131(6) 0.45486(11) 0.74131(6)
H48_4 H 0.7354 0.4397 0.7354
C98_4 C 0.74074(10) 0.5000 0.74074(10)
O19_4 O 0.68188(5) 0.38157(6) 0.65380(6)
C99_4 C 0.67236(11) 0.60942(17) 0.67236(11)
C100_4 C 0.68435(9) 0.58641(13) 0.68435(9)
C101_4 C 0.70391(12) 0.57695(14) 0.67476(13)
H49_4 H 0.7111 0.5843 0.6609
C102_4 C 0.71373(12) 0.55694(13) 0.68453(13)
H50_4 H 0.7287 0.5510 0.6783
C103_4 C 0.70285(9) 0.54521(14) 0.70285(9)
C104_4 C 0.71388(12) 0.52171(15) 0.71388(12)
C105_4 C 0.73157(11) 0.52361(11) 0.73157(11)
C106_4 C 0.74131(6) 0.54514(11) 0.74131(6)
H51_4 H 0.7354 0.5603 0.7354
C107_4 C 0.82764(11) 0.39058(17) 0.82764(11)
C108_4 C 0.81565(9) 0.41359(13) 0.81565(9)
C109_4 C 0.82524(13) 0.42305(14) 0.79609(12)
H52_4 H 0.8391 0.4157 0.7889
C110_4 C 0.81547(13) 0.44306(13) 0.78627(12)
H53_4 H 0.8217 0.4490 0.7713
C111_4 C 0.79715(9) 0.45479(14) 0.79715(9)
C112_4 C 0.78612(12) 0.47829(15) 0.78612(12)
C113_4 C 0.79450(12) 0.5000 0.79450(12)
H54_4 H 0.8067 0.5000 0.8067
C114_4 C 0.76843(11) 0.47639(11) 0.76843(11)
C115_4 C 0.75869(6) 0.45486(11) 0.75869(6)
H55_4 H 0.7646 0.4397 0.7646
C116_4 C 0.75926(10) 0.5000 0.75926(10)
O21_4 O 0.81812(5) 0.38157(6) 0.84620(6)
C117_4 C 0.82764(11) 0.60942(17) 0.82764(11)
C118_4 C 0.81565(9) 0.58641(13) 0.81565(9)
C119_4 C 0.79609(12) 0.57695(14) 0.82524(13)
H56_4 H 0.7889 0.5843 0.8391
C120_4 C 0.78627(12) 0.55694(13) 0.81547(13)
H57_4 H 0.7713 0.5510 0.8217
C121_4 C 0.79715(9) 0.54521(14) 0.79715(9)
C122_4 C 0.78612(12) 0.52171(15) 0.78612(12)
C123_4 C 0.76843(11) 0.52361(11) 0.76843(11)
C124_4 C 0.75869(6) 0.54514(11) 0.75869(6)
H58_4 H 0.7646 0.5603 0.7646
O22_4 O 0.84620(6) 0.61843(6) 0.81812(5)
C125_4 C 0.67476(13) 0.57695(14) 0.70391(12)
H59_4 H 0.6609 0.5843 0.7111
C126_4 C 0.68453(13) 0.55694(13) 0.71373(12)
H60_4 H 0.6783 0.5510 0.7287
C127_4 C 0.70391(12) 0.42305(14) 0.67476(13)
H61_4 H 0.7111 0.4157 0.6609
C128_4 C 0.71373(12) 0.44306(13) 0.68453(13)
H62_4 H 0.7287 0.4490 0.6783
O24_4 O 0.65380(6) 0.38157(6) 0.68188(5)
C129_4 C 0.82524(13) 0.57695(14) 0.79609(12)
H63_4 H 0.8391 0.5843 0.7889
C130_4 C 0.81547(13) 0.55694(13) 0.78627(12)
H64_4 H 0.8217 0.5510 0.7713
O25_4 O 0.81812(5) 0.61843(6) 0.84620(6)
C131_4 C 0.79609(12) 0.42305(14) 0.82524(13)
H65_4 H 0.7889 0.4157 0.8391
C132_4 C 0.78627(12) 0.44306(13) 0.81547(13)
H66_4 H 0.7713 0.4490 0.8217
O26_4 O 0.84620(6) 0.38157(6) 0.81812(5)
U5_4 U 0.65150(2) 0.15150(2) 0.84850(2)
U6_4 U 0.34850(2) 0.15150(2) 0.84850(2)
U7_4 U 0.84850(2) 0.34850(2) 0.84850(2)
U8_4 U 0.84850(2) 0.65150(2) 0.84850(2)
U9_4 U 0.84850(2) 0.15150(2) 0.65150(2)
U10_4 U 0.84850(2) 0.15150(2) 0.34850(2)
C7_5 C 0.70550(12) 0.20550(12) 0.0000
H3_5 H 0.6933 0.1933 0.0000
C10_5 C 0.74074(10) 0.24074(10) 0.0000
C11_5 C 0.67236(11) 0.17236(11) 0.10942(17)
C12_5 C 0.68435(9) 0.18435(9) 0.08641(13)
C13_5 C 0.67476(13) 0.20391(12) 0.07695(14)
H5_5 H 0.6609 0.2111 0.0843
C14_5 C 0.68453(13) 0.21373(12) 0.05694(13)
H6_5 H 0.6783 0.2287 0.0510
C15_5 C 0.70285(9) 0.20285(9) 0.04521(14)
C16_5 C 0.71388(12) 0.21388(12) 0.02171(15)
C17_5 C 0.73157(11) 0.23157(11) 0.02361(11)
C18_5 C 0.74131(6) 0.24131(6) 0.04514(11)
H7_5 H 0.7354 0.2354 0.0603
O4_3 O 0.68188(5) 0.15380(6) 0.11843(6)
C25_5 C 0.79450(12) 0.29450(12) 0.0000
H10_5 H 0.8067 0.3067 0.0000
C28_5 C 0.75926(10) 0.25926(10) 0.0000
C29_5 C 0.82764(11) 0.32764(11) 0.10942(17)
C30_5 C 0.81565(9) 0.31565(9) 0.08641(13)
C31_5 C 0.82524(13) 0.29609(12) 0.07695(14)
H12_5 H 0.8391 0.2889 0.0843
C32_5 C 0.81547(13) 0.28627(12) 0.05694(13)
H13_5 H 0.8217 0.2713 0.0510
C33_5 C 0.79715(9) 0.29715(9) 0.04521(14)
C34_5 C 0.78612(12) 0.28612(12) 0.02171(15)
C35_5 C 0.76843(11) 0.26843(11) 0.02361(11)
C36_5 C 0.75869(6) 0.25869(6) 0.04514(11)
H14_5 H 0.7646 0.2646 0.0603
O6_5 O 0.81812(5) 0.34620(6) 0.11843(6)
C37_5 C 0.70391(12) 0.17476(13) 0.07695(14)
H15_5 H 0.7111 0.1609 0.0843
C38_5 C 0.71373(12) 0.18453(13) 0.05694(13)
H16_5 H 0.7287 0.1783 0.0510
O7_3 O 0.65380(6) 0.18188(5) 0.11843(6)
C41_5 C 0.79609(12) 0.32524(13) 0.07695(14)
H19_5 H 0.7889 0.3391 0.0843
C42_5 C 0.78627(12) 0.31547(13) 0.05694(13)
H20_5 H 0.7713 0.3217 0.0510
O9_5 O 0.84620(6) 0.31812(5) 0.11843(6)
O27_3 O 0.63383(11) 0.13383(11) 0.13383(11)
O28_3 O 0.66920(10) 0.16920(10) 0.16920(10)
O36_3 O 0.65380(6) 0.11843(6) 0.18188(5)
O44_3 O 0.68188(5) 0.11843(6) 0.15380(6)
C1_5 C 0.67236(11) 0.17236(11) 0.89058(17)
C2_5 C 0.68435(9) 0.18435(9) 0.91359(13)
C3_5 C 0.70391(12) 0.17476(13) 0.92305(14)
H1_5 H 0.7111 0.1609 0.9157
C4_5 C 0.71373(12) 0.18453(13) 0.94306(13)
H2_5 H 0.7287 0.1783 0.9490
C5_5 C 0.70285(9) 0.20285(9) 0.95479(14)
C6_5 C 0.71388(12) 0.21388(12) 0.97829(15)
C7_6 C 0.70550(12) 0.20550(12) 1.0000
H3_6 H 0.6933 0.1933 1.0000
C8_5 C 0.73157(11) 0.23157(11) 0.97639(11)
C9_5 C 0.74131(6) 0.24131(6) 0.95486(11)
H4_5 H 0.7354 0.2354 0.9397
C10_6 C 0.74074(10) 0.24074(10) 1.0000
O1_5 O 0.65380(6) 0.18188(5) 0.88157(6)
O2_5 O 0.63383(11) 0.13383(11) 0.86617(11)
O3_5 O 0.66920(10) 0.16920(10) 0.83080(10)
C19_5 C 0.82764(11) 0.32764(11) 0.89058(17)
