
###############################################################################
#
# This file contains modified crystal structure data generated from the
# MOF subset of the Cambridge Structural Database (CSD) v543 
# hosted by the Cambridge Crystallographic Data Centre (CCDC).
#
# This work is licensed under the Creative Commons
# Attribution-NonCommercial-ShareAlike 4.0 International License.
# To view a copy of this license, visit
# http://creativecommons.org/licenses/by-nc-sa/4.0/
# or send a letter to
# Creative Commons, PO Box 1866, Mountain View, CA 94042, USA.
#
# CIF created using the CSD Python API on 29 September 2022
# The structure has been converted into the P1 space group
# The structure has a 3D framework
# The original CSD entry WIZMAV13 is in the cubic crystal system
# The framework has been calculated to contain at least 10.0% void space
# The void calculation uses a probe of radius 1.32A, grid spacing 0.4
#
###############################################################################

data_WIZMAV13
_chemical_formula_moiety         '(C504 H288 O152 Zr26)n'
_symmetry_cell_setting           triclinic
_symmetry_space_group_name_H-M   'P 1'
_symmetry_Int_Tables_number      1
_space_group_name_Hall           'P 1'
loop_
_symmetry_equiv_pos_site_id
_symmetry_equiv_pos_as_xyz
1 x,y,z
_cell_length_a                   26.742(10)
_cell_length_b                   26.742
_cell_length_c                   26.742
_cell_angle_alpha                90
_cell_angle_beta                 90
_cell_angle_gamma                90
_cell_volume                     19124.1
loop_
_atom_site_label
_atom_site_type_symbol
_atom_site_fract_x
_atom_site_fract_y
_atom_site_fract_z
Zr1 Zr 0.40757(2) 0.0000 0.0000
C1 C 0.38246(11) 0.11754(11) 0.0000
O1 O 0.36730(8) 0.07193(8) 0.0000
C2 C 0.34355(12) 0.15645(12) 0.0000
C3 C 0.26977(13) 0.23023(13) 0.0000
C4 C 0.35601(17) 0.20589(16) 0.0000
H1 H 0.3902 0.2156 0.0000
C5 C 0.31866(17) 0.24229(19) 0.0000
H2 H 0.3280 0.2766 0.0000
C6 C 0.11754(11) 0.38246(11) 0.0000
O3 O 0.07193(8) 0.36730(8) 0.0000
C7 C 0.15645(12) 0.34355(12) 0.0000
C8 C 0.23023(13) 0.26977(13) 0.0000
C9 C 0.20589(16) 0.35601(17) 0.0000
H3 H 0.2156 0.3902 0.0000
C10 C 0.24229(19) 0.31866(17) 0.0000
H4 H 0.2766 0.3280 0.0000
O4 O 0.13270(8) 0.42807(8) 0.0000
C11 C 0.14399(17) 0.29411(16) 0.0000
H5 H 0.1098 0.2844 0.0000
C12 C 0.18134(17) 0.25771(19) 0.0000
H6 H 0.1720 0.2234 0.0000
O5 O 0.42807(8) 0.13270(8) 0.0000
C13 C 0.29411(16) 0.14399(17) 0.0000
H7 H 0.2844 0.1098 0.0000
C14 C 0.25771(19) 0.18134(17) 0.0000
H8 H 0.2234 0.1720 0.0000
Zr2 Zr 0.0000 0.40757(2) 0.0000
O14 O 0.45411(12) 0.04589(12) 0.04589(12)
Zr5 Zr 0.5000 0.0000 0.09243(2)
Zr10 Zr 0.09243(2) 0.5000 0.0000
Zr12 Zr 0.5000 0.09243(2) 0.0000
O17 O 0.36730(8) 0.0000 0.07193(8)
O19 O 0.0000 0.36730(8) 0.07193(8)
O30 O 0.04589(12) 0.45411(12) 0.04589(12)
Zr1_2 Zr 0.40757(2) 0.0000 1.0000
C1_2 C 0.38246(11) 0.11754(11) 1.0000
O1_2 O 0.36730(8) 0.07193(8) 1.0000
O2 O 0.45411(12) 0.04589(12) 0.95411(12)
C2_2 C 0.34355(12) 0.15645(12) 1.0000
C3_2 C 0.26977(13) 0.23023(13) 1.0000
C4_2 C 0.35601(17) 0.20589(16) 1.0000
H1_2 H 0.3902 0.2156 1.0000
C5_2 C 0.31866(17) 0.24229(19) 1.0000
H2_2 H 0.3280 0.2766 1.0000
C6_2 C 0.11754(11) 0.38246(11) 1.0000
O3_2 O 0.07193(8) 0.36730(8) 1.0000
C7_2 C 0.15645(12) 0.34355(12) 1.0000
C8_2 C 0.23023(13) 0.26977(13) 1.0000
C9_2 C 0.20589(16) 0.35601(17) 1.0000
H3_2 H 0.2156 0.3902 1.0000
C10_2 C 0.24229(19) 0.31866(17) 1.0000
H4_2 H 0.2766 0.3280 1.0000
O4_2 O 0.13270(8) 0.42807(8) 1.0000
C11_2 C 0.14399(17) 0.29411(16) 1.0000
H5_2 H 0.1098 0.2844 1.0000
C12_2 C 0.18134(17) 0.25771(19) 1.0000
H6_2 H 0.1720 0.2234 1.0000
O5_2 O 0.42807(8) 0.13270(8) 1.0000
C13_2 C 0.29411(16) 0.14399(17) 1.0000
H7_2 H 0.2844 0.1098 1.0000
C14_2 C 0.25771(19) 0.18134(17) 1.0000
H8_2 H 0.2234 0.1720 1.0000
Zr2_2 Zr 0.0000 0.40757(2) 1.0000
Zr6 Zr 0.5000 0.0000 0.90757(2)
Zr10_2 Zr 0.09243(2) 0.5000 1.0000
Zr12_2 Zr 0.5000 0.09243(2) 1.0000
O18 O 0.36730(8) 0.0000 0.92807(8)
O22 O 0.0000 0.36730(8) 0.92807(8)
O29 O 0.04589(12) 0.45411(12) 0.95411(12)
Zr1_3 Zr 0.40757(2) 1.0000 0.0000
Zr3 Zr 0.0000 0.59243(2) 0.0000
C29 C 0.11754(11) 0.61754(11) 0.0000
O10 O 0.07193(8) 0.63270(8) 0.0000
C30 C 0.15645(12) 0.65645(12) 0.0000
C31 C 0.23023(13) 0.73023(13) 0.0000
C32 C 0.20589(16) 0.64399(17) 0.0000
H17 H 0.2156 0.6098 0.0000
C33 C 0.24229(19) 0.68134(17) 0.0000
H18 H 0.2766 0.6720 0.0000
C34 C 0.38246(11) 0.88246(11) 0.0000
O11 O 0.36730(8) 0.92807(8) 0.0000
C35 C 0.34355(12) 0.84355(12) 0.0000
C36 C 0.26977(13) 0.76977(13) 0.0000
C37 C 0.35601(17) 0.79411(16) 0.0000
H19 H 0.3902 0.7844 0.0000
C38 C 0.31866(17) 0.75771(19) 0.0000
H20 H 0.3280 0.7234 0.0000
O12 O 0.42807(8) 0.86730(8) 0.0000
C39 C 0.29411(16) 0.85601(17) 0.0000
H21 H 0.2844 0.8902 0.0000
C40 C 0.25771(19) 0.81866(17) 0.0000
H22 H 0.2234 0.8280 0.0000
O13 O 0.13270(8) 0.57193(8) 0.0000
C41 C 0.14399(17) 0.70589(16) 0.0000
H23 H 0.1098 0.7156 0.0000
C42 C 0.18134(17) 0.74229(19) 0.0000
H24 H 0.1720 0.7766 0.0000
O15 O 0.45411(12) 0.95411(12) 0.04589(12)
Zr5_2 Zr 0.5000 1.0000 0.09243(2)
Zr8 Zr 0.5000 0.90757(2) 0.0000
O17_2 O 0.36730(8) 1.0000 0.07193(8)
O21 O 0.0000 0.63270(8) 0.07193(8)
O28 O 0.04589(12) 0.54589(12) 0.04589(12)
Zr1_4 Zr 0.40757(2) 1.0000 1.0000
Zr3_2 Zr 0.0000 0.59243(2) 1.0000
C29_2 C 0.11754(11) 0.61754(11) 1.0000
O10_2 O 0.07193(8) 0.63270(8) 1.0000
C30_2 C 0.15645(12) 0.65645(12) 1.0000
C31_2 C 0.23023(13) 0.73023(13) 1.0000
C32_2 C 0.20589(16) 0.64399(17) 1.0000
H17_2 H 0.2156 0.6098 1.0000
C33_2 C 0.24229(19) 0.68134(17) 1.0000
H18_2 H 0.2766 0.6720 1.0000
C34_2 C 0.38246(11) 0.88246(11) 1.0000
O11_2 O 0.36730(8) 0.92807(8) 1.0000
C35_2 C 0.34355(12) 0.84355(12) 1.0000
C36_2 C 0.26977(13) 0.76977(13) 1.0000
C37_2 C 0.35601(17) 0.79411(16) 1.0000
H19_2 H 0.3902 0.7844 1.0000
C38_2 C 0.31866(17) 0.75771(19) 1.0000
H20_2 H 0.3280 0.7234 1.0000
O12_2 O 0.42807(8) 0.86730(8) 1.0000
C39_2 C 0.29411(16) 0.85601(17) 1.0000
H21_2 H 0.2844 0.8902 1.0000
C40_2 C 0.25771(19) 0.81866(17) 1.0000
H22_2 H 0.2234 0.8280 1.0000
O13_2 O 0.13270(8) 0.57193(8) 1.0000
C41_2 C 0.14399(17) 0.70589(16) 1.0000
H23_2 H 0.1098 0.7156 1.0000
C42_2 C 0.18134(17) 0.74229(19) 1.0000
H24_2 H 0.1720 0.7766 1.0000
O16 O 0.45411(12) 0.95411(12) 0.95411(12)
Zr6_2 Zr 0.5000 1.0000 0.90757(2)
Zr8_2 Zr 0.5000 0.90757(2) 1.0000
O18_2 O 0.36730(8) 1.0000 0.92807(8)
O20 O 0.0000 0.63270(8) 0.92807(8)
O25 O 0.04589(12) 0.54589(12) 0.95411(12)
Zr2_3 Zr 1.0000 0.40757(2) 0.0000
C15 C 0.88246(11) 0.38246(11) 0.0000
O6 O 0.92807(8) 0.36730(8) 0.0000
C16 C 0.84355(12) 0.34355(12) 0.0000
C17 C 0.76977(13) 0.26977(13) 0.0000
C18 C 0.79411(16) 0.35601(17) 0.0000
H9 H 0.7844 0.3902 0.0000
C19 C 0.75771(19) 0.31866(17) 0.0000
H10 H 0.7234 0.3280 0.0000
C20 C 0.61754(11) 0.11754(11) 0.0000
O7 O 0.63270(8) 0.07193(8) 0.0000
C21 C 0.65645(12) 0.15645(12) 0.0000
C22 C 0.73023(13) 0.23023(13) 0.0000
C23 C 0.64399(17) 0.20589(16) 0.0000
H11 H 0.6098 0.2156 0.0000
C24 C 0.68134(17) 0.24229(19) 0.0000
H12 H 0.6720 0.2766 0.0000
O8 O 0.57193(8) 0.13270(8) 0.0000
C25 C 0.70589(16) 0.14399(17) 0.0000
H13 H 0.7156 0.1098 0.0000
C26 C 0.74229(19) 0.18134(17) 0.0000
H14 H 0.7766 0.1720 0.0000
O9 O 0.86730(8) 0.42807(8) 0.0000
C27 C 0.85601(17) 0.29411(16) 0.0000
H15 H 0.8902 0.2844 0.0000
C28 C 0.81866(17) 0.25771(19) 0.0000
H16 H 0.8280 0.2234 0.0000
Zr4 Zr 0.59243(2) 0.0000 0.0000
Zr7 Zr 0.90757(2) 0.5000 0.0000
O19_2 O 1.0000 0.36730(8) 0.07193(8)
O26 O 0.95411(12) 0.45411(12) 0.04589(12)
Zr2_4 Zr 1.0000 0.40757(2) 1.0000
C15_2 C 0.88246(11) 0.38246(11) 1.0000
O6_2 O 0.92807(8) 0.36730(8) 1.0000
C16_2 C 0.84355(12) 0.34355(12) 1.0000
C17_2 C 0.76977(13) 0.26977(13) 1.0000
C18_2 C 0.79411(16) 0.35601(17) 1.0000
H9_2 H 0.7844 0.3902 1.0000
C19_2 C 0.75771(19) 0.31866(17) 1.0000
H10_2 H 0.7234 0.3280 1.0000
C20_2 C 0.61754(11) 0.11754(11) 1.0000
O7_2 O 0.63270(8) 0.07193(8) 1.0000
C21_2 C 0.65645(12) 0.15645(12) 1.0000
C22_2 C 0.73023(13) 0.23023(13) 1.0000
C23_2 C 0.64399(17) 0.20589(16) 1.0000
H11_2 H 0.6098 0.2156 1.0000
C24_2 C 0.68134(17) 0.24229(19) 1.0000
H12_2 H 0.6720 0.2766 1.0000
O8_2 O 0.57193(8) 0.13270(8) 1.0000
C25_2 C 0.70589(16) 0.14399(17) 1.0000
H13_2 H 0.7156 0.1098 1.0000
C26_2 C 0.74229(19) 0.18134(17) 1.0000
H14_2 H 0.7766 0.1720 1.0000
O9_2 O 0.86730(8) 0.42807(8) 1.0000
C27_2 C 0.85601(17) 0.29411(16) 1.0000
H15_2 H 0.8902 0.2844 1.0000
C28_2 C 0.81866(17) 0.25771(19) 1.0000
H16_2 H 0.8280 0.2234 1.0000
Zr4_2 Zr 0.59243(2) 0.0000 1.0000
Zr7_2 Zr 0.90757(2) 0.5000 1.0000
O22_2 O 1.0000 0.36730(8) 0.92807(8)
O24 O 0.95411(12) 0.45411(12) 0.95411(12)
Zr3_3 Zr 1.0000 0.59243(2) 0.0000
Zr4_3 Zr 0.59243(2) 1.0000 0.0000
O21_2 O 1.0000 0.63270(8) 0.07193(8)
O23 O 0.92807(8) 0.63270(8) 0.0000
O31 O 0.95411(12) 0.54589(12) 0.04589(12)
Zr3_4 Zr 1.0000 0.59243(2) 1.0000
Zr4_4 Zr 0.59243(2) 1.0000 1.0000
O20_2 O 1.0000 0.63270(8) 0.92807(8)
O23_2 O 0.92807(8) 0.63270(8) 1.0000
O27 O 0.95411(12) 0.54589(12) 0.95411(12)
Zr5_3 Zr 0.0000 0.5000 0.09243(2)
Zr6_3 Zr 0.0000 0.5000 0.90757(2)
Zr5_4 Zr 1.0000 0.5000 0.09243(2)
O19_3 O 0.63270(8) 0.0000 0.07193(8)
O30_2 O 0.54589(12) 0.04589(12) 0.04589(12)
Zr6_4 Zr 1.0000 0.5000 0.90757(2)
O22_3 O 0.63270(8) 0.0000 0.92807(8)
O29_2 O 0.54589(12) 0.04589(12) 0.95411(12)
C15_3 C 0.61754(11) 0.88246(11) 0.0000
O6_3 O 0.63270(8) 0.92807(8) 0.0000
C16_3 C 0.65645(12) 0.84355(12) 0.0000
C17_3 C 0.73023(13) 0.76977(13) 0.0000
C18_3 C 0.64399(17) 0.79411(16) 0.0000
H9_3 H 0.6098 0.7844 0.0000
C19_3 C 0.68134(17) 0.75771(19) 0.0000
H10_3 H 0.6720 0.7234 0.0000
C20_3 C 0.88246(11) 0.61754(11) 0.0000
C21_3 C 0.84355(12) 0.65645(12) 0.0000
C22_3 C 0.76977(13) 0.73023(13) 0.0000
C23_3 C 0.79411(16) 0.64399(17) 0.0000
H11_3 H 0.7844 0.6098 0.0000
C24_3 C 0.75771(19) 0.68134(17) 0.0000
H12_3 H 0.7234 0.6720 0.0000
O8_3 O 0.86730(8) 0.57193(8) 0.0000
C25_3 C 0.85601(17) 0.70589(16) 0.0000
H13_3 H 0.8902 0.7156 0.0000
C26_3 C 0.81866(17) 0.74229(19) 0.0000
H14_3 H 0.8280 0.7766 0.0000
O9_3 O 0.57193(8) 0.86730(8) 0.0000
C27_3 C 0.70589(16) 0.85601(17) 0.0000
H15_3 H 0.7156 0.8902 0.0000
C28_3 C 0.74229(19) 0.81866(17) 0.0000
H16_3 H 0.7766 0.8280 0.0000
O19_4 O 0.63270(8) 1.0000 0.07193(8)
O26_2 O 0.54589(12) 0.95411(12) 0.04589(12)
C15_4 C 0.61754(11) 0.88246(11) 1.0000
O6_4 O 0.63270(8) 0.92807(8) 1.0000
C16_4 C 0.65645(12) 0.84355(12) 1.0000
C17_4 C 0.73023(13) 0.76977(13) 1.0000
C18_4 C 0.64399(17) 0.79411(16) 1.0000
H9_4 H 0.6098 0.7844 1.0000
C19_4 C 0.68134(17) 0.75771(19) 1.0000
H10_4 H 0.6720 0.7234 1.0000
C20_4 C 0.88246(11) 0.61754(11) 1.0000
C21_4 C 0.84355(12) 0.65645(12) 1.0000
C22_4 C 0.76977(13) 0.73023(13) 1.0000
C23_4 C 0.79411(16) 0.64399(17) 1.0000
H11_4 H 0.7844 0.6098 1.0000
C24_4 C 0.75771(19) 0.68134(17) 1.0000
H12_4 H 0.7234 0.6720 1.0000
O8_4 O 0.86730(8) 0.57193(8) 1.0000
C25_4 C 0.85601(17) 0.70589(16) 1.0000
H13_4 H 0.8902 0.7156 1.0000
C26_4 C 0.81866(17) 0.74229(19) 1.0000
H14_4 H 0.8280 0.7766 1.0000
O9_4 O 0.57193(8) 0.86730(8) 1.0000
C27_4 C 0.70589(16) 0.85601(17) 1.0000
H15_4 H 0.7156 0.8902 1.0000
C28_4 C 0.74229(19) 0.81866(17) 1.0000
H16_4 H 0.7766 0.8280 1.0000
O22_4 O 0.63270(8) 1.0000 0.92807(8)
O24_2 O 0.54589(12) 0.95411(12) 0.95411(12)
C1_3 C 0.38246(11) 0.0000 0.11754(11)
C2_3 C 0.34355(12) 0.0000 0.15645(12)
C3_3 C 0.26977(13) 0.0000 0.23023(13)
C4_3 C 0.35601(17) 0.0000 0.20589(16)
H1_3 H 0.3902 0.0000 0.2156
C5_3 C 0.31866(17) 0.0000 0.24229(19)
H2_3 H 0.3280 0.0000 0.2766
C6_3 C 0.11754(11) 0.0000 0.38246(11)
O3_3 O 0.07193(8) 0.0000 0.36730(8)
C7_3 C 0.15645(12) 0.0000 0.34355(12)
C8_3 C 0.23023(13) 0.0000 0.26977(13)
C9_3 C 0.20589(16) 0.0000 0.35601(17)
H3_3 H 0.2156 0.0000 0.3902
C10_3 C 0.24229(19) 0.0000 0.31866(17)
H4_3 H 0.2766 0.0000 0.3280
O4_3 O 0.13270(8) 0.0000 0.42807(8)
C11_3 C 0.14399(17) 0.0000 0.29411(16)
H5_3 H 0.1098 0.0000 0.2844
C12_3 C 0.18134(17) 0.0000 0.25771(19)
H6_3 H 0.1720 0.0000 0.2234
O5_3 O 0.42807(8) 0.0000 0.13270(8)
C13_3 C 0.29411(16) 0.0000 0.14399(17)
H7_3 H 0.2844 0.0000 0.1098
C14_3 C 0.25771(19) 0.0000 0.18134(17)
H8_3 H 0.2234 0.0000 0.1720
Zr2_5 Zr 0.0000 0.0000 0.40757(2)
Zr10_3 Zr 0.09243(2) 0.0000 0.5000
O22_5 O 0.0000 0.07193(8) 0.36730(8)
O29_3 O 0.04589(12) 0.04589(12) 0.45411(12)
Zr3_5 Zr 0.0000 0.0000 0.59243(2)
C29_3 C 0.11754(11) 0.0000 0.61754(11)
O10_3 O 0.07193(8) 0.0000 0.63270(8)
C30_3 C 0.15645(12) 0.0000 0.65645(12)
C31_3 C 0.23023(13) 0.0000 0.73023(13)
C32_3 C 0.20589(16) 0.0000 0.64399(17)
H17_3 H 0.2156 0.0000 0.6098
C33_3 C 0.24229(19) 0.0000 0.68134(17)
H18_3 H 0.2766 0.0000 0.6720
C34_3 C 0.38246(11) 0.0000 0.88246(11)
C35_3 C 0.34355(12) 0.0000 0.84355(12)
C36_3 C 0.26977(13) 0.0000 0.76977(13)
C37_3 C 0.35601(17) 0.0000 0.79411(16)
H19_3 H 0.3902 0.0000 0.7844
C38_3 C 0.31866(17) 0.0000 0.75771(19)
H20_3 H 0.3280 0.0000 0.7234
O12_3 O 0.42807(8) 0.0000 0.86730(8)
C39_3 C 0.29411(16) 0.0000 0.85601(17)
H21_3 H 0.2844 0.0000 0.8902
C40_3 C 0.25771(19) 0.0000 0.81866(17)
H22_3 H 0.2234 0.0000 0.8280
O13_3 O 0.13270(8) 0.0000 0.57193(8)
C41_3 C 0.14399(17) 0.0000 0.70589(16)
H23_3 H 0.1098 0.0000 0.7156
C42_3 C 0.18134(17) 0.0000 0.74229(19)
H24_3 H 0.1720 0.0000 0.7766
O20_3 O 0.0000 0.07193(8) 0.63270(8)
O25_2 O 0.04589(12) 0.04589(12) 0.54589(12)
C1_4 C 0.38246(11) 1.0000 0.11754(11)
C2_4 C 0.34355(12) 1.0000 0.15645(12)
C3_4 C 0.26977(13) 1.0000 0.23023(13)
C4_4 C 0.35601(17) 1.0000 0.20589(16)
H1_4 H 0.3902 1.0000 0.2156
C5_4 C 0.31866(17) 1.0000 0.24229(19)
H2_4 H 0.3280 1.0000 0.2766
C6_4 C 0.11754(11) 1.0000 0.38246(11)
O3_4 O 0.07193(8) 1.0000 0.36730(8)
C7_4 C 0.15645(12) 1.0000 0.34355(12)
C8_4 C 0.23023(13) 1.0000 0.26977(13)
C9_4 C 0.20589(16) 1.0000 0.35601(17)
H3_4 H 0.2156 1.0000 0.3902
C10_4 C 0.24229(19) 1.0000 0.31866(17)
H4_4 H 0.2766 1.0000 0.3280
O4_4 O 0.13270(8) 1.0000 0.42807(8)
C11_4 C 0.14399(17) 1.0000 0.29411(16)
H5_4 H 0.1098 1.0000 0.2844
C12_4 C 0.18134(17) 1.0000 0.25771(19)
H6_4 H 0.1720 1.0000 0.2234
O5_4 O 0.42807(8) 1.0000 0.13270(8)
C13_4 C 0.29411(16) 1.0000 0.14399(17)
H7_4 H 0.2844 1.0000 0.1098
C14_4 C 0.25771(19) 1.0000 0.18134(17)
H8_4 H 0.2234 1.0000 0.1720
Zr2_6 Zr 0.0000 1.0000 0.40757(2)
Zr10_4 Zr 0.09243(2) 1.0000 0.5000
O19_5 O 0.0000 0.92807(8) 0.36730(8)
O30_3 O 0.04589(12) 0.95411(12) 0.45411(12)
Zr3_6 Zr 0.0000 1.0000 0.59243(2)
C29_4 C 0.11754(11) 1.0000 0.61754(11)
O10_4 O 0.07193(8) 1.0000 0.63270(8)
C30_4 C 0.15645(12) 1.0000 0.65645(12)
C31_4 C 0.23023(13) 1.0000 0.73023(13)
C32_4 C 0.20589(16) 1.0000 0.64399(17)
H17_4 H 0.2156 1.0000 0.6098
C33_4 C 0.24229(19) 1.0000 0.68134(17)
H18_4 H 0.2766 1.0000 0.6720
C34_4 C 0.38246(11) 1.0000 0.88246(11)
C35_4 C 0.34355(12) 1.0000 0.84355(12)
C36_4 C 0.26977(13) 1.0000 0.76977(13)
C37_4 C 0.35601(17) 1.0000 0.79411(16)
H19_4 H 0.3902 1.0000 0.7844
C38_4 C 0.31866(17) 1.0000 0.75771(19)
H20_4 H 0.3280 1.0000 0.7234
O12_4 O 0.42807(8) 1.0000 0.86730(8)
C39_4 C 0.29411(16) 1.0000 0.85601(17)
H21_4 H 0.2844 1.0000 0.8902
C40_4 C 0.25771(19) 1.0000 0.81866(17)
H22_4 H 0.2234 1.0000 0.8280
O13_4 O 0.13270(8) 1.0000 0.57193(8)
C41_4 C 0.14399(17) 1.0000 0.70589(16)
H23_4 H 0.1098 1.0000 0.7156
C42_4 C 0.18134(17) 1.0000 0.74229(19)
H24_4 H 0.1720 1.0000 0.7766
O21_3 O 0.0000 0.92807(8) 0.63270(8)
O28_2 O 0.04589(12) 0.95411(12) 0.54589(12)
Zr2_7 Zr 1.0000 0.0000 0.40757(2)
C15_5 C 0.88246(11) 0.0000 0.38246(11)
O6_5 O 0.92807(8) 0.0000 0.36730(8)
C16_5 C 0.84355(12) 0.0000 0.34355(12)
C17_5 C 0.76977(13) 0.0000 0.26977(13)
C18_5 C 0.79411(16) 0.0000 0.35601(17)
H9_5 H 0.7844 0.0000 0.3902
C19_5 C 0.75771(19) 0.0000 0.31866(17)
H10_5 H 0.7234 0.0000 0.3280
C20_5 C 0.61754(11) 0.0000 0.11754(11)
C21_5 C 0.65645(12) 0.0000 0.15645(12)
C22_5 C 0.73023(13) 0.0000 0.23023(13)
C23_5 C 0.64399(17) 0.0000 0.20589(16)
H11_5 H 0.6098 0.0000 0.2156
C24_5 C 0.68134(17) 0.0000 0.24229(19)
H12_5 H 0.6720 0.0000 0.2766
O8_5 O 0.57193(8) 0.0000 0.13270(8)
C25_5 C 0.70589(16) 0.0000 0.14399(17)
H13_5 H 0.7156 0.0000 0.1098
C26_5 C 0.74229(19) 0.0000 0.18134(17)
H14_5 H 0.7766 0.0000 0.1720
O9_5 O 0.86730(8) 0.0000 0.42807(8)
C27_5 C 0.85601(17) 0.0000 0.29411(16)
H15_5 H 0.8902 0.0000 0.2844
C28_5 C 0.81866(17) 0.0000 0.25771(19)
H16_5 H 0.8280 0.0000 0.2234
Zr7_3 Zr 0.90757(2) 0.0000 0.5000
O22_6 O 1.0000 0.07193(8) 0.36730(8)
O24_3 O 0.95411(12) 0.04589(12) 0.45411(12)
Zr3_7 Zr 1.0000 0.0000 0.59243(2)
O20_4 O 1.0000 0.07193(8) 0.63270(8)
O23_3 O 0.92807(8) 0.0000 0.63270(8)
O27_2 O 0.95411(12) 0.04589(12) 0.54589(12)
Zr2_8 Zr 1.0000 1.0000 0.40757(2)
C15_6 C 0.88246(11) 1.0000 0.38246(11)
O6_6 O 0.92807(8) 1.0000 0.36730(8)
C16_6 C 0.84355(12) 1.0000 0.34355(12)
C17_6 C 0.76977(13) 1.0000 0.26977(13)
C18_6 C 0.79411(16) 1.0000 0.35601(17)
H9_6 H 0.7844 1.0000 0.3902
C19_6 C 0.75771(19) 1.0000 0.31866(17)
H10_6 H 0.7234 1.0000 0.3280
C20_6 C 0.61754(11) 1.0000 0.11754(11)
C21_6 C 0.65645(12) 1.0000 0.15645(12)
C22_6 C 0.73023(13) 1.0000 0.23023(13)
C23_6 C 0.64399(17) 1.0000 0.20589(16)
H11_6 H 0.6098 1.0000 0.2156
C24_6 C 0.68134(17) 1.0000 0.24229(19)
H12_6 H 0.6720 1.0000 0.2766
O8_6 O 0.57193(8) 1.0000 0.13270(8)
C25_6 C 0.70589(16) 1.0000 0.14399(17)
H13_6 H 0.7156 1.0000 0.1098
C26_6 C 0.74229(19) 1.0000 0.18134(17)
H14_6 H 0.7766 1.0000 0.1720
O9_6 O 0.86730(8) 1.0000 0.42807(8)
C27_6 C 0.85601(17) 1.0000 0.29411(16)
H15_6 H 0.8902 1.0000 0.2844
C28_6 C 0.81866(17) 1.0000 0.25771(19)
H16_6 H 0.8280 1.0000 0.2234
Zr7_4 Zr 0.90757(2) 1.0000 0.5000
O19_6 O 1.0000 0.92807(8) 0.36730(8)
O26_3 O 0.95411(12) 0.95411(12) 0.45411(12)
Zr3_8 Zr 1.0000 1.0000 0.59243(2)
O21_4 O 1.0000 0.92807(8) 0.63270(8)
O23_4 O 0.92807(8) 1.0000 0.63270(8)
O31_2 O 0.95411(12) 0.95411(12) 0.54589(12)
C15_7 C 0.88246(11) 0.0000 0.61754(11)
C16_7 C 0.84355(12) 0.0000 0.65645(12)
C17_7 C 0.76977(13) 0.0000 0.73023(13)
C18_7 C 0.79411(16) 0.0000 0.64399(17)
H9_7 H 0.7844 0.0000 0.6098
C19_7 C 0.75771(19) 0.0000 0.68134(17)
H10_7 H 0.7234 0.0000 0.6720
C20_7 C 0.61754(11) 0.0000 0.88246(11)
C21_7 C 0.65645(12) 0.0000 0.84355(12)
C22_7 C 0.73023(13) 0.0000 0.76977(13)
C23_7 C 0.64399(17) 0.0000 0.79411(16)
H11_7 H 0.6098 0.0000 0.7844
C24_7 C 0.68134(17) 0.0000 0.75771(19)
H12_7 H 0.6720 0.0000 0.7234
O8_7 O 0.57193(8) 0.0000 0.86730(8)
C25_7 C 0.70589(16) 0.0000 0.85601(17)
H13_7 H 0.7156 0.0000 0.8902
C26_7 C 0.74229(19) 0.0000 0.81866(17)
H14_7 H 0.7766 0.0000 0.8280
O9_7 O 0.86730(8) 0.0000 0.57193(8)
C27_7 C 0.85601(17) 0.0000 0.70589(16)
H15_7 H 0.8902 0.0000 0.7156
C28_7 C 0.81866(17) 0.0000 0.74229(19)
H16_7 H 0.8280 0.0000 0.7766
C15_8 C 0.88246(11) 1.0000 0.61754(11)
C16_8 C 0.84355(12) 1.0000 0.65645(12)
C17_8 C 0.76977(13) 1.0000 0.73023(13)
C18_8 C 0.79411(16) 1.0000 0.64399(17)
H9_8 H 0.7844 1.0000 0.6098
C19_8 C 0.75771(19) 1.0000 0.68134(17)
H10_8 H 0.7234 1.0000 0.6720
C20_8 C 0.61754(11) 1.0000 0.88246(11)
C21_8 C 0.65645(12) 1.0000 0.84355(12)
C22_8 C 0.73023(13) 1.0000 0.76977(13)
C23_8 C 0.64399(17) 1.0000 0.79411(16)
H11_8 H 0.6098 1.0000 0.7844
C24_8 C 0.68134(17) 1.0000 0.75771(19)
H12_8 H 0.6720 1.0000 0.7234
O8_8 O 0.57193(8) 1.0000 0.86730(8)
C25_8 C 0.70589(16) 1.0000 0.85601(17)
H13_8 H 0.7156 1.0000 0.8902
C26_8 C 0.74229(19) 1.0000 0.81866(17)
H14_8 H 0.7766 1.0000 0.8280
O9_8 O 0.86730(8) 1.0000 0.57193(8)
C27_8 C 0.85601(17) 1.0000 0.70589(16)
H15_8 H 0.8902 1.0000 0.7156
C28_8 C 0.81866(17) 1.0000 0.74229(19)
H16_8 H 0.8280 1.0000 0.7766
C15_9 C -0.0000 0.38246(11) 0.11754(11)
C16_9 C 0.0000 0.34355(12) 0.15645(12)
C17_9 C 0.0000 0.26977(13) 0.23023(13)
C18_9 C 0.0000 0.35601(17) 0.20589(16)
H9_9 H 0.0000 0.3902 0.2156
C19_9 C 0.0000 0.31866(17) 0.24229(19)
H10_9 H 0.0000 0.3280 0.2766
C20_9 C 0.0000 0.11754(11) 0.38246(11)
C21_9 C 0.0000 0.15645(12) 0.34355(12)
C22_9 C 0.0000 0.23023(13) 0.26977(13)
C23_9 C 0.0000 0.20589(16) 0.35601(17)
H11_9 H -0.0000 0.2156 0.3902
C24_9 C 0.0000 0.24229(19) 0.31866(17)
H12_9 H 0.0000 0.2766 0.3280
O8_9 O 0.0000 0.13270(8) 0.42807(8)
C25_9 C 0.0000 0.14399(17) 0.29411(16)
H13_9 H 0.0000 0.1098 0.2844
C26_9 C 0.0000 0.18134(17) 0.25771(19)
H14_9 H 0.0000 0.1720 0.2234
O9_9 O 0.0000 0.42807(8) 0.13270(8)
C27_9 C 0.0000 0.29411(16) 0.14399(17)
H15_9 H 0.0000 0.2844 0.1098
C28_9 C 0.0000 0.25771(19) 0.18134(17)
H16_9 H 0.0000 0.2234 0.1720
Zr11 Zr 0.0000 0.09243(2) 0.5000
C1_5 C 0.0000 0.11754(11) 0.61754(11)
C2_5 C 0.0000 0.15645(12) 0.65645(12)
C3_5 C 0.0000 0.23023(13) 0.73023(13)
C4_5 C 0.0000 0.20589(16) 0.64399(17)
H1_5 H 0.0000 0.2156 0.6098
C5_5 C 0.0000 0.24229(19) 0.68134(17)
H2_5 H 0.0000 0.2766 0.6720
C6_5 C 0.0000 0.38246(11) 0.88246(11)
C7_5 C 0.0000 0.34355(12) 0.84355(12)
C8_5 C 0.0000 0.26977(13) 0.76977(13)
C9_5 C -0.0000 0.35601(17) 0.79411(16)
H3_5 H 0.0000 0.3902 0.7844
C10_5 C 0.0000 0.31866(17) 0.75771(19)
H4_5 H 0.0000 0.3280 0.7234
O4_5 O 0.0000 0.42807(8) 0.86730(8)
C11_5 C 0.0000 0.29411(16) 0.85601(17)
H5_5 H 0.0000 0.2844 0.8902
C12_5 C 0.0000 0.25771(19) 0.81866(17)
H6_5 H 0.0000 0.2234 0.8280
O5_5 O 0.0000 0.13270(8) 0.57193(8)
C13_5 C 0.0000 0.14399(17) 0.70589(16)
H7_5 H 0.0000 0.1098 0.7156
C14_5 C 0.0000 0.18134(17) 0.74229(19)
H8_5 H 0.0000 0.1720 0.7766
C29_5 C 0.0000 0.61754(11) 0.88246(11)
C30_5 C 0.0000 0.65645(12) 0.84355(12)
C31_5 C 0.0000 0.73023(13) 0.76977(13)
C32_5 C 0.0000 0.64399(17) 0.79411(16)
H17_5 H 0.0000 0.6098 0.7844
C33_5 C 0.0000 0.68134(17) 0.75771(19)
H18_5 H 0.0000 0.6720 0.7234
C34_5 C 0.0000 0.88246(11) 0.61754(11)
C35_5 C 0.0000 0.84355(12) 0.65645(12)
C36_5 C 0.0000 0.76977(13) 0.73023(13)
C37_5 C 0.0000 0.79411(16) 0.64399(17)
H19_5 H 0.0000 0.7844 0.6098
C38_5 C 0.0000 0.75771(19) 0.68134(17)
H20_5 H 0.0000 0.7234 0.6720
O12_5 O 0.0000 0.86730(8) 0.57193(8)
C39_5 C 0.0000 0.85601(17) 0.70589(16)
H21_5 H 0.0000 0.8902 0.7156
C40_5 C 0.0000 0.81866(17) 0.74229(19)
H22_5 H 0.0000 0.8280 0.7766
O13_5 O 0.0000 0.57193(8) 0.86730(8)
C41_5 C 0.0000 0.70589(16) 0.85601(17)
H23_5 H 0.0000 0.7156 0.8902
C42_5 C 0.0000 0.74229(19) 0.81866(17)
H24_5 H 0.0000 0.7766 0.8280
Zr8_3 Zr 0.0000 0.90757(2) 0.5000
C15_10 C 1.0000 0.38246(11) 0.11754(11)
C16_10 C 1.0000 0.34355(12) 0.15645(12)
C17_10 C 1.0000 0.26977(13) 0.23023(13)
C18_10 C 1.0000 0.35601(17) 0.20589(16)
H9_10 H 1.0000 0.3902 0.2156
C19_10 C 1.0000 0.31866(17) 0.24229(19)
H10_10 H 1.0000 0.3280 0.2766
C20_10 C 1.0000 0.11754(11) 0.38246(11)
C21_10 C 1.0000 0.15645(12) 0.34355(12)
C22_10 C 1.0000 0.23023(13) 0.26977(13)
C23_10 C 1.0000 0.20589(16) 0.35601(17)
H11_10 H 1.0000 0.2156 0.3902
C24_10 C 1.0000 0.24229(19) 0.31866(17)
H12_10 H 1.0000 0.2766 0.3280
O8_10 O 1.0000 0.13270(8) 0.42807(8)
C25_10 C 1.0000 0.14399(17) 0.29411(16)
H13_10 H 1.0000 0.1098 0.2844
C26_10 C 1.0000 0.18134(17) 0.25771(19)
H14_10 H 1.0000 0.1720 0.2234
O9_10 O 1.0000 0.42807(8) 0.13270(8)
C27_10 C 1.0000 0.29411(16) 0.14399(17)
H15_10 H 1.0000 0.2844 0.1098
C28_10 C 1.0000 0.25771(19) 0.18134(17)
H16_10 H 1.0000 0.2234 0.1720
Zr11_2 Zr 1.0000 0.09243(2) 0.5000
C1_6 C 1.0000 0.11754(11) 0.61754(11)
C2_6 C 1.0000 0.15645(12) 0.65645(12)
C3_6 C 1.0000 0.23023(13) 0.73023(13)
C4_6 C 1.0000 0.20589(16) 0.64399(17)
H1_6 H 1.0000 0.2156 0.6098
C5_6 C 1.0000 0.24229(19) 0.68134(17)
H2_6 H 1.0000 0.2766 0.6720
C6_6 C 1.0000 0.38246(11) 0.88246(11)
C7_6 C 1.0000 0.34355(12) 0.84355(12)
C8_6 C 1.0000 0.26977(13) 0.76977(13)
C9_6 C 1.0000 0.35601(17) 0.79411(16)
H3_6 H 1.0000 0.3902 0.7844
C10_6 C 1.0000 0.31866(17) 0.75771(19)
H4_6 H 1.0000 0.3280 0.7234
O4_6 O 1.0000 0.42807(8) 0.86730(8)
C11_6 C 1.0000 0.29411(16) 0.85601(17)
H5_6 H 1.0000 0.2844 0.8902
C12_6 C 1.0000 0.25771(19) 0.81866(17)
H6_6 H 1.0000 0.2234 0.8280
O5_6 O 1.0000 0.13270(8) 0.57193(8)
C13_6 C 1.0000 0.14399(17) 0.70589(16)
H7_6 H 1.0000 0.1098 0.7156
C14_6 C 1.0000 0.18134(17) 0.74229(19)
H8_6 H 1.0000 0.1720 0.7766
C29_6 C 1.0000 0.61754(11) 0.88246(11)
C30_6 C 1.0000 0.65645(12) 0.84355(12)
C31_6 C 1.0000 0.73023(13) 0.76977(13)
C32_6 C 1.0000 0.64399(17) 0.79411(16)
H17_6 H 1.0000 0.6098 0.7844
C33_6 C 1.0000 0.68134(17) 0.75771(19)
H18_6 H 1.0000 0.6720 0.7234
C34_6 C 1.0000 0.88246(11) 0.61754(11)
C35_6 C 1.0000 0.84355(12) 0.65645(12)
C36_6 C 1.0000 0.76977(13) 0.73023(13)
C37_6 C 1.0000 0.79411(16) 0.64399(17)
H19_6 H 1.0000 0.7844 0.6098
C38_6 C 1.0000 0.75771(19) 0.68134(17)
H20_6 H 1.0000 0.7234 0.6720
O12_6 O 1.0000 0.86730(8) 0.57193(8)
C39_6 C 1.0000 0.85601(17) 0.70589(16)
H21_6 H 1.0000 0.8902 0.7156
C40_6 C 1.0000 0.81866(17) 0.74229(19)
H22_6 H 1.0000 0.8280 0.7766
O13_6 O 1.0000 0.57193(8) 0.86730(8)
C41_6 C 1.0000 0.70589(16) 0.85601(17)
H23_6 H 1.0000 0.7156 0.8902
C42_6 C 1.0000 0.74229(19) 0.81866(17)
H24_6 H 1.0000 0.7766 0.8280
Zr8_4 Zr 1.0000 0.90757(2) 0.5000
C29_7 C -0.0000 0.61754(11) 0.11754(11)
C30_7 C 0.0000 0.65645(12) 0.15645(12)
C31_7 C 0.0000 0.73023(13) 0.23023(13)
C32_7 C 0.0000 0.64399(17) 0.20589(16)
H17_7 H 0.0000 0.6098 0.2156
C33_7 C 0.0000 0.68134(17) 0.24229(19)
H18_7 H 0.0000 0.6720 0.2766
C34_7 C 0.0000 0.88246(11) 0.38246(11)
C35_7 C 0.0000 0.84355(12) 0.34355(12)
C36_7 C 0.0000 0.76977(13) 0.26977(13)
C37_7 C -0.0000 0.79411(16) 0.35601(17)
H19_7 H 0.0000 0.7844 0.3902
C38_7 C 0.0000 0.75771(19) 0.31866(17)
H20_7 H 0.0000 0.7234 0.3280
O12_7 O 0.0000 0.86730(8) 0.42807(8)
C39_7 C 0.0000 0.85601(17) 0.29411(16)
H21_7 H 0.0000 0.8902 0.2844
C40_7 C 0.0000 0.81866(17) 0.25771(19)
H22_7 H 0.0000 0.8280 0.2234
O13_7 O 0.0000 0.57193(8) 0.13270(8)
C41_7 C 0.0000 0.70589(16) 0.14399(17)
H23_7 H 0.0000 0.7156 0.1098
C42_7 C 0.0000 0.74229(19) 0.18134(17)
H24_7 H 0.0000 0.7766 0.1720
C29_8 C 1.0000 0.61754(11) 0.11754(11)
C30_8 C 1.0000 0.65645(12) 0.15645(12)
C31_8 C 1.0000 0.73023(13) 0.23023(13)
C32_8 C 1.0000 0.64399(17) 0.20589(16)
H17_8 H 1.0000 0.6098 0.2156
C33_8 C 1.0000 0.68134(17) 0.24229(19)
H18_8 H 1.0000 0.6720 0.2766
C34_8 C 1.0000 0.88246(11) 0.38246(11)
C35_8 C 1.0000 0.84355(12) 0.34355(12)
C36_8 C 1.0000 0.76977(13) 0.26977(13)
C37_8 C 1.0000 0.79411(16) 0.35601(17)
H19_8 H 1.0000 0.7844 0.3902
C38_8 C 1.0000 0.75771(19) 0.31866(17)
H20_8 H 1.0000 0.7234 0.3280
O12_8 O 1.0000 0.86730(8) 0.42807(8)
C39_8 C 1.0000 0.85601(17) 0.29411(16)
H21_8 H 1.0000 0.8902 0.2844
C40_8 C 1.0000 0.81866(17) 0.25771(19)
H22_8 H 1.0000 0.8280 0.2234
O13_8 O 1.0000 0.57193(8) 0.13270(8)
C41_8 C 1.0000 0.70589(16) 0.14399(17)
H23_8 H 1.0000 0.7156 0.1098
C42_8 C 1.0000 0.74229(19) 0.18134(17)
H24_8 H 1.0000 0.7766 0.1720
Zr1_5 Zr 0.40757(2) 0.5000 0.5000
C1_7 C 0.38246(11) 0.61754(11) 0.5000
O1_3 O 0.36730(8) 0.57193(8) 0.5000
O2_2 O 0.45411(12) 0.54589(12) 0.45411(12)
C2_7 C 0.34355(12) 0.65645(12) 0.5000
C3_7 C 0.26977(13) 0.73023(13) 0.5000
C4_7 C 0.35601(17) 0.70589(16) 0.5000
H1_7 H 0.3902 0.7156 0.5000
C5_7 C 0.31866(17) 0.74229(19) 0.5000
H2_7 H 0.3280 0.7766 0.5000
C6_7 C 0.11754(11) 0.88246(11) 0.5000
O3_5 O 0.07193(8) 0.86730(8) 0.5000
C7_7 C 0.15645(12) 0.84355(12) 0.5000
C8_7 C 0.23023(13) 0.76977(13) 0.5000
C9_7 C 0.20589(16) 0.85601(17) 0.5000
H3_7 H 0.2156 0.8902 0.5000
C10_7 C 0.24229(19) 0.81866(17) 0.5000
H4_7 H 0.2766 0.8280 0.5000
O4_7 O 0.13270(8) 0.92807(8) 0.5000
C11_7 C 0.14399(17) 0.79411(16) 0.5000
H5_7 H 0.1098 0.7844 0.5000
C12_7 C 0.18134(17) 0.75771(19) 0.5000
H6_7 H 0.1720 0.7234 0.5000
O5_7 O 0.42807(8) 0.63270(8) 0.5000
C13_7 C 0.29411(16) 0.64399(17) 0.5000
H7_7 H 0.2844 0.6098 0.5000
C14_7 C 0.25771(19) 0.68134(17) 0.5000
H8_7 H 0.2234 0.6720 0.5000
C29_9 C 0.11754(11) 0.11754(11) 0.5000
O10_5 O 0.07193(8) 0.13270(8) 0.5000
C30_9 C 0.15645(12) 0.15645(12) 0.5000
C31_9 C 0.23023(13) 0.23023(13) 0.5000
C32_9 C 0.20589(16) 0.14399(17) 0.5000
H17_9 H 0.2156 0.1098 0.5000
C33_9 C 0.24229(19) 0.18134(17) 0.5000
H18_9 H 0.2766 0.1720 0.5000
C34_9 C 0.38246(11) 0.38246(11) 0.5000
O11_3 O 0.36730(8) 0.42807(8) 0.5000
C35_9 C 0.34355(12) 0.34355(12) 0.5000
C36_9 C 0.26977(13) 0.26977(13) 0.5000
C37_9 C 0.35601(17) 0.29411(16) 0.5000
H19_9 H 0.3902 0.2844 0.5000
C38_9 C 0.31866(17) 0.25771(19) 0.5000
H20_9 H 0.3280 0.2234 0.5000
O12_9 O 0.42807(8) 0.36730(8) 0.5000
C39_9 C 0.29411(16) 0.35601(17) 0.5000
H21_9 H 0.2844 0.3902 0.5000
C40_9 C 0.25771(19) 0.31866(17) 0.5000
H22_9 H 0.2234 0.3280 0.5000
O13_9 O 0.13270(8) 0.07193(8) 0.5000
C41_9 C 0.14399(17) 0.20589(16) 0.5000
H23_9 H 0.1098 0.2156 0.5000
C42_9 C 0.18134(17) 0.24229(19) 0.5000
H24_9 H 0.1720 0.2766 0.5000
O14_2 O 0.45411(12) 0.54589(12) 0.54589(12)
O15_2 O 0.45411(12) 0.45411(12) 0.54589(12)
O16_2 O 0.45411(12) 0.45411(12) 0.45411(12)
Zr5_5 Zr 0.5000 0.5000 0.59243(2)
Zr6_5 Zr 0.5000 0.5000 0.40757(2)
Zr8_5 Zr 0.5000 0.40757(2) 0.5000
Zr12_3 Zr 0.5000 0.59243(2) 0.5000
O17_3 O 0.36730(8) 0.5000 0.57193(8)
O18_3 O 0.36730(8) 0.5000 0.42807(8)
C15_11 C 0.88246(11) 0.88246(11) 0.5000
O6_7 O 0.92807(8) 0.86730(8) 0.5000
C16_11 C 0.84355(12) 0.84355(12) 0.5000
C17_11 C 0.76977(13) 0.76977(13) 0.5000
C18_11 C 0.79411(16) 0.85601(17) 0.5000
H9_11 H 0.7844 0.8902 0.5000
C19_11 C 0.75771(19) 0.81866(17) 0.5000
H10_11 H 0.7234 0.8280 0.5000
C20_11 C 0.61754(11) 0.61754(11) 0.5000
O7_3 O 0.63270(8) 0.57193(8) 0.5000
C21_11 C 0.65645(12) 0.65645(12) 0.5000
C22_11 C 0.73023(13) 0.73023(13) 0.5000
C23_11 C 0.64399(17) 0.70589(16) 0.5000
H11_11 H 0.6098 0.7156 0.5000
C24_11 C 0.68134(17) 0.74229(19) 0.5000
H12_11 H 0.6720 0.7766 0.5000
O8_11 O 0.57193(8) 0.63270(8) 0.5000
C25_11 C 0.70589(16) 0.64399(17) 0.5000
H13_11 H 0.7156 0.6098 0.5000
C26_11 C 0.74229(19) 0.68134(17) 0.5000
H14_11 H 0.7766 0.6720 0.5000
O9_11 O 0.86730(8) 0.92807(8) 0.5000
C27_11 C 0.85601(17) 0.79411(16) 0.5000
H15_11 H 0.8902 0.7844 0.5000
C28_11 C 0.81866(17) 0.75771(19) 0.5000
H16_11 H 0.8280 0.7234 0.5000
Zr4_5 Zr 0.59243(2) 0.5000 0.5000
O23_5 O 0.92807(8) 0.13270(8) 0.5000
C15_12 C 0.61754(11) 0.38246(11) 0.5000
O6_8 O 0.63270(8) 0.42807(8) 0.5000
C16_12 C 0.65645(12) 0.34355(12) 0.5000
C17_12 C 0.73023(13) 0.26977(13) 0.5000
C18_12 C 0.64399(17) 0.29411(16) 0.5000
H9_12 H 0.6098 0.2844 0.5000
C19_12 C 0.68134(17) 0.25771(19) 0.5000
H10_12 H 0.6720 0.2234 0.5000
C20_12 C 0.88246(11) 0.11754(11) 0.5000
C21_12 C 0.84355(12) 0.15645(12) 0.5000
C22_12 C 0.76977(13) 0.23023(13) 0.5000
C23_12 C 0.79411(16) 0.14399(17) 0.5000
H11_12 H 0.7844 0.1098 0.5000
C24_12 C 0.75771(19) 0.18134(17) 0.5000
H12_12 H 0.7234 0.1720 0.5000
O8_12 O 0.86730(8) 0.07193(8) 0.5000
C25_12 C 0.85601(17) 0.20589(16) 0.5000
H13_12 H 0.8902 0.2156 0.5000
C26_12 C 0.81866(17) 0.24229(19) 0.5000
H14_12 H 0.8280 0.2766 0.5000
O9_12 O 0.57193(8) 0.36730(8) 0.5000
C27_12 C 0.70589(16) 0.35601(17) 0.5000
H15_12 H 0.7156 0.3902 0.5000
C28_12 C 0.74229(19) 0.31866(17) 0.5000
H16_12 H 0.7766 0.3280 0.5000
O19_7 O 0.63270(8) 0.5000 0.57193(8)
O22_7 O 0.63270(8) 0.5000 0.42807(8)
O24_4 O 0.54589(12) 0.45411(12) 0.45411(12)
O26_4 O 0.54589(12) 0.45411(12) 0.54589(12)
O29_4 O 0.54589(12) 0.54589(12) 0.45411(12)
O30_4 O 0.54589(12) 0.54589(12) 0.54589(12)
C1_8 C 0.38246(11) 0.5000 0.61754(11)
C2_8 C 0.34355(12) 0.5000 0.65645(12)
C3_8 C 0.26977(13) 0.5000 0.73023(13)
C4_8 C 0.35601(17) 0.5000 0.70589(16)
H1_8 H 0.3902 0.5000 0.7156
C5_8 C 0.31866(17) 0.5000 0.74229(19)
H2_8 H 0.3280 0.5000 0.7766
C6_8 C 0.11754(11) 0.5000 0.88246(11)
O3_6 O 0.07193(8) 0.5000 0.86730(8)
C7_8 C 0.15645(12) 0.5000 0.84355(12)
C8_8 C 0.23023(13) 0.5000 0.76977(13)
C9_8 C 0.20589(16) 0.5000 0.85601(17)
H3_8 H 0.2156 0.5000 0.8902
C10_8 C 0.24229(19) 0.5000 0.81866(17)
H4_8 H 0.2766 0.5000 0.8280
O4_8 O 0.13270(8) 0.5000 0.92807(8)
C11_8 C 0.14399(17) 0.5000 0.79411(16)
H5_8 H 0.1098 0.5000 0.7844
C12_8 C 0.18134(17) 0.5000 0.75771(19)
H6_8 H 0.1720 0.5000 0.7234
O5_8 O 0.42807(8) 0.5000 0.63270(8)
C13_8 C 0.29411(16) 0.5000 0.64399(17)
H7_8 H 0.2844 0.5000 0.6098
C14_8 C 0.25771(19) 0.5000 0.68134(17)
H8_8 H 0.2234 0.5000 0.6720
C29_10 C 0.11754(11) 0.5000 0.11754(11)
O10_6 O 0.07193(8) 0.5000 0.13270(8)
C30_10 C 0.15645(12) 0.5000 0.15645(12)
C31_10 C 0.23023(13) 0.5000 0.23023(13)
C32_10 C 0.20589(16) 0.5000 0.14399(17)
H17_10 H 0.2156 0.5000 0.1098
C33_10 C 0.24229(19) 0.5000 0.18134(17)
H18_10 H 0.2766 0.5000 0.1720
C34_10 C 0.38246(11) 0.5000 0.38246(11)
C35_10 C 0.34355(12) 0.5000 0.34355(12)
C36_10 C 0.26977(13) 0.5000 0.26977(13)
C37_10 C 0.35601(17) 0.5000 0.29411(16)
H19_10 H 0.3902 0.5000 0.2844
C38_10 C 0.31866(17) 0.5000 0.25771(19)
H20_10 H 0.3280 0.5000 0.2234
O12_10 O 0.42807(8) 0.5000 0.36730(8)
C39_10 C 0.29411(16) 0.5000 0.35601(17)
H21_10 H 0.2844 0.5000 0.3902
C40_10 C 0.25771(19) 0.5000 0.31866(17)
H22_10 H 0.2234 0.5000 0.3280
O13_10 O 0.13270(8) 0.5000 0.07193(8)
C41_10 C 0.14399(17) 0.5000 0.20589(16)
H23_10 H 0.1098 0.5000 0.2156
C42_10 C 0.18134(17) 0.5000 0.24229(19)
H24_10 H 0.1720 0.5000 0.2766
C15_13 C 0.88246(11) 0.5000 0.88246(11)
O6_9 O 0.92807(8) 0.5000 0.86730(8)
C16_13 C 0.84355(12) 0.5000 0.84355(12)
C17_13 C 0.76977(13) 0.5000 0.76977(13)
C18_13 C 0.79411(16) 0.5000 0.85601(17)
H9_13 H 0.7844 0.5000 0.8902
C19_13 C 0.75771(19) 0.5000 0.81866(17)
H10_13 H 0.7234 0.5000 0.8280
C20_13 C 0.61754(11) 0.5000 0.61754(11)
C21_13 C 0.65645(12) 0.5000 0.65645(12)
C22_13 C 0.73023(13) 0.5000 0.73023(13)
C23_13 C 0.64399(17) 0.5000 0.70589(16)
H11_13 H 0.6098 0.5000 0.7156
C24_13 C 0.68134(17) 0.5000 0.74229(19)
H12_13 H 0.6720 0.5000 0.7766
O8_13 O 0.57193(8) 0.5000 0.63270(8)
C25_13 C 0.70589(16) 0.5000 0.64399(17)
H13_13 H 0.7156 0.5000 0.6098
C26_13 C 0.74229(19) 0.5000 0.68134(17)
H14_13 H 0.7766 0.5000 0.6720
O9_13 O 0.86730(8) 0.5000 0.92807(8)
C27_13 C 0.85601(17) 0.5000 0.79411(16)
H15_13 H 0.8902 0.5000 0.7844
C28_13 C 0.81866(17) 0.5000 0.75771(19)
H16_13 H 0.8280 0.5000 0.7234
O23_6 O 0.92807(8) 0.5000 0.13270(8)
C15_14 C 0.88246(11) 0.5000 0.11754(11)
C16_14 C 0.84355(12) 0.5000 0.15645(12)
C17_14 C 0.76977(13) 0.5000 0.23023(13)
C18_14 C 0.79411(16) 0.5000 0.14399(17)
H9_14 H 0.7844 0.5000 0.1098
C19_14 C 0.75771(19) 0.5000 0.18134(17)
H10_14 H 0.7234 0.5000 0.1720
C20_14 C 0.61754(11) 0.5000 0.38246(11)
C21_14 C 0.65645(12) 0.5000 0.34355(12)
C22_14 C 0.73023(13) 0.5000 0.26977(13)
C23_14 C 0.64399(17) 0.5000 0.29411(16)
H11_14 H 0.6098 0.5000 0.2844
C24_14 C 0.68134(17) 0.5000 0.25771(19)
H12_14 H 0.6720 0.5000 0.2234
O8_14 O 0.57193(8) 0.5000 0.36730(8)
C25_14 C 0.70589(16) 0.5000 0.35601(17)
H13_14 H 0.7156 0.5000 0.3902
C26_14 C 0.74229(19) 0.5000 0.31866(17)
H14_14 H 0.7766 0.5000 0.3280
O9_14 O 0.86730(8) 0.5000 0.07193(8)
C27_14 C 0.85601(17) 0.5000 0.20589(16)
H15_14 H 0.8902 0.5000 0.2156
C28_14 C 0.81866(17) 0.5000 0.24229(19)
H16_14 H 0.8280 0.5000 0.2766
O19_8 O 0.5000 0.36730(8) 0.57193(8)
O22_8 O 0.5000 0.36730(8) 0.42807(8)
O20_5 O 0.5000 0.63270(8) 0.42807(8)
O21_5 O 0.5000 0.63270(8) 0.57193(8)
O20_6 O 0.5000 0.07193(8) 0.13270(8)
O22_9 O 0.5000 0.07193(8) 0.86730(8)
O19_9 O 0.5000 0.92807(8) 0.86730(8)
O21_6 O 0.5000 0.92807(8) 0.13270(8)
C1_9 C 0.5000 0.11754(11) 0.11754(11)
C2_9 C 0.5000 0.15645(12) 0.15645(12)
C3_9 C 0.5000 0.23023(13) 0.23023(13)
C4_9 C 0.5000 0.20589(16) 0.14399(17)
H1_9 H 0.5000 0.2156 0.1098
C5_9 C 0.5000 0.24229(19) 0.18134(17)
H2_9 H 0.5000 0.2766 0.1720
C6_9 C 0.5000 0.38246(11) 0.38246(11)
C7_9 C 0.5000 0.34355(12) 0.34355(12)
C8_9 C 0.5000 0.26977(13) 0.26977(13)
C9_9 C 0.5000 0.35601(17) 0.29411(16)
H3_9 H 0.5000 0.3902 0.2844
C10_9 C 0.5000 0.31866(17) 0.25771(19)
H4_9 H 0.5000 0.3280 0.2234
O4_9 O 0.5000 0.42807(8) 0.36730(8)
C11_9 C 0.5000 0.29411(16) 0.35601(17)
H5_9 H 0.5000 0.2844 0.3902
C12_9 C 0.5000 0.25771(19) 0.31866(17)
H6_9 H 0.5000 0.2234 0.3280
O5_9 O 0.5000 0.13270(8) 0.07193(8)
C13_9 C 0.5000 0.14399(17) 0.20589(16)
H7_9 H 0.5000 0.1098 0.2156
C14_9 C 0.5000 0.18134(17) 0.24229(19)
H8_9 H 0.5000 0.1720 0.2766
C15_15 C 0.5000 0.38246(11) 0.61754(11)
C16_15 C 0.5000 0.34355(12) 0.65645(12)
C17_15 C 0.5000 0.26977(13) 0.73023(13)
C18_15 C 0.5000 0.35601(17) 0.70589(16)
H9_15 H 0.5000 0.3902 0.7156
C19_15 C 0.5000 0.31866(17) 0.74229(19)
H10_15 H 0.5000 0.3280 0.7766
C20_15 C 0.5000 0.11754(11) 0.88246(11)
C21_15 C 0.5000 0.15645(12) 0.84355(12)
C22_15 C 0.5000 0.23023(13) 0.76977(13)
C23_15 C 0.5000 0.20589(16) 0.85601(17)
H11_15 H 0.5000 0.2156 0.8902
C24_15 C 0.5000 0.24229(19) 0.81866(17)
H12_15 H 0.5000 0.2766 0.8280
O8_15 O 0.5000 0.13270(8) 0.92807(8)
C25_15 C 0.5000 0.14399(17) 0.79411(16)
H13_15 H 0.5000 0.1098 0.7844
C26_15 C 0.5000 0.18134(17) 0.75771(19)
H14_15 H 0.5000 0.1720 0.7234
O9_15 O 0.5000 0.42807(8) 0.63270(8)
C27_15 C 0.5000 0.29411(16) 0.64399(17)
H15_15 H 0.5000 0.2844 0.6098
C28_15 C 0.5000 0.25771(19) 0.68134(17)
H16_15 H 0.5000 0.2234 0.6720
C29_11 C 0.5000 0.61754(11) 0.38246(11)
C30_11 C 0.5000 0.65645(12) 0.34355(12)
C31_11 C 0.5000 0.73023(13) 0.26977(13)
C32_11 C 0.5000 0.64399(17) 0.29411(16)
H17_11 H 0.5000 0.6098 0.2844
C33_11 C 0.5000 0.68134(17) 0.25771(19)
H18_11 H 0.5000 0.6720 0.2234
C34_11 C 0.5000 0.88246(11) 0.11754(11)
C35_11 C 0.5000 0.84355(12) 0.15645(12)
C36_11 C 0.5000 0.76977(13) 0.23023(13)
C37_11 C 0.5000 0.79411(16) 0.14399(17)
H19_11 H 0.5000 0.7844 0.1098
C38_11 C 0.5000 0.75771(19) 0.18134(17)
H20_11 H 0.5000 0.7234 0.1720
O12_11 O 0.5000 0.86730(8) 0.07193(8)
C39_11 C 0.5000 0.85601(17) 0.20589(16)
H21_11 H 0.5000 0.8902 0.2156
C40_11 C 0.5000 0.81866(17) 0.24229(19)
H22_11 H 0.5000 0.8280 0.2766
O13_11 O 0.5000 0.57193(8) 0.36730(8)
C41_11 C 0.5000 0.70589(16) 0.35601(17)
H23_11 H 0.5000 0.7156 0.3902
C42_11 C 0.5000 0.74229(19) 0.31866(17)
H24_11 H 0.5000 0.7766 0.3280
C29_12 C 0.5000 0.61754(11) 0.61754(11)
C30_12 C 0.5000 0.65645(12) 0.65645(12)
C31_12 C 0.5000 0.73023(13) 0.73023(13)
C32_12 C 0.5000 0.64399(17) 0.70589(16)
H17_12 H 0.5000 0.6098 0.7156
C33_12 C 0.5000 0.68134(17) 0.74229(19)
H18_12 H 0.5000 0.6720 0.7766
C34_12 C 0.5000 0.88246(11) 0.88246(11)
C35_12 C 0.5000 0.84355(12) 0.84355(12)
C36_12 C 0.5000 0.76977(13) 0.76977(13)
C37_12 C 0.5000 0.79411(16) 0.85601(17)
H19_12 H 0.5000 0.7844 0.8902
C38_12 C 0.5000 0.75771(19) 0.81866(17)
H20_12 H 0.5000 0.7234 0.8280
O12_12 O 0.5000 0.86730(8) 0.92807(8)
C39_12 C 0.5000 0.85601(17) 0.79411(16)
H21_12 H 0.5000 0.8902 0.7844
C40_12 C 0.5000 0.81866(17) 0.75771(19)
H22_12 H 0.5000 0.8280 0.7234
O13_12 O 0.5000 0.57193(8) 0.63270(8)
C41_12 C 0.5000 0.70589(16) 0.64399(17)
H23_12 H 0.5000 0.7156 0.6098
C42_12 C 0.5000 0.74229(19) 0.68134(17)
H24_12 H 0.5000 0.7766 0.6720
loop_
_geom_bond_atom_site_label_1
_geom_bond_atom_site_label_2
_geom_bond_site_symmetry_1
_geom_bond_site_symmetry_2
Zr1 O1 1_555 1_555
C1 O1 1_555 1_555
C2 C1 1_555 1_555
C3 C5 1_555 1_555
C4 C2 1_555 1_555
H1 C4 1_555 1_555
C5 C4 1_555 1_555
H2 C5 1_555 1_555
C6 O3 1_555 1_555
O3 Zr2 1_555 1_555
C7 C6 1_555 1_555
C8 C3 1_555 1_555
C9 C7 1_555 1_555
H3 C9 1_555 1_555
C10 C8 1_555 1_555
H4 C10 1_555 1_555
O4 C6 1_555 1_555
C11 C7 1_555 1_555
H5 C11 1_555 1_555
C12 C8 1_555 1_555
H6 C12 1_555 1_555
O5 C1 1_555 1_555
C13 C2 1_555 1_555
H7 C13 1_555 1_555
C14 C3 1_555 1_555
H8 C14 1_555 1_555
O14 Zr1 1_555 1_555
Zr5 O14 1_555 1_555
Zr10 O4 1_555 1_555
O17 Zr1 1_555 1_555
O19 Zr2 1_555 1_555
O30 Zr2 1_555 1_555
C9 C10 1_555 1_555
C11 C12 1_555 1_555
O5 Zr12 1_555 1_555
C13 C14 1_555 1_555
O14 Zr12 1_555 1_555
Zr10 O30 1_555 1_555
Zr1_2 O1_2 1_555 1_555
C1_2 O1_2 1_555 1_555
O2 Zr1_2 1_555 1_555
C2_2 C1_2 1_555 1_555
C3_2 C5_2 1_555 1_555
C4_2 C2_2 1_555 1_555
H1_2 C4_2 1_555 1_555
C5_2 C4_2 1_555 1_555
H2_2 C5_2 1_555 1_555
C6_2 O3_2 1_555 1_555
O3_2 Zr2_2 1_555 1_555
C7_2 C6_2 1_555 1_555
C8_2 C3_2 1_555 1_555
C9_2 C7_2 1_555 1_555
H3_2 C9_2 1_555 1_555
C10_2 C8_2 1_555 1_555
H4_2 C10_2 1_555 1_555
O4_2 C6_2 1_555 1_555
C11_2 C7_2 1_555 1_555
H5_2 C11_2 1_555 1_555
C12_2 C8_2 1_555 1_555
H6_2 C12_2 1_555 1_555
O5_2 C1_2 1_555 1_555
C13_2 C2_2 1_555 1_555
H7_2 C13_2 1_555 1_555
C14_2 C3_2 1_555 1_555
H8_2 C14_2 1_555 1_555
Zr6 O2 1_555 1_555
Zr10_2 O4_2 1_555 1_555
Zr12_2 O2 1_555 1_555
O18 Zr1_2 1_555 1_555
O22 Zr2_2 1_555 1_555
O29 Zr2_2 1_555 1_555
C9_2 C10_2 1_555 1_555
C11_2 C12_2 1_555 1_555
O5_2 Zr12_2 1_555 1_555
C13_2 C14_2 1_555 1_555
Zr10_2 O29 1_555 1_555
Zr3 O10 1_555 1_555
C29 O10 1_555 1_555
C30 C29 1_555 1_555
C31 C33 1_555 1_555
C32 C30 1_555 1_555
H17 C32 1_555 1_555
C33 C32 1_555 1_555
H18 C33 1_555 1_555
C34 O11 1_555 1_555
O11 Zr1_3 1_555 1_555
C35 C34 1_555 1_555
C36 C31 1_555 1_555
