
###############################################################################
#
# This file contains modified crystal structure data generated from the
# MOF subset of the Cambridge Structural Database (CSD) v543 
# hosted by the Cambridge Crystallographic Data Centre (CCDC).
#
# This work is licensed under the Creative Commons
# Attribution-NonCommercial-ShareAlike 4.0 International License.
# To view a copy of this license, visit
# http://creativecommons.org/licenses/by-nc-sa/4.0/
# or send a letter to
# Creative Commons, PO Box 1866, Mountain View, CA 94042, USA.
#
# CIF created using the CSD Python API on 29 September 2022
# The structure has been converted into the P1 space group
# The structure has a 3D framework
# The original CSD entry WUPTUY01 is in the cubic crystal system
# The framework has been calculated to contain at least 10.0% void space
# The void calculation uses a probe of radius 1.32A, grid spacing 0.4
#
###############################################################################

data_WUPTUY01
_chemical_formula_moiety         '(C1152 H576 O206 Zr32)n'
_symmetry_cell_setting           triclinic
_symmetry_space_group_name_H-M   'P 1'
_symmetry_Int_Tables_number      1
_space_group_name_Hall           'P 1'
loop_
_symmetry_equiv_pos_site_id
_symmetry_equiv_pos_as_xyz
1 x,y,z
_cell_length_a                   39.8116(7)
_cell_length_b                   39.8116(7)
_cell_length_c                   39.8116(7)
_cell_angle_alpha                90
_cell_angle_beta                 90
_cell_angle_gamma                90
_cell_volume                     63099.9
loop_
_atom_site_label
_atom_site_type_symbol
_atom_site_fract_x
_atom_site_fract_y
_atom_site_fract_z
Zr1 Zr 0.3750 0.3750 0.81293(2)
O1 O 0.42355(6) 0.37457(6) 0.78563(6)
O2 O 0.40832(13) 0.40832(13) 0.84168(13)
O3 O 0.34608(12) 0.40392(12) 0.84608(12)
C1 C 0.45365(8) 0.37169(12) 0.79634(8)
C2 C 0.48010(8) 0.36723(13) 0.76990(8)
C3 C 0.47054(11) 0.36450(14) 0.73651(11)
H1 H 0.4476 0.3665 0.7304
C4 C 0.49493(13) 0.35879(19) 0.71207(12)
H2 H 0.4884 0.3566 0.6892
C5 C 0.52914(12) 0.3562(3) 0.72086(12)
C6 C 0.55462(12) 0.3490(3) 0.69538(12)
C7 C 0.57487(13) 0.3450(3) 0.67513(13)
C8 C 0.59968(11) 0.3415(3) 0.65032(11)
C9 C 0.59147(17) 0.3413(2) 0.61595(15)
H3 H 0.5685 0.3411 0.6095
O4 O 0.78563(6) 0.37457(6) 0.42355(6)
C10 C 0.79635(8) 0.37169(12) 0.45366(8)
C11 C 0.76990(8) 0.36723(13) 0.48010(8)
C12 C 0.73651(11) 0.36450(14) 0.47054(11)
H4 H 0.7304 0.3665 0.4476
C13 C 0.71207(12) 0.35879(19) 0.49493(13)
H5 H 0.6892 0.3566 0.4884
C14 C 0.72086(12) 0.3562(3) 0.52914(12)
C15 C 0.69538(12) 0.3490(3) 0.55462(12)
C16 C 0.67513(13) 0.3450(3) 0.57487(13)
C17 C 0.65032(11) 0.3415(3) 0.59968(11)
C18 C 0.61595(15) 0.3413(2) 0.59147(17)
H6 H 0.6095 0.3411 0.5685
O5 O 0.46437(6) 0.37457(6) 0.82645(6)
C19 C 0.51349(11) 0.36450(14) 0.77946(11)
H7 H 0.5196 0.3665 0.8024
C20 C 0.53793(12) 0.35879(19) 0.75507(13)
H8 H 0.5608 0.3566 0.7616
C21 C 0.63405(15) 0.3413(2) 0.65853(17)
H9 H 0.6405 0.3411 0.6815
O6 O 0.82645(6) 0.37457(6) 0.46437(6)
C22 C 0.77946(11) 0.36450(14) 0.51349(11)
H10 H 0.8024 0.3665 0.5196
C23 C 0.75507(13) 0.35879(19) 0.53793(12)
H11 H 0.7616 0.3566 0.5608
C24 C 0.65853(17) 0.3413(2) 0.63405(15)
H12 H 0.6815 0.3411 0.6405
O7 O 0.84168(13) 0.40832(13) 0.40832(13)
Zr2 Zr 0.81293(2) 0.3750 0.3750
O8 O 0.78563(6) 0.42355(6) 0.37457(6)
C25 C 0.79634(8) 0.45365(8) 0.37169(12)
C26 C 0.76990(8) 0.48010(8) 0.36723(13)
C27 C 0.73651(11) 0.47054(11) 0.36450(14)
H13 H 0.7304 0.4476 0.3665
C28 C 0.71207(12) 0.49493(13) 0.35879(19)
H14 H 0.6892 0.4884 0.3566
C29 C 0.72086(12) 0.52914(12) 0.3562(3)
C30 C 0.69538(12) 0.55462(12) 0.3490(3)
C31 C 0.67513(13) 0.57487(13) 0.3450(3)
C32 C 0.65032(11) 0.59968(11) 0.3415(3)
C33 C 0.61595(15) 0.59147(17) 0.3413(2)
H15 H 0.6095 0.5685 0.3411
O9 O 0.42355(6) 0.78563(6) 0.37457(6)
C34 C 0.45366(8) 0.79635(8) 0.37169(12)
C35 C 0.48010(8) 0.76990(8) 0.36723(13)
C36 C 0.47054(11) 0.73651(11) 0.36450(14)
H16 H 0.4476 0.7304 0.3665
C37 C 0.49493(13) 0.71207(12) 0.35879(19)
H17 H 0.4884 0.6892 0.3566
C38 C 0.52914(12) 0.72086(12) 0.3562(3)
C39 C 0.55462(12) 0.69538(12) 0.3490(3)
C40 C 0.57487(13) 0.67513(13) 0.3450(3)
C41 C 0.59968(11) 0.65032(11) 0.3415(3)
C42 C 0.59147(17) 0.61595(15) 0.3413(2)
H18 H 0.5685 0.6095 0.3411
O10 O 0.82645(6) 0.46437(6) 0.37457(6)
C43 C 0.77946(11) 0.51349(11) 0.36450(14)
H19 H 0.8024 0.5196 0.3665
C44 C 0.75507(13) 0.53793(12) 0.35879(19)
H20 H 0.7616 0.5608 0.3566
C45 C 0.65853(17) 0.63405(15) 0.3413(2)
H21 H 0.6815 0.6405 0.3411
O11 O 0.46437(6) 0.82645(6) 0.37457(6)
C46 C 0.51349(11) 0.77946(11) 0.36450(14)
H22 H 0.5196 0.8024 0.3665
C47 C 0.53793(12) 0.75507(13) 0.35879(19)
H23 H 0.5608 0.7616 0.3566
C48 C 0.63405(15) 0.65853(17) 0.3413(2)
H24 H 0.6405 0.6815 0.3411
Zr3 Zr 0.3750 0.81293(2) 0.3750
O12 O 0.37457(6) 0.78563(6) 0.42355(6)
C49 C 0.37169(12) 0.79634(8) 0.45365(8)
C50 C 0.36723(13) 0.76990(8) 0.48010(8)
C51 C 0.36450(14) 0.73651(11) 0.47054(11)
H25 H 0.3665 0.7304 0.4476
C52 C 0.35879(19) 0.71207(12) 0.49493(13)
H26 H 0.3566 0.6892 0.4884
C53 C 0.3562(3) 0.72086(12) 0.52914(12)
C54 C 0.3490(3) 0.69538(12) 0.55462(12)
C55 C 0.3450(3) 0.67513(13) 0.57487(13)
C56 C 0.3415(3) 0.65032(11) 0.59968(11)
C57 C 0.3413(2) 0.61595(15) 0.59147(17)
H27 H 0.3411 0.6095 0.5685
O13 O 0.37457(6) 0.42355(6) 0.78563(6)
C58 C 0.37169(12) 0.45366(8) 0.79635(8)
C59 C 0.36723(13) 0.48010(8) 0.76990(8)
C60 C 0.36450(14) 0.47054(11) 0.73651(11)
H28 H 0.3665 0.4476 0.7304
C61 C 0.35879(19) 0.49493(13) 0.71207(12)
H29 H 0.3566 0.4884 0.6892
C62 C 0.3562(3) 0.52914(12) 0.72086(12)
C63 C 0.3490(3) 0.55462(12) 0.69538(12)
C64 C 0.3450(3) 0.57487(13) 0.67513(13)
C65 C 0.3415(3) 0.59968(11) 0.65032(11)
C66 C 0.3413(2) 0.59147(17) 0.61595(15)
H30 H 0.3411 0.5685 0.6095
O14 O 0.37457(6) 0.82645(6) 0.46437(6)
C67 C 0.36450(14) 0.77946(11) 0.51349(11)
H31 H 0.3665 0.8024 0.5196
C68 C 0.35879(19) 0.75507(13) 0.53793(12)
H32 H 0.3566 0.7616 0.5608
C69 C 0.3413(2) 0.65853(17) 0.63405(15)
H33 H 0.3411 0.6815 0.6405
O15 O 0.37457(6) 0.46437(6) 0.82645(6)
C70 C 0.36450(14) 0.51349(11) 0.77946(11)
H34 H 0.3665 0.5196 0.8024
C71 C 0.35879(19) 0.53793(12) 0.75507(13)
H35 H 0.3566 0.5608 0.7616
C72 C 0.3413(2) 0.63405(15) 0.65853(17)
H36 H 0.3411 0.6405 0.6815
O16 O 0.40392(12) 0.34608(12) 0.84608(12)
Zr4 Zr 0.3750 0.8750 0.43707(2)
Zr5 Zr 0.8750 0.3750 0.43707(2)
Zr6 Zr 0.8750 0.43707(2) 0.3750
Zr7 Zr 0.43707(2) 0.8750 0.3750
Zr8 Zr 0.43707(2) 0.3750 0.8750
Zr9 Zr 0.3750 0.43707(2) 0.8750
Zr10 Zr 0.3750 0.31293(2) 0.8750
Zr11 Zr 0.31293(2) 0.3750 0.8750
O17 O 0.78563(6) 0.32645(6) 0.37543(6)
O18 O 0.37543(6) 0.78563(6) 0.32645(6)
O19 O 0.32645(6) 0.37543(6) 0.78563(6)
O20 O 0.32645(6) 0.78563(6) 0.37543(6)
O21 O 0.78563(6) 0.37543(6) 0.32645(6)
O22 O 0.37543(6) 0.32645(6) 0.78563(6)
O23 O 0.40832(13) 0.84168(13) 0.40832(13)
O24 O 0.84168(13) 0.34168(13) 0.34168(13)
O25 O 0.34168(13) 0.84168(13) 0.34168(13)
O26 O 0.34168(13) 0.34168(13) 0.84168(13)
O27 O 0.34608(12) 0.84608(12) 0.40392(12)
O28 O 0.84608(12) 0.34608(12) 0.40392(12)
O29 O 0.40392(12) 0.84608(12) 0.34608(12)
O30 O 0.84608(12) 0.40392(12) 0.34608(12)
Zr1_2 Zr 0.8750 0.8750 0.81293(2)
O1_2 O 0.82645(6) 0.87543(6) 0.78563(6)
O2_2 O 0.84168(13) 0.84168(13) 0.84168(13)
O3_2 O 0.90392(12) 0.84608(12) 0.84608(12)
C1_2 C 0.79635(8) 0.87831(12) 0.79634(8)
C2_2 C 0.76990(8) 0.88277(13) 0.76990(8)
C3_2 C 0.77946(11) 0.88550(14) 0.73651(11)
H1_2 H 0.8024 0.8835 0.7304
C4_2 C 0.75507(13) 0.89121(19) 0.71207(12)
H2_2 H 0.7616 0.8934 0.6892
C5_2 C 0.72086(12) 0.8938(3) 0.72086(12)
C6_2 C 0.69538(12) 0.9010(3) 0.69538(12)
C7_2 C 0.67513(13) 0.9050(3) 0.67513(13)
C8_2 C 0.65032(11) 0.9085(3) 0.65032(11)
C9_2 C 0.65853(17) 0.9087(2) 0.61595(15)
H3_2 H 0.6815 0.9089 0.6095
O4_2 O 0.46437(6) 0.87543(6) 0.42355(6)
C10_2 C 0.45365(8) 0.87831(12) 0.45366(8)
C11_2 C 0.48010(8) 0.88277(13) 0.48010(8)
C12_2 C 0.51349(11) 0.88550(14) 0.47054(11)
H4_2 H 0.5196 0.8835 0.4476
C13_2 C 0.53793(12) 0.89121(19) 0.49493(13)
H5_2 H 0.5608 0.8934 0.4884
C14_2 C 0.52914(12) 0.8938(3) 0.52914(12)
C15_2 C 0.55462(12) 0.9010(3) 0.55462(12)
C16_2 C 0.57487(13) 0.9050(3) 0.57487(13)
C17_2 C 0.59968(11) 0.9085(3) 0.59968(11)
C18_2 C 0.63405(15) 0.9087(2) 0.59147(17)
H6_2 H 0.6405 0.9089 0.5685
O5_2 O 0.78563(6) 0.87543(6) 0.82645(6)
C19_2 C 0.73651(11) 0.88550(14) 0.77946(11)
H7_2 H 0.7304 0.8835 0.8024
C20_2 C 0.71207(12) 0.89121(19) 0.75507(13)
H8_2 H 0.6892 0.8934 0.7616
C21_2 C 0.61595(15) 0.9087(2) 0.65853(17)
H9_2 H 0.6095 0.9089 0.6815
O6_2 O 0.42355(6) 0.87543(6) 0.46437(6)
C22_2 C 0.47054(11) 0.88550(14) 0.51349(11)
H10_2 H 0.4476 0.8835 0.5196
C23_2 C 0.49493(13) 0.89121(19) 0.53793(12)
H11_2 H 0.4884 0.8934 0.5608
C24_2 C 0.59147(17) 0.9087(2) 0.63405(15)
H12_2 H 0.5685 0.9089 0.6405
O12_2 O 0.87543(6) 0.46437(6) 0.42355(6)
C49_2 C 0.87831(12) 0.45366(8) 0.45365(8)
C50_2 C 0.88277(13) 0.48010(8) 0.48010(8)
C51_2 C 0.88550(14) 0.51349(11) 0.47054(11)
H25_2 H 0.8835 0.5196 0.4476
C52_2 C 0.89121(19) 0.53793(12) 0.49493(13)
H26_2 H 0.8934 0.5608 0.4884
C53_2 C 0.8938(3) 0.52914(12) 0.52914(12)
C54_2 C 0.9010(3) 0.55462(12) 0.55462(12)
C55_2 C 0.9050(3) 0.57487(13) 0.57487(13)
C56_2 C 0.9085(3) 0.59968(11) 0.59968(11)
C57_2 C 0.9087(2) 0.63405(15) 0.59147(17)
H27_2 H 0.9089 0.6405 0.5685
O13_2 O 0.87543(6) 0.82645(6) 0.78563(6)
C58_2 C 0.87831(12) 0.79634(8) 0.79635(8)
C59_2 C 0.88277(13) 0.76990(8) 0.76990(8)
C60_2 C 0.88550(14) 0.77946(11) 0.73651(11)
H28_2 H 0.8835 0.8024 0.7304
C61_2 C 0.89121(19) 0.75507(13) 0.71207(12)
H29_2 H 0.8934 0.7616 0.6892
C62_2 C 0.8938(3) 0.72086(12) 0.72086(12)
C63_2 C 0.9010(3) 0.69538(12) 0.69538(12)
C64_2 C 0.9050(3) 0.67513(13) 0.67513(13)
C65_2 C 0.9085(3) 0.65032(11) 0.65032(11)
C66_2 C 0.9087(2) 0.65853(17) 0.61595(15)
H30_2 H 0.9089 0.6815 0.6095
O14_2 O 0.87543(6) 0.42355(6) 0.46437(6)
C67_2 C 0.88550(14) 0.47054(11) 0.51349(11)
H31_2 H 0.8835 0.4476 0.5196
C68_2 C 0.89121(19) 0.49493(13) 0.53793(12)
H32_2 H 0.8934 0.4884 0.5608
C69_2 C 0.9087(2) 0.59147(17) 0.63405(15)
H33_2 H 0.9089 0.5685 0.6405
O15_2 O 0.87543(6) 0.78563(6) 0.82645(6)
C70_2 C 0.88550(14) 0.73651(11) 0.77946(11)
H34_2 H 0.8835 0.7304 0.8024
C71_2 C 0.89121(19) 0.71207(12) 0.75507(13)
H35_2 H 0.8934 0.6892 0.7616
C72_2 C 0.9087(2) 0.61595(15) 0.65853(17)
H36_2 H 0.9089 0.6095 0.6815
O16_2 O 0.84608(12) 0.90392(12) 0.84608(12)
Zr8_2 Zr 0.81293(2) 0.8750 0.8750
Zr9_2 Zr 0.8750 0.81293(2) 0.8750
Zr10_2 Zr 0.8750 0.93707(2) 0.8750
Zr11_2 Zr 0.93707(2) 0.8750 0.8750
O17_2 O 0.46437(6) 0.92355(6) 0.37543(6)
O18_2 O 0.87457(6) 0.46437(6) 0.32645(6)
O19_2 O 0.92355(6) 0.87457(6) 0.78563(6)
O20_2 O 0.92355(6) 0.46437(6) 0.37543(6)
O21_2 O 0.46437(6) 0.87457(6) 0.32645(6)
O22_2 O 0.87457(6) 0.92355(6) 0.78563(6)
O24_2 O 0.40832(13) 0.90832(13) 0.34168(13)
O25_2 O 0.90832(13) 0.40832(13) 0.34168(13)
O26_2 O 0.90832(13) 0.90832(13) 0.84168(13)
O27_2 O 0.90392(12) 0.40392(12) 0.40392(12)
O28_2 O 0.40392(12) 0.90392(12) 0.40392(12)
O8_2 O 0.78563(6) 0.82645(6) 0.87543(6)
C25_2 C 0.79634(8) 0.79635(8) 0.87831(12)
C26_2 C 0.76990(8) 0.76990(8) 0.88277(13)
C27_2 C 0.73651(11) 0.77946(11) 0.88550(14)
H13_2 H 0.7304 0.8024 0.8835
C28_2 C 0.71207(12) 0.75507(13) 0.89121(19)
H14_2 H 0.6892 0.7616 0.8934
C29_2 C 0.72086(12) 0.72086(12) 0.8938(3)
C30_2 C 0.69538(12) 0.69538(12) 0.9010(3)
C31_2 C 0.67513(13) 0.67513(13) 0.9050(3)
C32_2 C 0.65032(11) 0.65032(11) 0.9085(3)
C33_2 C 0.61595(15) 0.65853(17) 0.9087(2)
H15_2 H 0.6095 0.6815 0.9089
O9_2 O 0.42355(6) 0.46437(6) 0.87543(6)
C34_2 C 0.45366(8) 0.45365(8) 0.87831(12)
C35_2 C 0.48010(8) 0.48010(8) 0.88277(13)
C36_2 C 0.47054(11) 0.51349(11) 0.88550(14)
H16_2 H 0.4476 0.5196 0.8835
C37_2 C 0.49493(13) 0.53793(12) 0.89121(19)
H17_2 H 0.4884 0.5608 0.8934
C38_2 C 0.52914(12) 0.52914(12) 0.8938(3)
C39_2 C 0.55462(12) 0.55462(12) 0.9010(3)
C40_2 C 0.57487(13) 0.57487(13) 0.9050(3)
C41_2 C 0.59968(11) 0.59968(11) 0.9085(3)
C42_2 C 0.59147(17) 0.63405(15) 0.9087(2)
H18_2 H 0.5685 0.6405 0.9089
O10_2 O 0.82645(6) 0.78563(6) 0.87543(6)
C43_2 C 0.77946(11) 0.73651(11) 0.88550(14)
H19_2 H 0.8024 0.7304 0.8835
C44_2 C 0.75507(13) 0.71207(12) 0.89121(19)
H20_2 H 0.7616 0.6892 0.8934
C45_2 C 0.65853(17) 0.61595(15) 0.9087(2)
H21_2 H 0.6815 0.6095 0.9089
O11_2 O 0.46437(6) 0.42355(6) 0.87543(6)
C46_2 C 0.51349(11) 0.47054(11) 0.88550(14)
H22_2 H 0.5196 0.4476 0.8835
C47_2 C 0.53793(12) 0.49493(13) 0.89121(19)
H23_2 H 0.5608 0.4884 0.8934
C48_2 C 0.63405(15) 0.59147(17) 0.9087(2)
H24_2 H 0.6405 0.5685 0.9089
Zr10_3 Zr 0.3750 0.93707(2) 0.3750
Zr11_3 Zr 0.31293(2) 0.8750 0.3750
O17_3 O 0.78563(6) 0.92355(6) 0.87457(6)
O18_3 O 0.37543(6) 0.46437(6) 0.92355(6)
O19_3 O 0.32645(6) 0.87457(6) 0.46437(6)
O20_3 O 0.32645(6) 0.46437(6) 0.87457(6)
O21_3 O 0.78563(6) 0.87457(6) 0.92355(6)
O22_3 O 0.37543(6) 0.92355(6) 0.46437(6)
O24_3 O 0.84168(13) 0.90832(13) 0.90832(13)
O25_3 O 0.34168(13) 0.40832(13) 0.90832(13)
O26_3 O 0.34168(13) 0.90832(13) 0.40832(13)
O29_2 O 0.40392(12) 0.40392(12) 0.90392(12)
O30_2 O 0.84608(12) 0.84608(12) 0.90392(12)
Zr10_4 Zr 0.8750 0.31293(2) 0.3750
Zr11_4 Zr 0.93707(2) 0.3750 0.3750
O17_4 O 0.46437(6) 0.32645(6) 0.87457(6)
O18_4 O 0.87457(6) 0.78563(6) 0.92355(6)
O19_4 O 0.92355(6) 0.37543(6) 0.46437(6)
O20_4 O 0.92355(6) 0.78563(6) 0.87457(6)
O21_4 O 0.46437(6) 0.37543(6) 0.92355(6)
O22_4 O 0.87457(6) 0.32645(6) 0.46437(6)
O24_4 O 0.40832(13) 0.34168(13) 0.90832(13)
O25_4 O 0.90832(13) 0.84168(13) 0.90832(13)
O26_4 O 0.90832(13) 0.34168(13) 0.40832(13)
Zr10_5 Zr 0.8750 0.3750 0.31293(2)
Zr11_5 Zr 0.3750 0.8750 0.31293(2)
Zr10_6 Zr 0.8750 0.8750 0.93707(2)
Zr10_7 Zr 0.3750 0.3750 0.93707(2)
C53_3 C 0.3562(3) 0.22086(12) 0.02914(12)
C54_3 C 0.3490(3) 0.19538(12) 0.05462(12)
C55_3 C 0.3450(3) 0.17513(13) 0.07487(13)
C56_3 C 0.3415(3) 0.15032(11) 0.09968(11)
C57_3 C 0.3413(2) 0.11595(15) 0.09147(17)
H27_3 H 0.3411 0.1095 0.0685
C62_3 C 0.3562(3) 0.02914(12) 0.22086(12)
C63_3 C 0.3490(3) 0.05462(12) 0.19538(12)
C64_3 C 0.3450(3) 0.07487(13) 0.17513(13)
C65_3 C 0.3415(3) 0.09968(11) 0.15032(11)
C66_3 C 0.3413(2) 0.09147(17) 0.11595(15)
H30_3 H 0.3411 0.0685 0.1095
C67_3 C 0.36450(14) 0.27946(11) 0.01349(11)
H31_3 H 0.3665 0.3024 0.0196
C68_3 C 0.35879(19) 0.25507(13) 0.03793(12)
H32_3 H 0.3566 0.2616 0.0608
C69_3 C 0.3413(2) 0.15853(17) 0.13405(15)
H33_3 H 0.3411 0.1815 0.1405
C70_3 C 0.36450(14) 0.01349(11) 0.27946(11)
H34_3 H 0.3665 0.0196 0.3024
C71_3 C 0.35879(19) 0.03793(12) 0.25507(13)
H35_3 H 0.3566 0.0608 0.2616
C72_3 C 0.3413(2) 0.13405(15) 0.15853(17)
H36_3 H 0.3411 0.1405 0.1815
C29_3 C 0.72086(12) 0.02914(12) 0.8562(3)
C30_3 C 0.69538(12) 0.05462(12) 0.8490(3)
C31_3 C 0.67513(13) 0.07487(13) 0.8450(3)
C32_3 C 0.65032(11) 0.09968(11) 0.8415(3)
C33_3 C 0.61595(15) 0.09147(17) 0.8413(2)
H15_3 H 0.6095 0.0685 0.8411
O9_3 O 0.42355(6) 0.28563(6) 0.87457(6)
C34_3 C 0.45366(8) 0.29635(8) 0.87169(12)
C35_3 C 0.48010(8) 0.26990(8) 0.86723(13)
C36_3 C 0.47054(11) 0.23651(11) 0.86450(14)
H16_3 H 0.4476 0.2304 0.8665
C37_3 C 0.49493(13) 0.21207(12) 0.85879(19)
H17_3 H 0.4884 0.1892 0.8566
C38_3 C 0.52914(12) 0.22086(12) 0.8562(3)
C39_3 C 0.55462(12) 0.19538(12) 0.8490(3)
C40_3 C 0.57487(13) 0.17513(13) 0.8450(3)
C41_3 C 0.59968(11) 0.15032(11) 0.8415(3)
C42_3 C 0.59147(17) 0.11595(15) 0.8413(2)
H18_3 H 0.5685 0.1095 0.8411
C43_3 C 0.77946(11) 0.01349(11) 0.86450(14)
H19_3 H 0.8024 0.0196 0.8665
C44_3 C 0.75507(13) 0.03793(12) 0.85879(19)
H20_3 H 0.7616 0.0608 0.8566
C45_3 C 0.65853(17) 0.13405(15) 0.8413(2)
H21_3 H 0.6815 0.1405 0.8411
C46_3 C 0.51349(11) 0.27946(11) 0.86450(14)
H22_3 H 0.5196 0.3024 0.8665
C47_3 C 0.53793(12) 0.25507(13) 0.85879(19)
H23_3 H 0.5608 0.2616 0.8566
C48_3 C 0.63405(15) 0.15853(17) 0.8413(2)
H24_3 H 0.6405 0.1815 0.8411
O12_3 O 0.37457(6) 0.28563(6) 0.92355(6)
C49_3 C 0.37169(12) 0.29634(8) 0.95365(8)
C50_3 C 0.36723(13) 0.26990(8) 0.98010(8)
C51_3 C 0.36450(14) 0.23651(11) 0.97054(11)
H25_3 H 0.3665 0.2304 0.9476
C52_3 C 0.35879(19) 0.21207(12) 0.99493(13)
H26_3 H 0.3566 0.1892 0.9884
O14_3 O 0.37457(6) 0.32645(6) 0.96437(6)
O18_5 O 0.37543(6) 0.28563(6) 0.82645(6)
O20_5 O 0.32645(6) 0.28563(6) 0.87543(6)
O27_3 O 0.34608(12) 0.34608(12) 0.90392(12)
O1_3 O 0.42355(6) 0.87457(6) 0.28563(6)
O3_3 O 0.34608(12) 0.90392(12) 0.34608(12)
C1_3 C 0.45365(8) 0.87169(12) 0.29634(8)
C2_3 C 0.48010(8) 0.86723(13) 0.26990(8)
C3_3 C 0.47054(11) 0.86450(14) 0.23651(11)
H1_3 H 0.4476 0.8665 0.2304
C4_3 C 0.49493(13) 0.85879(19) 0.21207(12)
H2_3 H 0.4884 0.8566 0.1892
C5_3 C 0.52914(12) 0.8562(3) 0.22086(12)
C6_3 C 0.55462(12) 0.8490(3) 0.19538(12)
C7_3 C 0.57487(13) 0.8450(3) 0.17513(13)
C8_3 C 0.59968(11) 0.8415(3) 0.15032(11)
C9_3 C 0.59147(17) 0.8413(2) 0.11595(15)
H3_3 H 0.5685 0.8411 0.1095
C14_3 C 0.72086(12) 0.8562(3) 0.02914(12)
C15_3 C 0.69538(12) 0.8490(3) 0.05462(12)
C16_3 C 0.67513(13) 0.8450(3) 0.07487(13)
C17_3 C 0.65032(11) 0.8415(3) 0.09968(11)
C18_3 C 0.61595(15) 0.8413(2) 0.09147(17)
H6_3 H 0.6095 0.8411 0.0685
C19_3 C 0.51349(11) 0.86450(14) 0.27946(11)
H7_3 H 0.5196 0.8665 0.3024
C20_3 C 0.53793(12) 0.85879(19) 0.25507(13)
H8_3 H 0.5608 0.8566 0.2616
C21_3 C 0.63405(15) 0.8413(2) 0.15853(17)
H9_3 H 0.6405 0.8411 0.1815
C22_3 C 0.77946(11) 0.86450(14) 0.01349(11)
H10_3 H 0.8024 0.8665 0.0196
C23_3 C 0.75507(13) 0.85879(19) 0.03793(12)
H11_3 H 0.7616 0.8566 0.0608
C24_3 C 0.65853(17) 0.8413(2) 0.13405(15)
H12_3 H 0.6815 0.8411 0.1405
O13_3 O 0.37457(6) 0.92355(6) 0.28563(6)
C58_3 C 0.37169(12) 0.95366(8) 0.29635(8)
C59_3 C 0.36723(13) 0.98010(8) 0.26990(8)
C60_3 C 0.36450(14) 0.97054(11) 0.23651(11)
H28_3 H 0.3665 0.9476 0.2304
C61_3 C 0.35879(19) 0.99493(13) 0.21207(12)
H29_3 H 0.3566 0.9884 0.1892
O15_3 O 0.37457(6) 0.96437(6) 0.32645(6)
O19_5 O 0.32645(6) 0.87543(6) 0.28563(6)
O22_5 O 0.37543(6) 0.82645(6) 0.28563(6)
C10_3 C 0.79635(8) 0.87169(12) 0.95366(8)
C11_3 C 0.76990(8) 0.86723(13) 0.98010(8)
C12_3 C 0.73651(11) 0.86450(14) 0.97054(11)
H4_3 H 0.7304 0.8665 0.9476
C13_3 C 0.71207(12) 0.85879(19) 0.99493(13)
H5_3 H 0.6892 0.8566 0.9884
O6_3 O 0.82645(6) 0.87457(6) 0.96437(6)
C25_3 C 0.79634(8) 0.95365(8) 0.87169(12)
C26_3 C 0.76990(8) 0.98010(8) 0.86723(13)
C27_3 C 0.73651(11) 0.97054(11) 0.86450(14)
H13_3 H 0.7304 0.9476 0.8665
C28_3 C 0.71207(12) 0.99493(13) 0.85879(19)
H14_3 H 0.6892 0.9884 0.8566
O10_3 O 0.82645(6) 0.96437(6) 0.87457(6)
O1_4 O 0.82645(6) 0.37543(6) 0.28563(6)
O3_4 O 0.90392(12) 0.34608(12) 0.34608(12)
C1_4 C 0.79635(8) 0.37831(12) 0.29634(8)
C2_4 C 0.76990(8) 0.38277(13) 0.26990(8)
C3_4 C 0.77946(11) 0.38550(14) 0.23651(11)
H1_4 H 0.8024 0.3835 0.2304
C4_4 C 0.75507(13) 0.39121(19) 0.21207(12)
H2_4 H 0.7616 0.3934 0.1892
C5_4 C 0.72086(12) 0.3938(3) 0.22086(12)
C6_4 C 0.69538(12) 0.4010(3) 0.19538(12)
C7_4 C 0.67513(13) 0.4050(3) 0.17513(13)
C8_4 C 0.65032(11) 0.4085(3) 0.15032(11)
C9_4 C 0.65853(17) 0.4087(2) 0.11595(15)
H3_4 H 0.6815 0.4089 0.1095
C14_4 C 0.52914(12) 0.3938(3) 0.02914(12)
C15_4 C 0.55462(12) 0.4010(3) 0.05462(12)
C16_4 C 0.57487(13) 0.4050(3) 0.07487(13)
C17_4 C 0.59968(11) 0.4085(3) 0.09968(11)
C18_4 C 0.63405(15) 0.4087(2) 0.09147(17)
H6_4 H 0.6405 0.4089 0.0685
C19_4 C 0.73651(11) 0.38550(14) 0.27946(11)
H7_4 H 0.7304 0.3835 0.3024
C20_4 C 0.71207(12) 0.39121(19) 0.25507(13)
H8_4 H 0.6892 0.3934 0.2616
C21_4 C 0.61595(15) 0.4087(2) 0.15853(17)
H9_4 H 0.6095 0.4089 0.1815
C22_4 C 0.47054(11) 0.38550(14) 0.01349(11)
H10_4 H 0.4476 0.3835 0.0196
C23_4 C 0.49493(13) 0.39121(19) 0.03793(12)
H11_4 H 0.4884 0.3934 0.0608
C24_4 C 0.59147(17) 0.4087(2) 0.13405(15)
H12_4 H 0.5685 0.4089 0.1405
C53_4 C 0.8938(3) 0.02914(12) 0.02914(12)
C54_4 C 0.9010(3) 0.05462(12) 0.05462(12)
C55_4 C 0.9050(3) 0.07487(13) 0.07487(13)
C56_4 C 0.9085(3) 0.09968(11) 0.09968(11)
C57_4 C 0.9087(2) 0.13405(15) 0.09147(17)
H27_4 H 0.9089 0.1405 0.0685
O13_4 O 0.87543(6) 0.32645(6) 0.28563(6)
C58_4 C 0.87831(12) 0.29634(8) 0.29635(8)
C59_4 C 0.88277(13) 0.26990(8) 0.26990(8)
C60_4 C 0.88550(14) 0.27946(11) 0.23651(11)
H28_4 H 0.8835 0.3024 0.2304
C61_4 C 0.89121(19) 0.25507(13) 0.21207(12)
H29_4 H 0.8934 0.2616 0.1892
C62_4 C 0.8938(3) 0.22086(12) 0.22086(12)
C63_4 C 0.9010(3) 0.19538(12) 0.19538(12)
C64_4 C 0.9050(3) 0.17513(13) 0.17513(13)
C65_4 C 0.9085(3) 0.15032(11) 0.15032(11)
C66_4 C 0.9087(2) 0.15853(17) 0.11595(15)
H30_4 H 0.9089 0.1815 0.1095
C69_4 C 0.9087(2) 0.09147(17) 0.13405(15)
H33_4 H 0.9089 0.0685 0.1405
O15_4 O 0.87543(6) 0.28563(6) 0.32645(6)
C70_4 C 0.88550(14) 0.23651(11) 0.27946(11)
H34_4 H 0.8835 0.2304 0.3024
C71_4 C 0.89121(19) 0.21207(12) 0.25507(13)
H35_4 H 0.8934 0.1892 0.2616
C72_4 C 0.9087(2) 0.11595(15) 0.15853(17)
H36_4 H 0.9089 0.1095 0.1815
O19_6 O 0.92355(6) 0.37457(6) 0.28563(6)
O22_6 O 0.87457(6) 0.42355(6) 0.28563(6)
C10_4 C 0.45365(8) 0.37831(12) 0.95366(8)
C11_4 C 0.48010(8) 0.38277(13) 0.98010(8)
C12_4 C 0.51349(11) 0.38550(14) 0.97054(11)
H4_4 H 0.5196 0.3835 0.9476
C13_4 C 0.53793(12) 0.39121(19) 0.99493(13)
H5_4 H 0.5608 0.3934 0.9884
O6_4 O 0.42355(6) 0.37543(6) 0.96437(6)
C51_4 C 0.88550(14) 0.01349(11) 0.97054(11)
H25_4 H 0.8835 0.0196 0.9476
C52_4 C 0.89121(19) 0.03793(12) 0.99493(13)
H26_4 H 0.8934 0.0608 0.9884
C67_4 C 0.88550(14) 0.97054(11) 0.01349(11)
H31_4 H 0.8835 0.9476 0.0196
C68_4 C 0.89121(19) 0.99493(13) 0.03793(12)
H32_4 H 0.8934 0.9884 0.0608
O12_4 O 0.87543(6) 0.96437(6) 0.92355(6)
C49_4 C 0.87831(12) 0.95366(8) 0.95365(8)
C50_4 C 0.88277(13) 0.98010(8) 0.98010(8)
O14_4 O 0.87543(6) 0.92355(6) 0.96437(6)
O18_6 O 0.87457(6) 0.96437(6) 0.82645(6)
O20_6 O 0.92355(6) 0.96437(6) 0.87543(6)
O27_4 O 0.90392(12) 0.90392(12) 0.90392(12)
C25_4 C 0.79634(8) 0.29635(8) 0.37831(12)
C26_4 C 0.76990(8) 0.26990(8) 0.38277(13)
C27_4 C 0.73651(11) 0.27946(11) 0.38550(14)
H13_4 H 0.7304 0.3024 0.3835
C28_4 C 0.71207(12) 0.25507(13) 0.39121(19)
H14_4 H 0.6892 0.2616 0.3934
C29_4 C 0.72086(12) 0.22086(12) 0.3938(3)
C30_4 C 0.69538(12) 0.19538(12) 0.4010(3)
C31_4 C 0.67513(13) 0.17513(13) 0.4050(3)
C32_4 C 0.65032(11) 0.15032(11) 0.4085(3)
C33_4 C 0.61595(15) 0.15853(17) 0.4087(2)
H15_4 H 0.6095 0.1815 0.4089
C36_4 C 0.47054(11) 0.01349(11) 0.38550(14)
H16_4 H 0.4476 0.0196 0.3835
C37_4 C 0.49493(13) 0.03793(12) 0.39121(19)
H17_4 H 0.4884 0.0608 0.3934
C38_4 C 0.52914(12) 0.02914(12) 0.3938(3)
C39_4 C 0.55462(12) 0.05462(12) 0.4010(3)
C40_4 C 0.57487(13) 0.07487(13) 0.4050(3)
C41_4 C 0.59968(11) 0.09968(11) 0.4085(3)
C42_4 C 0.59147(17) 0.13405(15) 0.4087(2)
H18_4 H 0.5685 0.1405 0.4089
O10_4 O 0.82645(6) 0.28563(6) 0.37543(6)
C43_4 C 0.77946(11) 0.23651(11) 0.38550(14)
H19_4 H 0.8024 0.2304 0.3835
C44_4 C 0.75507(13) 0.21207(12) 0.39121(19)
H20_4 H 0.7616 0.1892 0.3934
C45_4 C 0.65853(17) 0.11595(15) 0.4087(2)
H21_4 H 0.6815 0.1095 0.4089
C48_4 C 0.63405(15) 0.09147(17) 0.4087(2)
H24_4 H 0.6405 0.0685 0.4089
O19_7 O 0.32645(6) 0.37457(6) 0.96437(6)
O22_7 O 0.37543(6) 0.42355(6) 0.96437(6)
O9_4 O 0.42355(6) 0.96437(6) 0.37543(6)
C34_4 C 0.45366(8) 0.95365(8) 0.37831(12)
C35_4 C 0.48010(8) 0.98010(8) 0.38277(13)
C46_4 C 0.51349(11) 0.97054(11) 0.38550(14)
H22_4 H 0.5196 0.9476 0.3835
C47_4 C 0.53793(12) 0.99493(13) 0.39121(19)
H23_4 H 0.5608 0.9884 0.3934
O18_7 O 0.37543(6) 0.96437(6) 0.42355(6)
O20_7 O 0.32645(6) 0.96437(6) 0.37457(6)
O18_8 O 0.87457(6) 0.28563(6) 0.42355(6)
O20_8 O 0.92355(6) 0.28563(6) 0.37457(6)
O19_8 O 0.92355(6) 0.87543(6) 0.96437(6)
O22_8 O 0.87457(6) 0.82645(6) 0.96437(6)
C5_5 C 0.02914(12) 0.3562(3) 0.22086(12)
C6_5 C 0.05462(12) 0.3490(3) 0.19538(12)
C7_5 C 0.07487(13) 0.3450(3) 0.17513(13)
C8_5 C 0.09968(11) 0.3415(3) 0.15032(11)
C9_5 C 0.09147(17) 0.3413(2) 0.11595(15)
H3_5 H 0.0685 0.3411 0.1095
C14_5 C 0.22086(12) 0.3562(3) 0.02914(12)
C15_5 C 0.19538(12) 0.3490(3) 0.05462(12)
C16_5 C 0.17513(13) 0.3450(3) 0.07487(13)
C17_5 C 0.15032(11) 0.3415(3) 0.09968(11)
C18_5 C 0.11595(15) 0.3413(2) 0.09147(17)
H6_5 H 0.1095 0.3411 0.0685
C19_5 C 0.01349(11) 0.36450(14) 0.27946(11)
H7_5 H 0.0196 0.3665 0.3024
C20_5 C 0.03793(12) 0.35879(19) 0.25507(13)
H8_5 H 0.0608 0.3566 0.2616
C21_5 C 0.13405(15) 0.3413(2) 0.15853(17)
H9_5 H 0.1405 0.3411 0.1815
C22_5 C 0.27946(11) 0.36450(14) 0.01349(11)
H10_5 H 0.3024 0.3665 0.0196
C23_5 C 0.25507(13) 0.35879(19) 0.03793(12)
H11_5 H 0.2616 0.3566 0.0608
C24_5 C 0.15853(17) 0.3413(2) 0.13405(15)
H12_5 H 0.1815 0.3411 0.1405
O4_3 O 0.28563(6) 0.37457(6) 0.92355(6)
C10_5 C 0.29635(8) 0.37169(12) 0.95366(8)
C11_5 C 0.26990(8) 0.36723(13) 0.98010(8)
C12_5 C 0.23651(11) 0.36450(14) 0.97054(11)
H4_5 H 0.2304 0.3665 0.9476
C13_5 C 0.21207(12) 0.35879(19) 0.99493(13)
H5_5 H 0.1892 0.3566 0.9884
O8_3 O 0.28563(6) 0.42355(6) 0.87457(6)
C25_5 C 0.29634(8) 0.45365(8) 0.87169(12)
C26_5 C 0.26990(8) 0.48010(8) 0.86723(13)
C27_5 C 0.23651(11) 0.47054(11) 0.86450(14)
H13_5 H 0.2304 0.4476 0.8665
C28_5 C 0.21207(12) 0.49493(13) 0.85879(19)
H14_5 H 0.1892 0.4884 0.8566
C29_5 C 0.22086(12) 0.52914(12) 0.8562(3)
C30_5 C 0.19538(12) 0.55462(12) 0.8490(3)
C31_5 C 0.17513(13) 0.57487(13) 0.8450(3)
C32_5 C 0.15032(11) 0.59968(11) 0.8415(3)
C33_5 C 0.11595(15) 0.59147(17) 0.8413(2)
H15_5 H 0.1095 0.5685 0.8411
C38_5 C 0.02914(12) 0.72086(12) 0.8562(3)
C39_5 C 0.05462(12) 0.69538(12) 0.8490(3)
C40_5 C 0.07487(13) 0.67513(13) 0.8450(3)
C41_5 C 0.09968(11) 0.65032(11) 0.8415(3)
C42_5 C 0.09147(17) 0.61595(15) 0.8413(2)
H18_5 H 0.0685 0.6095 0.8411
C43_5 C 0.27946(11) 0.51349(11) 0.86450(14)
H19_5 H 0.3024 0.5196 0.8665
C44_5 C 0.25507(13) 0.53793(12) 0.85879(19)
H20_5 H 0.2616 0.5608 0.8566
C45_5 C 0.15853(17) 0.63405(15) 0.8413(2)
H21_5 H 0.1815 0.6405 0.8411
C46_5 C 0.01349(11) 0.77946(11) 0.86450(14)
H22_5 H 0.0196 0.8024 0.8665
C47_5 C 0.03793(12) 0.75507(13) 0.85879(19)
H23_5 H 0.0608 0.7616 0.8566
C48_5 C 0.13405(15) 0.65853(17) 0.8413(2)
H24_5 H 0.1405 0.6815 0.8411
O17_5 O 0.28563(6) 0.32645(6) 0.87543(6)
O21_5 O 0.28563(6) 0.37543(6) 0.82645(6)
C1_5 C 0.95365(8) 0.37169(12) 0.29634(8)
C2_5 C 0.98010(8) 0.36723(13) 0.26990(8)
C3_5 C 0.97054(11) 0.36450(14) 0.23651(11)
H1_5 H 0.9476 0.3665 0.2304
C4_5 C 0.99493(13) 0.35879(19) 0.21207(12)
H2_5 H 0.9884 0.3566 0.1892
O5_3 O 0.96437(6) 0.37457(6) 0.32645(6)
C53_5 C 0.8562(3) 0.72086(12) 0.02914(12)
C54_5 C 0.8490(3) 0.69538(12) 0.05462(12)
C55_5 C 0.8450(3) 0.67513(13) 0.07487(13)
C56_5 C 0.8415(3) 0.65032(11) 0.09968(11)
C57_5 C 0.8413(2) 0.61595(15) 0.09147(17)
H27_5 H 0.8411 0.6095 0.0685
C58_5 C 0.87169(12) 0.45366(8) 0.29635(8)
C59_5 C 0.86723(13) 0.48010(8) 0.26990(8)
C60_5 C 0.86450(14) 0.47054(11) 0.23651(11)
H28_5 H 0.8665 0.4476 0.2304
C61_5 C 0.85879(19) 0.49493(13) 0.21207(12)
H29_5 H 0.8566 0.4884 0.1892
C62_5 C 0.8562(3) 0.52914(12) 0.22086(12)
C63_5 C 0.8490(3) 0.55462(12) 0.19538(12)
C64_5 C 0.8450(3) 0.57487(13) 0.17513(13)
C65_5 C 0.8415(3) 0.59968(11) 0.15032(11)
C66_5 C 0.8413(2) 0.59147(17) 0.11595(15)
H30_5 H 0.8411 0.5685 0.1095
C67_5 C 0.86450(14) 0.77946(11) 0.01349(11)
H31_5 H 0.8665 0.8024 0.0196
C68_5 C 0.85879(19) 0.75507(13) 0.03793(12)
H32_5 H 0.8566 0.7616 0.0608
C69_5 C 0.8413(2) 0.65853(17) 0.13405(15)
H33_5 H 0.8411 0.6815 0.1405
C70_5 C 0.86450(14) 0.51349(11) 0.27946(11)
H34_5 H 0.8665 0.5196 0.3024
C71_5 C 0.85879(19) 0.53793(12) 0.25507(13)
H35_5 H 0.8566 0.5608 0.2616
C72_5 C 0.8413(2) 0.63405(15) 0.15853(17)
H36_5 H 0.8411 0.6405 0.1815
C34_5 C 0.95366(8) 0.79635(8) 0.87169(12)
C35_5 C 0.98010(8) 0.76990(8) 0.86723(13)
C36_5 C 0.97054(11) 0.73651(11) 0.86450(14)
H16_5 H 0.9476 0.7304 0.8665
C37_5 C 0.99493(13) 0.71207(12) 0.85879(19)
H17_5 H 0.9884 0.6892 0.8566
O11_3 O 0.96437(6) 0.82645(6) 0.87457(6)
C49_5 C 0.87169(12) 0.79634(8) 0.95365(8)
C50_5 C 0.86723(13) 0.76990(8) 0.98010(8)
C51_5 C 0.86450(14) 0.73651(11) 0.97054(11)
H25_5 H 0.8665 0.7304 0.9476
C52_5 C 0.85879(19) 0.71207(12) 0.99493(13)
H26_5 H 0.8566 0.6892 0.9884
C1_6 C 0.29635(8) 0.87831(12) 0.29634(8)
C2_6 C 0.26990(8) 0.88277(13) 0.26990(8)
C3_6 C 0.27946(11) 0.88550(14) 0.23651(11)
H1_6 H 0.3024 0.8835 0.2304
C4_6 C 0.25507(13) 0.89121(19) 0.21207(12)
H2_6 H 0.2616 0.8934 0.1892
C5_6 C 0.22086(12) 0.8938(3) 0.22086(12)
C6_6 C 0.19538(12) 0.9010(3) 0.19538(12)
C7_6 C 0.17513(13) 0.9050(3) 0.17513(13)
C8_6 C 0.15032(11) 0.9085(3) 0.15032(11)
C9_6 C 0.15853(17) 0.9087(2) 0.11595(15)
H3_6 H 0.1815 0.9089 0.1095
C14_6 C 0.02914(12) 0.8938(3) 0.02914(12)
C15_6 C 0.05462(12) 0.9010(3) 0.05462(12)
C16_6 C 0.07487(13) 0.9050(3) 0.07487(13)
C17_6 C 0.09968(11) 0.9085(3) 0.09968(11)
C18_6 C 0.13405(15) 0.9087(2) 0.09147(17)
H6_6 H 0.1405 0.9089 0.0685
O5_4 O 0.28563(6) 0.87543(6) 0.32645(6)
C19_6 C 0.23651(11) 0.88550(14) 0.27946(11)
H7_6 H 0.2304 0.8835 0.3024
C20_6 C 0.21207(12) 0.89121(19) 0.25507(13)
H8_6 H 0.1892 0.8934 0.2616
C21_6 C 0.11595(15) 0.9087(2) 0.15853(17)
H9_6 H 0.1095 0.9089 0.1815
C24_6 C 0.09147(17) 0.9087(2) 0.13405(15)
H12_6 H 0.0685 0.9089 0.1405
C53_6 C 0.3938(3) 0.52914(12) 0.02914(12)
C54_6 C 0.4010(3) 0.55462(12) 0.05462(12)
C55_6 C 0.4050(3) 0.57487(13) 0.07487(13)
C56_6 C 0.4085(3) 0.59968(11) 0.09968(11)
C57_6 C 0.4087(2) 0.63405(15) 0.09147(17)
H27_6 H 0.4089 0.6405 0.0685
C58_6 C 0.37831(12) 0.79634(8) 0.29635(8)
C59_6 C 0.38277(13) 0.76990(8) 0.26990(8)
C60_6 C 0.38550(14) 0.77946(11) 0.23651(11)
H28_6 H 0.3835 0.8024 0.2304
C61_6 C 0.39121(19) 0.75507(13) 0.21207(12)
H29_6 H 0.3934 0.7616 0.1892
C62_6 C 0.3938(3) 0.72086(12) 0.22086(12)
C63_6 C 0.4010(3) 0.69538(12) 0.19538(12)
C64_6 C 0.4050(3) 0.67513(13) 0.17513(13)
C65_6 C 0.4085(3) 0.65032(11) 0.15032(11)
C66_6 C 0.4087(2) 0.65853(17) 0.11595(15)
H30_6 H 0.4089 0.6815 0.1095
C67_6 C 0.38550(14) 0.47054(11) 0.01349(11)
H31_6 H 0.3835 0.4476 0.0196
C68_6 C 0.39121(19) 0.49493(13) 0.03793(12)
H32_6 H 0.3934 0.4884 0.0608
C69_6 C 0.4087(2) 0.59147(17) 0.13405(15)
H33_6 H 0.4089 0.5685 0.1405
C70_6 C 0.38550(14) 0.73651(11) 0.27946(11)
H34_6 H 0.3835 0.7304 0.3024
C71_6 C 0.39121(19) 0.71207(12) 0.25507(13)
H35_6 H 0.3934 0.6892 0.2616
C72_6 C 0.4087(2) 0.61595(15) 0.15853(17)
H36_6 H 0.4089 0.6095 0.1815
C12_6 C 0.01349(11) 0.88550(14) 0.97054(11)
H4_6 H 0.0196 0.8835 0.9476
C13_6 C 0.03793(12) 0.89121(19) 0.99493(13)
H5_6 H 0.0608 0.8934 0.9884
C49_6 C 0.37831(12) 0.45366(8) 0.95365(8)
C50_6 C 0.38277(13) 0.48010(8) 0.98010(8)
C51_6 C 0.38550(14) 0.51349(11) 0.97054(11)
H25_6 H 0.3835 0.5196 0.9476
C52_6 C 0.39121(19) 0.53793(12) 0.99493(13)
H26_6 H 0.3934 0.5608 0.9884
C22_6 C 0.97054(11) 0.88550(14) 0.01349(11)
H10_6 H 0.9476 0.8835 0.0196
C23_6 C 0.99493(13) 0.89121(19) 0.03793(12)
H11_6 H 0.9884 0.8934 0.0608
O4_4 O 0.96437(6) 0.87543(6) 0.92355(6)
C10_6 C 0.95365(8) 0.87831(12) 0.95366(8)
C11_6 C 0.98010(8) 0.88277(13) 0.98010(8)
O17_6 O 0.96437(6) 0.92355(6) 0.87543(6)
O21_6 O 0.96437(6) 0.87457(6) 0.82645(6)
O8_4 O 0.28563(6) 0.82645(6) 0.37543(6)
C25_6 C 0.29634(8) 0.79635(8) 0.37831(12)
C26_6 C 0.26990(8) 0.76990(8) 0.38277(13)
C27_6 C 0.23651(11) 0.77946(11) 0.38550(14)
H13_6 H 0.2304 0.8024 0.3835
C28_6 C 0.21207(12) 0.75507(13) 0.39121(19)
H14_6 H 0.1892 0.7616 0.3934
C29_6 C 0.22086(12) 0.72086(12) 0.3938(3)
C30_6 C 0.19538(12) 0.69538(12) 0.4010(3)
C31_6 C 0.17513(13) 0.67513(13) 0.4050(3)
C32_6 C 0.15032(11) 0.65032(11) 0.4085(3)
C33_6 C 0.11595(15) 0.65853(17) 0.4087(2)
H15_6 H 0.1095 0.6815 0.4089
C38_6 C 0.02914(12) 0.52914(12) 0.3938(3)
C39_6 C 0.05462(12) 0.55462(12) 0.4010(3)
C40_6 C 0.07487(13) 0.57487(13) 0.4050(3)
C41_6 C 0.09968(11) 0.59968(11) 0.4085(3)
C42_6 C 0.09147(17) 0.63405(15) 0.4087(2)
H18_6 H 0.0685 0.6405 0.4089
C43_6 C 0.27946(11) 0.73651(11) 0.38550(14)
H19_6 H 0.3024 0.7304 0.3835
C44_6 C 0.25507(13) 0.71207(12) 0.39121(19)
H20_6 H 0.2616 0.6892 0.3934
C45_6 C 0.15853(17) 0.61595(15) 0.4087(2)
H21_6 H 0.1815 0.6095 0.4089
C46_6 C 0.01349(11) 0.47054(11) 0.38550(14)
H22_6 H 0.0196 0.4476 0.3835
C47_6 C 0.03793(12) 0.49493(13) 0.39121(19)
H23_6 H 0.0608 0.4884 0.3934
C48_6 C 0.13405(15) 0.59147(17) 0.4087(2)
H24_6 H 0.1405 0.5685 0.4089
O17_7 O 0.28563(6) 0.92355(6) 0.37457(6)
O21_7 O 0.28563(6) 0.87457(6) 0.42355(6)
C34_6 C 0.95366(8) 0.45365(8) 0.37831(12)
C35_6 C 0.98010(8) 0.48010(8) 0.38277(13)
C36_6 C 0.97054(11) 0.51349(11) 0.38550(14)
H16_6 H 0.9476 0.5196 0.3835
C37_6 C 0.99493(13) 0.53793(12) 0.39121(19)
H17_6 H 0.9884 0.5608 0.3934
O11_4 O 0.96437(6) 0.42355(6) 0.37543(6)
O17_8 O 0.96437(6) 0.32645(6) 0.37457(6)
O21_8 O 0.96437(6) 0.37543(6) 0.42355(6)
C29_7 C 0.22086(12) 0.02914(12) 0.3562(3)
C30_7 C 0.19538(12) 0.05462(12) 0.3490(3)
C31_7 C 0.17513(13) 0.07487(13) 0.3450(3)
C32_7 C 0.15032(11) 0.09968(11) 0.3415(3)
C33_7 C 0.11595(15) 0.09147(17) 0.3413(2)
H15_7 H 0.1095 0.0685 0.3411
C38_7 C 0.02914(12) 0.22086(12) 0.3562(3)
C39_7 C 0.05462(12) 0.19538(12) 0.3490(3)
C40_7 C 0.07487(13) 0.17513(13) 0.3450(3)
C41_7 C 0.09968(11) 0.15032(11) 0.3415(3)
C42_7 C 0.09147(17) 0.11595(15) 0.3413(2)
H18_7 H 0.0685 0.1095 0.3411
C43_7 C 0.27946(11) 0.01349(11) 0.36450(14)
H19_7 H 0.3024 0.0196 0.3665
C44_7 C 0.25507(13) 0.03793(12) 0.35879(19)
H20_7 H 0.2616 0.0608 0.3566
C45_7 C 0.15853(17) 0.13405(15) 0.3413(2)
H21_7 H 0.1815 0.1405 0.3411
C46_7 C 0.01349(11) 0.27946(11) 0.36450(14)
H22_7 H 0.0196 0.3024 0.3665
C47_7 C 0.03793(12) 0.25507(13) 0.35879(19)
H23_7 H 0.0608 0.2616 0.3566
C48_7 C 0.13405(15) 0.15853(17) 0.3413(2)
H24_7 H 0.1405 0.1815 0.3411
C5_7 C 0.02914(12) 0.8562(3) 0.72086(12)
C6_7 C 0.05462(12) 0.8490(3) 0.69538(12)
C7_7 C 0.07487(13) 0.8450(3) 0.67513(13)
C8_7 C 0.09968(11) 0.8415(3) 0.65032(11)
C9_7 C 0.09147(17) 0.8413(2) 0.61595(15)
H3_7 H 0.0685 0.8411 0.6095
C10_7 C 0.29635(8) 0.87169(12) 0.45366(8)
C11_7 C 0.26990(8) 0.86723(13) 0.48010(8)
C12_7 C 0.23651(11) 0.86450(14) 0.47054(11)
H4_7 H 0.2304 0.8665 0.4476
C13_7 C 0.21207(12) 0.85879(19) 0.49493(13)
H5_7 H 0.1892 0.8566 0.4884
C14_7 C 0.22086(12) 0.8562(3) 0.52914(12)
C15_7 C 0.19538(12) 0.8490(3) 0.55462(12)
C16_7 C 0.17513(13) 0.8450(3) 0.57487(13)
C17_7 C 0.15032(11) 0.8415(3) 0.59968(11)
C18_7 C 0.11595(15) 0.8413(2) 0.59147(17)
H6_7 H 0.1095 0.8411 0.5685
C19_7 C 0.01349(11) 0.86450(14) 0.77946(11)
H7_7 H 0.0196 0.8665 0.8024
C20_7 C 0.03793(12) 0.85879(19) 0.75507(13)
H8_7 H 0.0608 0.8566 0.7616
C21_7 C 0.13405(15) 0.8413(2) 0.65853(17)
H9_7 H 0.1405 0.8411 0.6815
C22_7 C 0.27946(11) 0.86450(14) 0.51349(11)
H10_7 H 0.3024 0.8665 0.5196
C23_7 C 0.25507(13) 0.85879(19) 0.53793(12)
H11_7 H 0.2616 0.8566 0.5608
C24_7 C 0.15853(17) 0.8413(2) 0.63405(15)
H12_7 H 0.1815 0.8411 0.6405
C25_7 C 0.29634(8) 0.95365(8) 0.37169(12)
C26_7 C 0.26990(8) 0.98010(8) 0.36723(13)
C27_7 C 0.23651(11) 0.97054(11) 0.36450(14)
H13_7 H 0.2304 0.9476 0.3665
C28_7 C 0.21207(12) 0.99493(13) 0.35879(19)
H14_7 H 0.1892 0.9884 0.3566
C34_7 C 0.95366(8) 0.29635(8) 0.37169(12)
C35_7 C 0.98010(8) 0.26990(8) 0.36723(13)
C36_7 C 0.97054(11) 0.23651(11) 0.36450(14)
H16_7 H 0.9476 0.2304 0.3665
C37_7 C 0.99493(13) 0.21207(12) 0.35879(19)
H17_7 H 0.9884 0.1892 0.3566
C49_7 C 0.87169(12) 0.29634(8) 0.45365(8)
C50_7 C 0.86723(13) 0.26990(8) 0.48010(8)
C51_7 C 0.86450(14) 0.23651(11) 0.47054(11)
H25_7 H 0.8665 0.2304 0.4476
C52_7 C 0.85879(19) 0.21207(12) 0.49493(13)
H26_7 H 0.8566 0.1892 0.4884
C53_7 C 0.8562(3) 0.22086(12) 0.52914(12)
C54_7 C 0.8490(3) 0.19538(12) 0.55462(12)
C55_7 C 0.8450(3) 0.17513(13) 0.57487(13)
C56_7 C 0.8415(3) 0.15032(11) 0.59968(11)
C57_7 C 0.8413(2) 0.11595(15) 0.59147(17)
H27_7 H 0.8411 0.1095 0.5685
C62_7 C 0.8562(3) 0.02914(12) 0.72086(12)
C63_7 C 0.8490(3) 0.05462(12) 0.69538(12)
C64_7 C 0.8450(3) 0.07487(13) 0.67513(13)
C65_7 C 0.8415(3) 0.09968(11) 0.65032(11)
C66_7 C 0.8413(2) 0.09147(17) 0.61595(15)
H30_7 H 0.8411 0.0685 0.6095
C67_7 C 0.86450(14) 0.27946(11) 0.51349(11)
H31_7 H 0.8665 0.3024 0.5196
C68_7 C 0.85879(19) 0.25507(13) 0.53793(12)
H32_7 H 0.8566 0.2616 0.5608
C69_7 C 0.8413(2) 0.15853(17) 0.63405(15)
H33_7 H 0.8411 0.1815 0.6405
C70_7 C 0.86450(14) 0.01349(11) 0.77946(11)
H34_7 H 0.8665 0.0196 0.8024
C71_7 C 0.85879(19) 0.03793(12) 0.75507(13)
H35_7 H 0.8566 0.0608 0.7616
C72_7 C 0.8413(2) 0.13405(15) 0.65853(17)
H36_7 H 0.8411 0.1405 0.6815
C1_7 C 0.95365(8) 0.87169(12) 0.79634(8)
C2_7 C 0.98010(8) 0.86723(13) 0.76990(8)
C3_7 C 0.97054(11) 0.86450(14) 0.73651(11)
H1_7 H 0.9476 0.8665 0.7304
C4_7 C 0.99493(13) 0.85879(19) 0.71207(12)
H2_7 H 0.9884 0.8566 0.6892
C58_7 C 0.87169(12) 0.95366(8) 0.79635(8)
C59_7 C 0.86723(13) 0.98010(8) 0.76990(8)
C60_7 C 0.86450(14) 0.97054(11) 0.73651(11)
H28_7 H 0.8665 0.9476 0.7304
C61_7 C 0.85879(19) 0.99493(13) 0.71207(12)
H29_7 H 0.8566 0.9884 0.6892
C1_8 C 0.29635(8) 0.37831(12) 0.79634(8)
C2_8 C 0.26990(8) 0.38277(13) 0.76990(8)
C3_8 C 0.27946(11) 0.38550(14) 0.73651(11)
H1_8 H 0.3024 0.3835 0.7304
C4_8 C 0.25507(13) 0.39121(19) 0.71207(12)
H2_8 H 0.2616 0.3934 0.6892
C5_8 C 0.22086(12) 0.3938(3) 0.72086(12)
C6_8 C 0.19538(12) 0.4010(3) 0.69538(12)
C7_8 C 0.17513(13) 0.4050(3) 0.67513(13)
C8_8 C 0.15032(11) 0.4085(3) 0.65032(11)
C9_8 C 0.15853(17) 0.4087(2) 0.61595(15)
H3_8 H 0.1815 0.4089 0.6095
C12_8 C 0.01349(11) 0.38550(14) 0.47054(11)
H4_8 H 0.0196 0.3835 0.4476
C13_8 C 0.03793(12) 0.39121(19) 0.49493(13)
H5_8 H 0.0608 0.3934 0.4884
C14_8 C 0.02914(12) 0.3938(3) 0.52914(12)
C15_8 C 0.05462(12) 0.4010(3) 0.55462(12)
C16_8 C 0.07487(13) 0.4050(3) 0.57487(13)
C17_8 C 0.09968(11) 0.4085(3) 0.59968(11)
C18_8 C 0.13405(15) 0.4087(2) 0.59147(17)
H6_8 H 0.1405 0.4089 0.5685
C19_8 C 0.23651(11) 0.38550(14) 0.77946(11)
H7_8 H 0.2304 0.3835 0.8024
C20_8 C 0.21207(12) 0.39121(19) 0.75507(13)
H8_8 H 0.1892 0.3934 0.7616
C21_8 C 0.11595(15) 0.4087(2) 0.65853(17)
H9_8 H 0.1095 0.4089 0.6815
C24_8 C 0.09147(17) 0.4087(2) 0.63405(15)
H12_8 H 0.0685 0.4089 0.6405
C51_8 C 0.38550(14) 0.01349(11) 0.47054(11)
H25_8 H 0.3835 0.0196 0.4476
C52_8 C 0.39121(19) 0.03793(12) 0.49493(13)
H26_8 H 0.3934 0.0608 0.4884
C53_8 C 0.3938(3) 0.02914(12) 0.52914(12)
C54_8 C 0.4010(3) 0.05462(12) 0.55462(12)
C55_8 C 0.4050(3) 0.07487(13) 0.57487(13)
C56_8 C 0.4085(3) 0.09968(11) 0.59968(11)
C57_8 C 0.4087(2) 0.13405(15) 0.59147(17)
H27_8 H 0.4089 0.1405 0.5685
C58_8 C 0.37831(12) 0.29634(8) 0.79635(8)
C59_8 C 0.38277(13) 0.26990(8) 0.76990(8)
C60_8 C 0.38550(14) 0.27946(11) 0.73651(11)
H28_8 H 0.3835 0.3024 0.7304
C61_8 C 0.39121(19) 0.25507(13) 0.71207(12)
H29_8 H 0.3934 0.2616 0.6892
C62_8 C 0.3938(3) 0.22086(12) 0.72086(12)
C63_8 C 0.4010(3) 0.19538(12) 0.69538(12)
C64_8 C 0.4050(3) 0.17513(13) 0.67513(13)
C65_8 C 0.4085(3) 0.15032(11) 0.65032(11)
C66_8 C 0.4087(2) 0.15853(17) 0.61595(15)
H30_8 H 0.4089 0.1815 0.6095
C69_8 C 0.4087(2) 0.09147(17) 0.63405(15)
H33_8 H 0.4089 0.0685 0.6405
C70_8 C 0.38550(14) 0.23651(11) 0.77946(11)
H34_8 H 0.3835 0.2304 0.8024
C71_8 C 0.39121(19) 0.21207(12) 0.75507(13)
H35_8 H 0.3934 0.1892 0.7616
C72_8 C 0.4087(2) 0.11595(15) 0.65853(17)
H36_8 H 0.4089 0.1095 0.6815
C49_8 C 0.37831(12) 0.95366(8) 0.45365(8)
C50_8 C 0.38277(13) 0.98010(8) 0.48010(8)
C67_8 C 0.38550(14) 0.97054(11) 0.51349(11)
H31_8 H 0.3835 0.9476 0.5196
C68_8 C 0.39121(19) 0.99493(13) 0.53793(12)
H32_8 H 0.3934 0.9884 0.5608
C10_8 C 0.95365(8) 0.37831(12) 0.45366(8)
C11_8 C 0.98010(8) 0.38277(13) 0.48010(8)
C22_8 C 0.97054(11) 0.38550(14) 0.51349(11)
H10_8 H 0.9476 0.3835 0.5196
C23_8 C 0.99493(13) 0.39121(19) 0.53793(12)
H11_8 H 0.9884 0.3934 0.5608
C25_8 C 0.29634(8) 0.29635(8) 0.87831(12)
C26_8 C 0.26990(8) 0.26990(8) 0.88277(13)
C27_8 C 0.23651(11) 0.27946(11) 0.88550(14)
H13_8 H 0.2304 0.3024 0.8835
C28_8 C 0.21207(12) 0.25507(13) 0.89121(19)
H14_8 H 0.1892 0.2616 0.8934
C29_8 C 0.22086(12) 0.22086(12) 0.8938(3)
C30_8 C 0.19538(12) 0.19538(12) 0.9010(3)
C31_8 C 0.17513(13) 0.17513(13) 0.9050(3)
C32_8 C 0.15032(11) 0.15032(11) 0.9085(3)
C33_8 C 0.11595(15) 0.15853(17) 0.9087(2)
H15_8 H 0.1095 0.1815 0.9089
C38_8 C 0.02914(12) 0.02914(12) 0.8938(3)
C39_8 C 0.05462(12) 0.05462(12) 0.9010(3)
C40_8 C 0.07487(13) 0.07487(13) 0.9050(3)
C41_8 C 0.09968(11) 0.09968(11) 0.9085(3)
C42_8 C 0.09147(17) 0.13405(15) 0.9087(2)
H18_8 H 0.0685 0.1405 0.9089
C43_8 C 0.27946(11) 0.23651(11) 0.88550(14)
H19_8 H 0.3024 0.2304 0.8835
C44_8 C 0.25507(13) 0.21207(12) 0.89121(19)
H20_8 H 0.2616 0.1892 0.8934
C45_8 C 0.15853(17) 0.11595(15) 0.9087(2)
H21_8 H 0.1815 0.1095 0.9089
C48_8 C 0.13405(15) 0.09147(17) 0.9087(2)
H24_8 H 0.1405 0.0685 0.9089
C46_8 C 0.01349(11) 0.97054(11) 0.88550(14)
