
###############################################################################
#
# This file contains modified crystal structure data generated from the
# MOF subset of the Cambridge Structural Database (CSD) v543 
# hosted by the Cambridge Crystallographic Data Centre (CCDC).
#
# This work is licensed under the Creative Commons
# Attribution-NonCommercial-ShareAlike 4.0 International License.
# To view a copy of this license, visit
# http://creativecommons.org/licenses/by-nc-sa/4.0/
# or send a letter to
# Creative Commons, PO Box 1866, Mountain View, CA 94042, USA.
#
# CIF created using the CSD Python API on 29 September 2022
# The structure has been converted into the P1 space group
# The structure has a 3D framework
# The original CSD entry XAMDUM03 is in the cubic crystal system
# The framework has been calculated to contain at least 10.0% void space
# The void calculation uses a probe of radius 1.32A, grid spacing 0.4
# H atom positions have been added when not included in the experimental data
# Generated hydrogen atom positions removed from atoms on special positions
#
###############################################################################

data_XAMDUM03
_chemical_formula_moiety         '(C288 H672 Cu72 O264)n'
_symmetry_cell_setting           triclinic
_symmetry_space_group_name_H-M   'P 1'
_symmetry_Int_Tables_number      1
_space_group_name_Hall           'P 1'
loop_
_symmetry_equiv_pos_site_id
_symmetry_equiv_pos_as_xyz
1 x,y,z
_cell_length_a                   26.2564(15)
_cell_length_b                   26.2564(15)
_cell_length_c                   26.2564(15)
_cell_angle_alpha                90
_cell_angle_beta                 90
_cell_angle_gamma                90
_cell_volume                     18101.1
loop_
_atom_site_label
_atom_site_type_symbol
_atom_site_fract_x
_atom_site_fract_y
_atom_site_fract_z
Cu1 Cu 0.5000 0.21505(4) 0.28495(4)
O1 O 0.44689(15) 0.25669(15) 0.31644(14)
O2 O 0.5000 0.1580(3) 0.3420(3)
C1 C 0.3646(2) 0.3004(3) 0.3646(2)
C2 C 0.3870(3) 0.32224(19) 0.32224(19)
C3 C 0.4296(3) 0.2959(2) 0.2959(2)
H1 H 0.3787 0.2704 0.3787
Cu2 Cu 0.5000 0.28495(4) 0.21505(4)
Cu3 Cu 0.28495(4) 0.5000 0.21505(4)
Cu4 Cu 0.21505(4) 0.5000 0.28495(4)
Cu5 Cu 0.21505(4) 0.28495(4) 0.5000
Cu6 Cu 0.28495(4) 0.21505(4) 0.5000
Cu7 Cu 0.71505(4) 0.28495(4) 0.0000
Cu8 Cu 0.78495(4) 0.21505(4) 0.0000
Cu9 Cu 0.78495(4) 0.0000 0.21505(4)
Cu10 Cu 0.71505(4) 0.0000 0.28495(4)
Cu11 Cu 0.71505(4) 0.5000 0.21505(4)
Cu12 Cu 0.78495(4) 0.5000 0.28495(4)
Cu13 Cu 0.78495(4) 0.28495(4) 0.5000
Cu14 Cu 0.71505(4) 0.21505(4) 0.5000
Cu15 Cu 0.28495(4) 0.28495(4) 0.0000
Cu16 Cu 0.21505(4) 0.21505(4) 0.0000
Cu17 Cu 0.21505(4) 0.0000 0.21505(4)
Cu18 Cu 0.28495(4) 0.0000 0.28495(4)
O3 O 0.44689(15) 0.31644(14) 0.25669(15)
O4 O 0.31644(14) 0.44689(15) 0.25669(15)
O5 O 0.25669(15) 0.44689(15) 0.31644(14)
O6 O 0.25669(15) 0.31644(14) 0.44689(15)
O7 O 0.31644(14) 0.25669(15) 0.44689(15)
O8 O 0.55311(15) 0.18356(14) 0.24331(15)
O9 O 0.55311(15) 0.24331(15) 0.18356(14)
O10 O 0.68356(14) 0.24331(15) 0.05311(15)
O11 O 0.74331(15) 0.18356(14) 0.05311(15)
O12 O 0.74331(15) 0.05311(15) 0.18356(14)
O13 O 0.68356(14) 0.05311(15) 0.24331(15)
O14 O 0.55311(15) 0.25669(15) 0.31644(14)
O15 O 0.55311(15) 0.31644(14) 0.25669(15)
O16 O 0.68356(14) 0.44689(15) 0.25669(15)
O17 O 0.74331(15) 0.44689(15) 0.31644(14)
O18 O 0.74331(15) 0.31644(14) 0.44689(15)
O19 O 0.68356(14) 0.25669(15) 0.44689(15)
O20 O 0.44689(15) 0.18356(14) 0.24331(15)
O21 O 0.44689(15) 0.24331(15) 0.18356(14)
O22 O 0.31644(14) 0.24331(15) 0.05311(15)
O23 O 0.25669(15) 0.18356(14) 0.05311(15)
O24 O 0.25669(15) 0.05311(15) 0.18356(14)
O25 O 0.31644(14) 0.05311(15) 0.24331(15)
O26 O 0.24331(15) 0.55311(15) 0.18356(14)
O27 O 0.31644(14) 0.55311(15) 0.25669(15)
O28 O 0.24331(15) 0.44689(15) 0.18356(14)
O29 O 0.18356(14) 0.55311(15) 0.24331(15)
O30 O 0.25669(15) 0.55311(15) 0.31644(14)
O31 O 0.18356(14) 0.44689(15) 0.24331(15)
O32 O 0.18356(14) 0.24331(15) 0.55311(15)
O33 O 0.25669(15) 0.31644(14) 0.55311(15)
O34 O 0.18356(14) 0.24331(15) 0.44689(15)
O35 O 0.24331(15) 0.18356(14) 0.55311(15)
O36 O 0.31644(14) 0.25669(15) 0.55311(15)
O37 O 0.24331(15) 0.18356(14) 0.44689(15)
O38 O 0.5000 0.3420(3) 0.1580(3)
O39 O 0.3420(3) 0.5000 0.1580(3)
O40 O 0.1580(3) 0.5000 0.3420(3)
O41 O 0.1580(3) 0.3420(3) 0.5000
O42 O 0.3420(3) 0.1580(3) 0.5000
C4 C 0.3004(3) 0.3646(2) 0.3646(2)
C5 C 0.3646(2) 0.3646(2) 0.3004(3)
C6 C 0.6354(2) 0.1354(2) 0.1996(3)
C7 C 0.6996(3) 0.1354(2) 0.1354(2)
C8 C 0.6354(2) 0.1996(3) 0.1354(2)
C9 C 0.6354(2) 0.3004(3) 0.3646(2)
C10 C 0.6996(3) 0.3646(2) 0.3646(2)
C11 C 0.6354(2) 0.3646(2) 0.3004(3)
C12 C 0.3646(2) 0.1354(2) 0.1996(3)
C13 C 0.3004(3) 0.1354(2) 0.1354(2)
C14 C 0.3646(2) 0.1996(3) 0.1354(2)
C15 C 0.32224(19) 0.32224(19) 0.3870(3)
C16 C 0.32224(19) 0.3870(3) 0.32224(19)
C17 C 0.6130(3) 0.17776(19) 0.17776(19)
C18 C 0.67776(19) 0.1130(3) 0.17776(19)
C19 C 0.67776(19) 0.17776(19) 0.1130(3)
C20 C 0.6130(3) 0.32224(19) 0.32224(19)
C21 C 0.67776(19) 0.32224(19) 0.3870(3)
C22 C 0.67776(19) 0.3870(3) 0.32224(19)
C23 C 0.3870(3) 0.17776(19) 0.17776(19)
C24 C 0.32224(19) 0.1130(3) 0.17776(19)
C25 C 0.32224(19) 0.17776(19) 0.1130(3)
C26 C 0.2959(2) 0.4296(3) 0.2959(2)
C27 C 0.2959(2) 0.2959(2) 0.4296(3)
C28 C 0.5704(3) 0.2041(2) 0.2041(2)
C29 C 0.7041(2) 0.2041(2) 0.0704(3)
C30 C 0.7041(2) 0.0704(3) 0.2041(2)
C31 C 0.5704(3) 0.2959(2) 0.2959(2)
C32 C 0.7041(2) 0.4296(3) 0.2959(2)
C33 C 0.7041(2) 0.2959(2) 0.4296(3)
C34 C 0.4296(3) 0.2041(2) 0.2041(2)
C35 C 0.2959(2) 0.2041(2) 0.0704(3)
C36 C 0.2959(2) 0.0704(3) 0.2041(2)
H2 H 0.2704 0.3787 0.3787
H3 H 0.3787 0.3787 0.2704
H4 H 0.6213 0.1213 0.2296
H5 H 0.7296 0.1213 0.1213
H6 H 0.6213 0.2296 0.1213
H7 H 0.6213 0.2704 0.3787
H8 H 0.7296 0.3787 0.3787
H9 H 0.6213 0.3787 0.2704
H10 H 0.3787 0.1213 0.2296
H11 H 0.2704 0.1213 0.1213
H12 H 0.3787 0.2296 0.1213
Cu7_2 Cu 0.71505(4) 0.28495(4) 1.0000
Cu8_2 Cu 0.78495(4) 0.21505(4) 1.0000
Cu15_2 Cu 0.28495(4) 0.28495(4) 1.0000
Cu16_2 Cu 0.21505(4) 0.21505(4) 1.0000
Cu9_2 Cu 0.78495(4) 1.0000 0.21505(4)
Cu10_2 Cu 0.71505(4) 1.0000 0.28495(4)
Cu17_2 Cu 0.21505(4) 1.0000 0.21505(4)
Cu18_2 Cu 0.28495(4) 1.0000 0.28495(4)
Cu3_2 Cu 0.28495(4) 0.0000 0.71505(4)
Cu4_2 Cu 0.21505(4) 0.0000 0.78495(4)
Cu11_2 Cu 0.71505(4) 0.0000 0.71505(4)
Cu12_2 Cu 0.78495(4) 0.0000 0.78495(4)
O26_2 O 0.24331(15) 0.05311(15) 0.68356(14)
O27_2 O 0.31644(14) 0.05311(15) 0.75669(15)
O29_2 O 0.18356(14) 0.05311(15) 0.74331(15)
O30_2 O 0.25669(15) 0.05311(15) 0.81644(14)
O39_2 O 0.3420(3) 0.0000 0.6580(3)
O40_2 O 0.1580(3) 0.0000 0.8420(3)
Cu5_2 Cu 0.21505(4) 0.78495(4) 0.0000
Cu6_2 Cu 0.28495(4) 0.71505(4) 0.0000
Cu13_2 Cu 0.78495(4) 0.78495(4) 0.0000
Cu14_2 Cu 0.71505(4) 0.71505(4) 0.0000
O32_2 O 0.18356(14) 0.74331(15) 0.05311(15)
O33_2 O 0.25669(15) 0.81644(14) 0.05311(15)
O35_2 O 0.24331(15) 0.68356(14) 0.05311(15)
O36_2 O 0.31644(14) 0.75669(15) 0.05311(15)
O41_2 O 0.1580(3) 0.8420(3) 0.0000
O42_2 O 0.3420(3) 0.6580(3) 0.0000
Cu1_2 Cu 0.5000 0.71505(4) 0.78495(4)
O1_2 O 0.44689(15) 0.75669(15) 0.81644(14)
O2_2 O 0.5000 0.6580(3) 0.8420(3)
C1_2 C 0.3646(2) 0.8004(3) 0.8646(2)
C2_2 C 0.3870(3) 0.82224(19) 0.82224(19)
C3_2 C 0.4296(3) 0.7959(2) 0.7959(2)
H1_2 H 0.3787 0.7704 0.8787
Cu2_2 Cu 0.5000 0.78495(4) 0.71505(4)
Cu3_3 Cu 0.28495(4) 1.0000 0.71505(4)
Cu4_3 Cu 0.21505(4) 1.0000 0.78495(4)
Cu5_3 Cu 0.21505(4) 0.78495(4) 1.0000
Cu6_3 Cu 0.28495(4) 0.71505(4) 1.0000
Cu7_3 Cu 0.71505(4) 0.78495(4) 0.5000
Cu8_3 Cu 0.78495(4) 0.71505(4) 0.5000
Cu9_3 Cu 0.78495(4) 0.5000 0.71505(4)
Cu10_3 Cu 0.71505(4) 0.5000 0.78495(4)
Cu11_3 Cu 0.71505(4) 1.0000 0.71505(4)
Cu12_3 Cu 0.78495(4) 1.0000 0.78495(4)
Cu13_3 Cu 0.78495(4) 0.78495(4) 1.0000
Cu14_3 Cu 0.71505(4) 0.71505(4) 1.0000
Cu15_3 Cu 0.28495(4) 0.78495(4) 0.5000
Cu16_3 Cu 0.21505(4) 0.71505(4) 0.5000
Cu17_3 Cu 0.21505(4) 0.5000 0.71505(4)
Cu18_3 Cu 0.28495(4) 0.5000 0.78495(4)
O3_2 O 0.44689(15) 0.81644(14) 0.75669(15)
O4_2 O 0.31644(14) 0.94689(15) 0.75669(15)
O5_2 O 0.25669(15) 0.94689(15) 0.81644(14)
O6_2 O 0.25669(15) 0.81644(14) 0.94689(15)
O7_2 O 0.31644(14) 0.75669(15) 0.94689(15)
O8_2 O 0.55311(15) 0.68356(14) 0.74331(15)
O9_2 O 0.55311(15) 0.74331(15) 0.68356(14)
O10_2 O 0.68356(14) 0.74331(15) 0.55311(15)
O11_2 O 0.74331(15) 0.68356(14) 0.55311(15)
O12_2 O 0.74331(15) 0.55311(15) 0.68356(14)
O13_2 O 0.68356(14) 0.55311(15) 0.74331(15)
O14_2 O 0.55311(15) 0.75669(15) 0.81644(14)
O15_2 O 0.55311(15) 0.81644(14) 0.75669(15)
O16_2 O 0.68356(14) 0.94689(15) 0.75669(15)
O17_2 O 0.74331(15) 0.94689(15) 0.81644(14)
O18_2 O 0.74331(15) 0.81644(14) 0.94689(15)
O19_2 O 0.68356(14) 0.75669(15) 0.94689(15)
O20_2 O 0.44689(15) 0.68356(14) 0.74331(15)
O21_2 O 0.44689(15) 0.74331(15) 0.68356(14)
O22_2 O 0.31644(14) 0.74331(15) 0.55311(15)
O23_2 O 0.25669(15) 0.68356(14) 0.55311(15)
O24_2 O 0.25669(15) 0.55311(15) 0.68356(14)
O25_2 O 0.31644(14) 0.55311(15) 0.74331(15)
O28_2 O 0.24331(15) 0.94689(15) 0.68356(14)
O31_2 O 0.18356(14) 0.94689(15) 0.74331(15)
O34_2 O 0.18356(14) 0.74331(15) 0.94689(15)
O37_2 O 0.24331(15) 0.68356(14) 0.94689(15)
O38_2 O 0.5000 0.8420(3) 0.6580(3)
O39_3 O 0.3420(3) 1.0000 0.6580(3)
O40_3 O 0.1580(3) 1.0000 0.8420(3)
O41_3 O 0.1580(3) 0.8420(3) 1.0000
O42_3 O 0.3420(3) 0.6580(3) 1.0000
C4_2 C 0.3004(3) 0.8646(2) 0.8646(2)
C5_2 C 0.3646(2) 0.8646(2) 0.8004(3)
C6_2 C 0.6354(2) 0.6354(2) 0.6996(3)
C7_2 C 0.6996(3) 0.6354(2) 0.6354(2)
C8_2 C 0.6354(2) 0.6996(3) 0.6354(2)
C9_2 C 0.6354(2) 0.8004(3) 0.8646(2)
C10_2 C 0.6996(3) 0.8646(2) 0.8646(2)
C11_2 C 0.6354(2) 0.8646(2) 0.8004(3)
C12_2 C 0.3646(2) 0.6354(2) 0.6996(3)
C13_2 C 0.3004(3) 0.6354(2) 0.6354(2)
C14_2 C 0.3646(2) 0.6996(3) 0.6354(2)
C15_2 C 0.32224(19) 0.82224(19) 0.8870(3)
C16_2 C 0.32224(19) 0.8870(3) 0.82224(19)
C17_2 C 0.6130(3) 0.67776(19) 0.67776(19)
C18_2 C 0.67776(19) 0.6130(3) 0.67776(19)
C19_2 C 0.67776(19) 0.67776(19) 0.6130(3)
C20_2 C 0.6130(3) 0.82224(19) 0.82224(19)
C21_2 C 0.67776(19) 0.82224(19) 0.8870(3)
C22_2 C 0.67776(19) 0.8870(3) 0.82224(19)
C23_2 C 0.3870(3) 0.67776(19) 0.67776(19)
C24_2 C 0.32224(19) 0.6130(3) 0.67776(19)
C25_2 C 0.32224(19) 0.67776(19) 0.6130(3)
C26_2 C 0.2959(2) 0.9296(3) 0.7959(2)
C27_2 C 0.2959(2) 0.7959(2) 0.9296(3)
C28_2 C 0.5704(3) 0.7041(2) 0.7041(2)
C29_2 C 0.7041(2) 0.7041(2) 0.5704(3)
C30_2 C 0.7041(2) 0.5704(3) 0.7041(2)
C31_2 C 0.5704(3) 0.7959(2) 0.7959(2)
C32_2 C 0.7041(2) 0.9296(3) 0.7959(2)
C33_2 C 0.7041(2) 0.7959(2) 0.9296(3)
C34_2 C 0.4296(3) 0.7041(2) 0.7041(2)
C35_2 C 0.2959(2) 0.7041(2) 0.5704(3)
C36_2 C 0.2959(2) 0.5704(3) 0.7041(2)
H2_2 H 0.2704 0.8787 0.8787
H3_2 H 0.3787 0.8787 0.7704
H4_2 H 0.6213 0.6213 0.7296
H5_2 H 0.7296 0.6213 0.6213
H6_2 H 0.6213 0.7296 0.6213
H7_2 H 0.6213 0.7704 0.8787
H8_2 H 0.7296 0.8787 0.8787
H9_2 H 0.6213 0.8787 0.7704
H10_2 H 0.3787 0.6213 0.7296
H11_2 H 0.2704 0.6213 0.6213
H12_2 H 0.3787 0.7296 0.6213
Cu1_3 Cu 0.0000 0.21505(4) 0.78495(4)
O2_3 O 0.0000 0.1580(3) 0.8420(3)
Cu2_3 Cu 0.0000 0.28495(4) 0.71505(4)
O8_3 O 0.05311(15) 0.18356(14) 0.74331(15)
O9_3 O 0.05311(15) 0.24331(15) 0.68356(14)
O14_3 O 0.05311(15) 0.25669(15) 0.81644(14)
O15_3 O 0.05311(15) 0.31644(14) 0.75669(15)
O16_3 O 0.18356(14) 0.44689(15) 0.75669(15)
O17_3 O 0.24331(15) 0.44689(15) 0.81644(14)
O18_3 O 0.24331(15) 0.31644(14) 0.94689(15)
O19_3 O 0.18356(14) 0.25669(15) 0.94689(15)
O38_3 O -0.0000 0.3420(3) 0.6580(3)
C6_3 C 0.1354(2) 0.1354(2) 0.6996(3)
C7_3 C 0.1996(3) 0.1354(2) 0.6354(2)
C8_3 C 0.1354(2) 0.1996(3) 0.6354(2)
C9_3 C 0.1354(2) 0.3004(3) 0.8646(2)
C10_3 C 0.1996(3) 0.3646(2) 0.8646(2)
C11_3 C 0.1354(2) 0.3646(2) 0.8004(3)
C17_3 C 0.1130(3) 0.17776(19) 0.67776(19)
C18_3 C 0.17776(19) 0.1130(3) 0.67776(19)
C19_3 C 0.17776(19) 0.17776(19) 0.6130(3)
C20_3 C 0.1130(3) 0.32224(19) 0.82224(19)
C21_3 C 0.17776(19) 0.32224(19) 0.8870(3)
C22_3 C 0.17776(19) 0.3870(3) 0.82224(19)
C28_3 C 0.0704(3) 0.2041(2) 0.7041(2)
C29_3 C 0.2041(2) 0.2041(2) 0.5704(3)
C30_3 C 0.2041(2) 0.0704(3) 0.7041(2)
C31_3 C 0.0704(3) 0.2959(2) 0.7959(2)
C32_3 C 0.2041(2) 0.4296(3) 0.7959(2)
C33_3 C 0.2041(2) 0.2959(2) 0.9296(3)
H4_3 H 0.1213 0.1213 0.7296
H5_3 H 0.2296 0.1213 0.6213
H6_3 H 0.1213 0.2296 0.6213
H7_3 H 0.1213 0.2704 0.8787
H8_3 H 0.2296 0.3787 0.8787
H9_3 H 0.1213 0.3787 0.7704
O33_3 O 0.75669(15) 0.31644(14) 0.05311(15)
O36_3 O 0.81644(14) 0.25669(15) 0.05311(15)
O41_4 O 0.6580(3) 0.3420(3) 0.0000
O42_4 O 0.8420(3) 0.1580(3) 0.0000
Cu1_4 Cu 1.0000 0.21505(4) 0.78495(4)
O1_3 O 0.94689(15) 0.25669(15) 0.81644(14)
O2_4 O 1.0000 0.1580(3) 0.8420(3)
C1_3 C 0.8646(2) 0.3004(3) 0.8646(2)
C2_3 C 0.8870(3) 0.32224(19) 0.82224(19)
C3_3 C 0.9296(3) 0.2959(2) 0.7959(2)
H1_3 H 0.8787 0.2704 0.8787
Cu2_4 Cu 1.0000 0.28495(4) 0.71505(4)
O3_3 O 0.94689(15) 0.31644(14) 0.75669(15)
O4_3 O 0.81644(14) 0.44689(15) 0.75669(15)
O5_3 O 0.75669(15) 0.44689(15) 0.81644(14)
O6_3 O 0.75669(15) 0.31644(14) 0.94689(15)
O7_3 O 0.81644(14) 0.25669(15) 0.94689(15)
O20_3 O 0.94689(15) 0.18356(14) 0.74331(15)
O21_3 O 0.94689(15) 0.24331(15) 0.68356(14)
O22_3 O 0.81644(14) 0.24331(15) 0.55311(15)
O23_3 O 0.75669(15) 0.18356(14) 0.55311(15)
O24_3 O 0.75669(15) 0.05311(15) 0.68356(14)
O25_3 O 0.81644(14) 0.05311(15) 0.74331(15)
O27_3 O 0.81644(14) 0.55311(15) 0.75669(15)
O28_3 O 0.74331(15) 0.44689(15) 0.68356(14)
O30_3 O 0.75669(15) 0.55311(15) 0.81644(14)
O31_3 O 0.68356(14) 0.44689(15) 0.74331(15)
O34_3 O 0.68356(14) 0.24331(15) 0.94689(15)
O37_3 O 0.74331(15) 0.18356(14) 0.94689(15)
O38_4 O 1.0000 0.3420(3) 0.6580(3)
O39_4 O 0.8420(3) 0.5000 0.6580(3)
O40_4 O 0.6580(3) 0.5000 0.8420(3)
O41_5 O 0.6580(3) 0.3420(3) 1.0000
O42_5 O 0.8420(3) 0.1580(3) 1.0000
C4_3 C 0.8004(3) 0.3646(2) 0.8646(2)
C5_3 C 0.8646(2) 0.3646(2) 0.8004(3)
C12_3 C 0.8646(2) 0.1354(2) 0.6996(3)
C13_3 C 0.8004(3) 0.1354(2) 0.6354(2)
C14_3 C 0.8646(2) 0.1996(3) 0.6354(2)
C15_3 C 0.82224(19) 0.32224(19) 0.8870(3)
C16_3 C 0.82224(19) 0.3870(3) 0.82224(19)
C23_3 C 0.8870(3) 0.17776(19) 0.67776(19)
C24_3 C 0.82224(19) 0.1130(3) 0.67776(19)
C25_3 C 0.82224(19) 0.17776(19) 0.6130(3)
C26_3 C 0.7959(2) 0.4296(3) 0.7959(2)
C27_3 C 0.7959(2) 0.2959(2) 0.9296(3)
C34_3 C 0.9296(3) 0.2041(2) 0.7041(2)
C35_3 C 0.7959(2) 0.2041(2) 0.5704(3)
C36_3 C 0.7959(2) 0.0704(3) 0.7041(2)
H2_3 H 0.7704 0.3787 0.8787
H3_3 H 0.8787 0.3787 0.7704
H10_3 H 0.8787 0.1213 0.7296
H11_3 H 0.7704 0.1213 0.6213
H12_3 H 0.8787 0.2296 0.6213
Cu1_5 Cu 0.0000 0.71505(4) 0.28495(4)
O2_5 O 0.0000 0.6580(3) 0.3420(3)
Cu2_5 Cu 0.0000 0.78495(4) 0.21505(4)
O8_4 O 0.05311(15) 0.68356(14) 0.24331(15)
O9_4 O 0.05311(15) 0.74331(15) 0.18356(14)
O14_4 O 0.05311(15) 0.75669(15) 0.31644(14)
O15_4 O 0.05311(15) 0.81644(14) 0.25669(15)
O16_4 O 0.18356(14) 0.94689(15) 0.25669(15)
O17_4 O 0.24331(15) 0.94689(15) 0.31644(14)
O18_4 O 0.24331(15) 0.81644(14) 0.44689(15)
O19_4 O 0.18356(14) 0.75669(15) 0.44689(15)
O38_5 O -0.0000 0.8420(3) 0.1580(3)
C6_4 C 0.1354(2) 0.6354(2) 0.1996(3)
C7_4 C 0.1996(3) 0.6354(2) 0.1354(2)
C8_4 C 0.1354(2) 0.6996(3) 0.1354(2)
C9_4 C 0.1354(2) 0.8004(3) 0.3646(2)
C10_4 C 0.1996(3) 0.8646(2) 0.3646(2)
C11_4 C 0.1354(2) 0.8646(2) 0.3004(3)
C17_4 C 0.1130(3) 0.67776(19) 0.17776(19)
C18_4 C 0.17776(19) 0.6130(3) 0.17776(19)
C19_4 C 0.17776(19) 0.67776(19) 0.1130(3)
C20_4 C 0.1130(3) 0.82224(19) 0.32224(19)
C21_4 C 0.17776(19) 0.82224(19) 0.3870(3)
C22_4 C 0.17776(19) 0.8870(3) 0.32224(19)
C28_4 C 0.0704(3) 0.7041(2) 0.2041(2)
C29_4 C 0.2041(2) 0.7041(2) 0.0704(3)
C30_4 C 0.2041(2) 0.5704(3) 0.2041(2)
C31_4 C 0.0704(3) 0.7959(2) 0.2959(2)
C32_4 C 0.2041(2) 0.9296(3) 0.2959(2)
C33_4 C 0.2041(2) 0.7959(2) 0.4296(3)
H4_4 H 0.1213 0.6213 0.2296
H5_4 H 0.2296 0.6213 0.1213
H6_4 H 0.1213 0.7296 0.1213
H7_4 H 0.1213 0.7704 0.3787
H8_4 H 0.2296 0.8787 0.3787
H9_4 H 0.1213 0.8787 0.2704
O27_4 O 0.81644(14) 0.05311(15) 0.25669(15)
O30_4 O 0.75669(15) 0.05311(15) 0.31644(14)
O39_5 O 0.8420(3) 0.0000 0.1580(3)
O40_5 O 0.6580(3) 0.0000 0.3420(3)
Cu1_6 Cu 1.0000 0.71505(4) 0.28495(4)
O1_4 O 0.94689(15) 0.75669(15) 0.31644(14)
O2_6 O 1.0000 0.6580(3) 0.3420(3)
C1_4 C 0.8646(2) 0.8004(3) 0.3646(2)
C2_4 C 0.8870(3) 0.82224(19) 0.32224(19)
C3_4 C 0.9296(3) 0.7959(2) 0.2959(2)
H1_4 H 0.8787 0.7704 0.3787
Cu2_6 Cu 1.0000 0.78495(4) 0.21505(4)
O3_4 O 0.94689(15) 0.81644(14) 0.25669(15)
O4_4 O 0.81644(14) 0.94689(15) 0.25669(15)
O5_4 O 0.75669(15) 0.94689(15) 0.31644(14)
O6_4 O 0.75669(15) 0.81644(14) 0.44689(15)
O7_4 O 0.81644(14) 0.75669(15) 0.44689(15)
O20_4 O 0.94689(15) 0.68356(14) 0.24331(15)
O21_4 O 0.94689(15) 0.74331(15) 0.18356(14)
O22_4 O 0.81644(14) 0.74331(15) 0.05311(15)
O23_4 O 0.75669(15) 0.68356(14) 0.05311(15)
O24_4 O 0.75669(15) 0.55311(15) 0.18356(14)
O25_4 O 0.81644(14) 0.55311(15) 0.24331(15)
O28_4 O 0.74331(15) 0.94689(15) 0.18356(14)
O31_4 O 0.68356(14) 0.94689(15) 0.24331(15)
O33_4 O 0.75669(15) 0.81644(14) 0.55311(15)
O34_4 O 0.68356(14) 0.74331(15) 0.44689(15)
O36_4 O 0.81644(14) 0.75669(15) 0.55311(15)
O37_4 O 0.74331(15) 0.68356(14) 0.44689(15)
O38_6 O 1.0000 0.8420(3) 0.1580(3)
O39_6 O 0.8420(3) 1.0000 0.1580(3)
O40_6 O 0.6580(3) 1.0000 0.3420(3)
O41_6 O 0.6580(3) 0.8420(3) 0.5000
O42_6 O 0.8420(3) 0.6580(3) 0.5000
C4_4 C 0.8004(3) 0.8646(2) 0.3646(2)
C5_4 C 0.8646(2) 0.8646(2) 0.3004(3)
C12_4 C 0.8646(2) 0.6354(2) 0.1996(3)
C13_4 C 0.8004(3) 0.6354(2) 0.1354(2)
C14_4 C 0.8646(2) 0.6996(3) 0.1354(2)
C15_4 C 0.82224(19) 0.82224(19) 0.3870(3)
C16_4 C 0.82224(19) 0.8870(3) 0.32224(19)
C23_4 C 0.8870(3) 0.67776(19) 0.17776(19)
C24_4 C 0.82224(19) 0.6130(3) 0.17776(19)
C25_4 C 0.82224(19) 0.67776(19) 0.1130(3)
C26_4 C 0.7959(2) 0.9296(3) 0.2959(2)
C27_4 C 0.7959(2) 0.7959(2) 0.4296(3)
C34_4 C 0.9296(3) 0.7041(2) 0.2041(2)
C35_4 C 0.7959(2) 0.7041(2) 0.0704(3)
C36_4 C 0.7959(2) 0.5704(3) 0.2041(2)
H2_4 H 0.7704 0.8787 0.3787
H3_4 H 0.8787 0.8787 0.2704
H10_4 H 0.8787 0.6213 0.2296
H11_4 H 0.7704 0.6213 0.1213
H12_4 H 0.8787 0.7296 0.1213
Cu11_4 Cu 0.5000 0.21505(4) 0.71505(4)
Cu12_4 Cu 0.5000 0.28495(4) 0.78495(4)
Cu17_4 Cu 0.0000 0.21505(4) 0.21505(4)
Cu18_4 Cu 0.0000 0.28495(4) 0.28495(4)
O16_5 O 0.44689(15) 0.25669(15) 0.68356(14)
O17_5 O 0.44689(15) 0.31644(14) 0.74331(15)
O18_5 O 0.31644(14) 0.44689(15) 0.74331(15)
O19_5 O 0.25669(15) 0.44689(15) 0.68356(14)
O22_5 O 0.24331(15) 0.05311(15) 0.31644(14)
O23_5 O 0.18356(14) 0.05311(15) 0.25669(15)
O24_5 O 0.05311(15) 0.18356(14) 0.25669(15)
O25_5 O 0.05311(15) 0.24331(15) 0.31644(14)
C9_5 C 0.3004(3) 0.3646(2) 0.6354(2)
C10_5 C 0.3646(2) 0.3646(2) 0.6996(3)
C11_5 C 0.3646(2) 0.3004(3) 0.6354(2)
C12_5 C 0.1354(2) 0.1996(3) 0.3646(2)
C13_5 C 0.1354(2) 0.1354(2) 0.3004(3)
C14_5 C 0.1996(3) 0.1354(2) 0.3646(2)
C20_5 C 0.32224(19) 0.32224(19) 0.6130(3)
C21_5 C 0.32224(19) 0.3870(3) 0.67776(19)
C22_5 C 0.3870(3) 0.32224(19) 0.67776(19)
C23_5 C 0.17776(19) 0.17776(19) 0.3870(3)
C24_5 C 0.1130(3) 0.17776(19) 0.32224(19)
C25_5 C 0.17776(19) 0.1130(3) 0.32224(19)
C31_5 C 0.2959(2) 0.2959(2) 0.5704(3)
C32_5 C 0.4296(3) 0.2959(2) 0.7041(2)
C33_5 C 0.2959(2) 0.4296(3) 0.7041(2)
C34_5 C 0.2041(2) 0.2041(2) 0.4296(3)
C35_5 C 0.2041(2) 0.0704(3) 0.2959(2)
C36_5 C 0.0704(3) 0.2041(2) 0.2959(2)
H7_5 H 0.2704 0.3787 0.6213
H8_5 H 0.3787 0.3787 0.7296
H9_5 H 0.3787 0.2704 0.6213
H10_5 H 0.1213 0.2296 0.3787
H11_5 H 0.1213 0.1213 0.2704
H12_5 H 0.2296 0.1213 0.3787
Cu17_5 Cu 1.0000 0.21505(4) 0.21505(4)
Cu18_5 Cu 1.0000 0.28495(4) 0.28495(4)
Cu11_5 Cu 0.5000 0.71505(4) 0.21505(4)
Cu12_5 Cu 0.5000 0.78495(4) 0.28495(4)
O16_6 O 0.44689(15) 0.75669(15) 0.18356(14)
O17_6 O 0.44689(15) 0.81644(14) 0.24331(15)
O18_6 O 0.31644(14) 0.94689(15) 0.24331(15)
O19_6 O 0.25669(15) 0.94689(15) 0.18356(14)
C9_6 C 0.3004(3) 0.8646(2) 0.1354(2)
C10_6 C 0.3646(2) 0.8646(2) 0.1996(3)
C11_6 C 0.3646(2) 0.8004(3) 0.1354(2)
C20_6 C 0.32224(19) 0.82224(19) 0.1130(3)
C21_6 C 0.32224(19) 0.8870(3) 0.17776(19)
C22_6 C 0.3870(3) 0.82224(19) 0.17776(19)
C31_6 C 0.2959(2) 0.7959(2) 0.0704(3)
C32_6 C 0.4296(3) 0.7959(2) 0.2041(2)
C33_6 C 0.2959(2) 0.9296(3) 0.2041(2)
H7_6 H 0.2704 0.8787 0.1213
H8_6 H 0.3787 0.8787 0.2296
H9_6 H 0.3787 0.7704 0.1213
Cu17_6 Cu 0.0000 0.71505(4) 0.71505(4)
Cu18_6 Cu 0.0000 0.78495(4) 0.78495(4)
O22_6 O 0.24331(15) 0.55311(15) 0.81644(14)
O23_6 O 0.18356(14) 0.55311(15) 0.75669(15)
O24_6 O 0.05311(15) 0.68356(14) 0.75669(15)
O25_6 O 0.05311(15) 0.74331(15) 0.81644(14)
C12_6 C 0.1354(2) 0.6996(3) 0.8646(2)
C13_6 C 0.1354(2) 0.6354(2) 0.8004(3)
C14_6 C 0.1996(3) 0.6354(2) 0.8646(2)
C23_6 C 0.17776(19) 0.67776(19) 0.8870(3)
C24_6 C 0.1130(3) 0.67776(19) 0.82224(19)
C25_6 C 0.17776(19) 0.6130(3) 0.82224(19)
C34_6 C 0.2041(2) 0.7041(2) 0.9296(3)
C35_6 C 0.2041(2) 0.5704(3) 0.7959(2)
C36_6 C 0.0704(3) 0.7041(2) 0.7959(2)
H10_6 H 0.1213 0.7296 0.8787
H11_6 H 0.1213 0.6213 0.7704
H12_6 H 0.2296 0.6213 0.8787
Cu17_7 Cu 1.0000 0.71505(4) 0.71505(4)
Cu18_7 Cu 1.0000 0.78495(4) 0.78495(4)
O16_7 O 0.94689(15) 0.25669(15) 0.18356(14)
O17_7 O 0.94689(15) 0.31644(14) 0.24331(15)
O18_7 O 0.81644(14) 0.44689(15) 0.24331(15)
O19_7 O 0.75669(15) 0.44689(15) 0.18356(14)
C9_7 C 0.8004(3) 0.3646(2) 0.1354(2)
C10_7 C 0.8646(2) 0.3646(2) 0.1996(3)
C11_7 C 0.8646(2) 0.3004(3) 0.1354(2)
C20_7 C 0.82224(19) 0.32224(19) 0.1130(3)
C21_7 C 0.82224(19) 0.3870(3) 0.17776(19)
C22_7 C 0.8870(3) 0.32224(19) 0.17776(19)
C31_7 C 0.7959(2) 0.2959(2) 0.0704(3)
C32_7 C 0.9296(3) 0.2959(2) 0.2041(2)
C33_7 C 0.7959(2) 0.4296(3) 0.2041(2)
H7_7 H 0.7704 0.3787 0.1213
H8_7 H 0.8787 0.3787 0.2296
H9_7 H 0.8787 0.2704 0.1213
O22_7 O 0.74331(15) 0.05311(15) 0.81644(14)
O23_7 O 0.68356(14) 0.05311(15) 0.75669(15)
O24_7 O 0.55311(15) 0.18356(14) 0.75669(15)
O25_7 O 0.55311(15) 0.24331(15) 0.81644(14)
C12_7 C 0.6354(2) 0.1996(3) 0.8646(2)
C13_7 C 0.6354(2) 0.1354(2) 0.8004(3)
C14_7 C 0.6996(3) 0.1354(2) 0.8646(2)
C23_7 C 0.67776(19) 0.17776(19) 0.8870(3)
C24_7 C 0.6130(3) 0.17776(19) 0.82224(19)
C25_7 C 0.67776(19) 0.1130(3) 0.82224(19)
C34_7 C 0.7041(2) 0.2041(2) 0.9296(3)
C35_7 C 0.7041(2) 0.0704(3) 0.7959(2)
C36_7 C 0.5704(3) 0.2041(2) 0.7959(2)
H10_7 H 0.6213 0.2296 0.8787
H11_7 H 0.6213 0.1213 0.7704
H12_7 H 0.7296 0.1213 0.8787
O16_8 O 0.94689(15) 0.75669(15) 0.68356(14)
O17_8 O 0.94689(15) 0.81644(14) 0.74331(15)
O18_8 O 0.81644(14) 0.94689(15) 0.74331(15)
O19_8 O 0.75669(15) 0.94689(15) 0.68356(14)
O22_8 O 0.74331(15) 0.55311(15) 0.31644(14)
O23_8 O 0.68356(14) 0.55311(15) 0.25669(15)
O24_8 O 0.55311(15) 0.68356(14) 0.25669(15)
O25_8 O 0.55311(15) 0.74331(15) 0.31644(14)
C9_8 C 0.8004(3) 0.8646(2) 0.6354(2)
C10_8 C 0.8646(2) 0.8646(2) 0.6996(3)
C11_8 C 0.8646(2) 0.8004(3) 0.6354(2)
C12_8 C 0.6354(2) 0.6996(3) 0.3646(2)
C13_8 C 0.6354(2) 0.6354(2) 0.3004(3)
C14_8 C 0.6996(3) 0.6354(2) 0.3646(2)
C20_8 C 0.82224(19) 0.82224(19) 0.6130(3)
C21_8 C 0.82224(19) 0.8870(3) 0.67776(19)
C22_8 C 0.8870(3) 0.82224(19) 0.67776(19)
C23_8 C 0.67776(19) 0.67776(19) 0.3870(3)
C24_8 C 0.6130(3) 0.67776(19) 0.32224(19)
C25_8 C 0.67776(19) 0.6130(3) 0.32224(19)
C31_8 C 0.7959(2) 0.7959(2) 0.5704(3)
C32_8 C 0.9296(3) 0.7959(2) 0.7041(2)
C33_8 C 0.7959(2) 0.9296(3) 0.7041(2)
C34_8 C 0.7041(2) 0.7041(2) 0.4296(3)
C35_8 C 0.7041(2) 0.5704(3) 0.2959(2)
C36_8 C 0.5704(3) 0.7041(2) 0.2959(2)
H7_8 H 0.7704 0.8787 0.6213
H8_8 H 0.8787 0.8787 0.7296
H9_8 H 0.8787 0.7704 0.6213
H10_8 H 0.6213 0.7296 0.3787
H11_8 H 0.6213 0.6213 0.2704
H12_8 H 0.7296 0.6213 0.3787
O16_9 O 0.25669(15) 0.68356(14) 0.44689(15)
O17_9 O 0.31644(14) 0.74331(15) 0.44689(15)
O18_9 O 0.44689(15) 0.74331(15) 0.31644(14)
O19_9 O 0.44689(15) 0.68356(14) 0.25669(15)
O22_9 O 0.05311(15) 0.31644(14) 0.24331(15)
O23_9 O 0.05311(15) 0.25669(15) 0.18356(14)
O24_9 O 0.18356(14) 0.25669(15) 0.05311(15)
O25_9 O 0.24331(15) 0.31644(14) 0.05311(15)
C9_9 C 0.3646(2) 0.6354(2) 0.3004(3)
C10_9 C 0.3646(2) 0.6996(3) 0.3646(2)
C11_9 C 0.3004(3) 0.6354(2) 0.3646(2)
C12_9 C 0.1996(3) 0.3646(2) 0.1354(2)
C13_9 C 0.1354(2) 0.3004(3) 0.1354(2)
C14_9 C 0.1354(2) 0.3646(2) 0.1996(3)
C20_9 C 0.32224(19) 0.6130(3) 0.32224(19)
C21_9 C 0.3870(3) 0.67776(19) 0.32224(19)
C22_9 C 0.32224(19) 0.67776(19) 0.3870(3)
C23_9 C 0.17776(19) 0.3870(3) 0.17776(19)
C24_9 C 0.17776(19) 0.32224(19) 0.1130(3)
C25_9 C 0.1130(3) 0.32224(19) 0.17776(19)
C31_9 C 0.2959(2) 0.5704(3) 0.2959(2)
C32_9 C 0.2959(2) 0.7041(2) 0.4296(3)
C33_9 C 0.4296(3) 0.7041(2) 0.2959(2)
C34_9 C 0.2041(2) 0.4296(3) 0.2041(2)
C35_9 C 0.0704(3) 0.2959(2) 0.2041(2)
C36_9 C 0.2041(2) 0.2959(2) 0.0704(3)
H7_9 H 0.3787 0.6213 0.2704
H8_9 H 0.3787 0.7296 0.3787
H9_9 H 0.2704 0.6213 0.3787
H10_9 H 0.2296 0.3787 0.1213
H11_9 H 0.1213 0.2704 0.1213
H12_9 H 0.1213 0.3787 0.2296
O16_10 O 0.25669(15) 0.18356(14) 0.94689(15)
O17_10 O 0.31644(14) 0.24331(15) 0.94689(15)
O18_10 O 0.44689(15) 0.24331(15) 0.81644(14)
O19_10 O 0.44689(15) 0.18356(14) 0.75669(15)
C9_10 C 0.3646(2) 0.1354(2) 0.8004(3)
C10_10 C 0.3646(2) 0.1996(3) 0.8646(2)
C11_10 C 0.3004(3) 0.1354(2) 0.8646(2)
C20_10 C 0.32224(19) 0.1130(3) 0.82224(19)
C21_10 C 0.3870(3) 0.17776(19) 0.82224(19)
C22_10 C 0.32224(19) 0.17776(19) 0.8870(3)
C31_10 C 0.2959(2) 0.0704(3) 0.7959(2)
C32_10 C 0.2959(2) 0.2041(2) 0.9296(3)
C33_10 C 0.4296(3) 0.2041(2) 0.7959(2)
H7_10 H 0.3787 0.1213 0.7704
H8_10 H 0.3787 0.2296 0.8787
H9_10 H 0.2704 0.1213 0.8787
O22_10 O 0.05311(15) 0.81644(14) 0.74331(15)
O23_10 O 0.05311(15) 0.75669(15) 0.68356(14)
O24_10 O 0.18356(14) 0.75669(15) 0.55311(15)
O25_10 O 0.24331(15) 0.81644(14) 0.55311(15)
C12_10 C 0.1996(3) 0.8646(2) 0.6354(2)
C13_10 C 0.1354(2) 0.8004(3) 0.6354(2)
C14_10 C 0.1354(2) 0.8646(2) 0.6996(3)
C23_10 C 0.17776(19) 0.8870(3) 0.67776(19)
C24_10 C 0.17776(19) 0.82224(19) 0.6130(3)
C25_10 C 0.1130(3) 0.82224(19) 0.67776(19)
C34_10 C 0.2041(2) 0.9296(3) 0.7041(2)
C35_10 C 0.0704(3) 0.7959(2) 0.7041(2)
C36_10 C 0.2041(2) 0.7959(2) 0.5704(3)
H10_10 H 0.2296 0.8787 0.6213
H11_10 H 0.1213 0.7704 0.6213
H12_10 H 0.1213 0.8787 0.7296
O16_11 O 0.75669(15) 0.68356(14) 0.94689(15)
O17_11 O 0.81644(14) 0.74331(15) 0.94689(15)
O18_11 O 0.94689(15) 0.74331(15) 0.81644(14)
O19_11 O 0.94689(15) 0.68356(14) 0.75669(15)
O22_11 O 0.55311(15) 0.31644(14) 0.74331(15)
O23_11 O 0.55311(15) 0.25669(15) 0.68356(14)
O24_11 O 0.68356(14) 0.25669(15) 0.55311(15)
O25_11 O 0.74331(15) 0.31644(14) 0.55311(15)
C9_11 C 0.8646(2) 0.6354(2) 0.8004(3)
C10_11 C 0.8646(2) 0.6996(3) 0.8646(2)
C11_11 C 0.8004(3) 0.6354(2) 0.8646(2)
C12_11 C 0.6996(3) 0.3646(2) 0.6354(2)
C13_11 C 0.6354(2) 0.3004(3) 0.6354(2)
C14_11 C 0.6354(2) 0.3646(2) 0.6996(3)
C20_11 C 0.82224(19) 0.6130(3) 0.82224(19)
C21_11 C 0.8870(3) 0.67776(19) 0.82224(19)
C22_11 C 0.82224(19) 0.67776(19) 0.8870(3)
C23_11 C 0.67776(19) 0.3870(3) 0.67776(19)
C24_11 C 0.67776(19) 0.32224(19) 0.6130(3)
C25_11 C 0.6130(3) 0.32224(19) 0.67776(19)
C31_11 C 0.7959(2) 0.5704(3) 0.7959(2)
C32_11 C 0.7959(2) 0.7041(2) 0.9296(3)
C33_11 C 0.9296(3) 0.7041(2) 0.7959(2)
C34_11 C 0.7041(2) 0.4296(3) 0.7041(2)
C35_11 C 0.5704(3) 0.2959(2) 0.7041(2)
C36_11 C 0.7041(2) 0.2959(2) 0.5704(3)
H7_11 H 0.8787 0.6213 0.7704
H8_11 H 0.8787 0.7296 0.8787
H9_11 H 0.7704 0.6213 0.8787
H10_11 H 0.7296 0.3787 0.6213
H11_11 H 0.6213 0.2704 0.6213
H12_11 H 0.6213 0.3787 0.7296
O16_12 O 0.75669(15) 0.18356(14) 0.44689(15)
O17_12 O 0.81644(14) 0.24331(15) 0.44689(15)
O18_12 O 0.94689(15) 0.24331(15) 0.31644(14)
O19_12 O 0.94689(15) 0.18356(14) 0.25669(15)
C9_12 C 0.8646(2) 0.1354(2) 0.3004(3)
C10_12 C 0.8646(2) 0.1996(3) 0.3646(2)
C11_12 C 0.8004(3) 0.1354(2) 0.3646(2)
C20_12 C 0.82224(19) 0.1130(3) 0.32224(19)
C21_12 C 0.8870(3) 0.17776(19) 0.32224(19)
C22_12 C 0.82224(19) 0.17776(19) 0.3870(3)
C31_12 C 0.7959(2) 0.0704(3) 0.2959(2)
C32_12 C 0.7959(2) 0.2041(2) 0.4296(3)
C33_12 C 0.9296(3) 0.2041(2) 0.2959(2)
H7_12 H 0.8787 0.1213 0.2704
H8_12 H 0.8787 0.2296 0.3787
H9_12 H 0.7704 0.1213 0.3787
O22_12 O 0.55311(15) 0.81644(14) 0.24331(15)
O23_12 O 0.55311(15) 0.75669(15) 0.18356(14)
O24_12 O 0.68356(14) 0.75669(15) 0.05311(15)
O25_12 O 0.74331(15) 0.81644(14) 0.05311(15)
C12_12 C 0.6996(3) 0.8646(2) 0.1354(2)
C13_12 C 0.6354(2) 0.8004(3) 0.1354(2)
C14_12 C 0.6354(2) 0.8646(2) 0.1996(3)
C23_12 C 0.67776(19) 0.8870(3) 0.17776(19)
C24_12 C 0.67776(19) 0.82224(19) 0.1130(3)
C25_12 C 0.6130(3) 0.82224(19) 0.17776(19)
C34_12 C 0.7041(2) 0.9296(3) 0.2041(2)
C35_12 C 0.5704(3) 0.7959(2) 0.2041(2)
C36_12 C 0.7041(2) 0.7959(2) 0.0704(3)
H10_12 H 0.7296 0.8787 0.1213
H11_12 H 0.6213 0.7704 0.1213
H12_12 H 0.6213 0.8787 0.2296
O2_7 O 0.5000 0.8420(3) 0.3420(3)
O38_7 O 0.5000 0.6580(3) 0.1580(3)
O39_7 O 0.6580(3) 0.5000 0.1580(3)
O40_7 O 0.8420(3) 0.5000 0.3420(3)
O2_8 O 0.5000 0.3420(3) 0.8420(3)
O38_8 O 0.5000 0.1580(3) 0.6580(3)
O39_8 O 0.6580(3) 0.0000 0.6580(3)
O40_8 O 0.8420(3) 0.0000 0.8420(3)
O39_9 O 0.6580(3) 1.0000 0.6580(3)
O40_9 O 0.8420(3) 1.0000 0.8420(3)
O2_9 O 0.0000 0.8420(3) 0.8420(3)
O38_9 O 0.0000 0.6580(3) 0.6580(3)
O39_10 O 0.1580(3) 0.5000 0.6580(3)
O40_10 O 0.3420(3) 0.5000 0.8420(3)
O2_10 O 1.0000 0.8420(3) 0.8420(3)
O38_10 O 1.0000 0.6580(3) 0.6580(3)
O2_11 O 0.0000 0.3420(3) 0.3420(3)
O38_11 O 0.0000 0.1580(3) 0.1580(3)
O39_11 O 0.1580(3) 0.0000 0.1580(3)
O40_11 O 0.3420(3) 0.0000 0.3420(3)
O39_12 O 0.1580(3) 1.0000 0.1580(3)
O40_12 O 0.3420(3) 1.0000 0.3420(3)
O2_12 O 1.0000 0.3420(3) 0.3420(3)
O38_12 O 1.0000 0.1580(3) 0.1580(3)
O2_13 O 0.1580(3) 0.6580(3) 0.5000
O38_13 O 0.3420(3) 0.8420(3) 0.5000
O2_14 O 0.1580(3) 0.1580(3) 0.0000
O38_14 O 0.3420(3) 0.3420(3) 0.0000
O2_15 O 0.1580(3) 0.1580(3) 1.0000
O38_15 O 0.3420(3) 0.3420(3) 1.0000
O2_16 O 0.6580(3) 0.6580(3) 0.0000
O38_16 O 0.8420(3) 0.8420(3) 0.0000
O2_17 O 0.6580(3) 0.6580(3) 1.0000
O38_17 O 0.8420(3) 0.8420(3) 1.0000
O2_18 O 0.6580(3) 0.1580(3) 0.5000
O38_18 O 0.8420(3) 0.3420(3) 0.5000
loop_
_geom_bond_atom_site_label_1
_geom_bond_atom_site_label_2
_geom_bond_site_symmetry_1
_geom_bond_site_symmetry_2
Cu1 O1 1_555 1_555
O1 C3 1_555 1_555
O2 Cu1 1_555 1_555
C1 C2 1_555 1_555
C2 C3 1_555 1_555
C3 O3 1_555 1_555
H1 C1 1_555 1_555
Cu2 O3 1_555 1_555
Cu3 O4 1_555 1_555
Cu4 O5 1_555 1_555
Cu5 O6 1_555 1_555
Cu6 O7 1_555 1_555
Cu7 O10 1_555 1_555
Cu8 O11 1_555 1_555
Cu9 O12 1_555 1_555
Cu10 O13 1_555 1_555
Cu11 O16 1_555 1_555
Cu12 O17 1_555 1_555
Cu13 O18 1_555 1_555
Cu14 O19 1_555 1_555
Cu15 O22 1_555 1_555
Cu16 O23 1_555 1_555
Cu17 O24 1_555 1_555
Cu18 O25 1_555 1_555
O4 C26 1_555 1_555
O5 C26 1_555 1_555
O6 C27 1_555 1_555
O7 C27 1_555 1_555
O8 Cu1 1_555 1_555
O9 Cu2 1_555 1_555
O10 C29 1_555 1_555
O11 C29 1_555 1_555
O12 C30 1_555 1_555
O13 C30 1_555 1_555
O14 Cu1 1_555 1_555
O15 Cu2 1_555 1_555
O16 C32 1_555 1_555
O17 C32 1_555 1_555
O18 C33 1_555 1_555
O19 C33 1_555 1_555
O20 Cu1 1_555 1_555
O21 Cu2 1_555 1_555
O22 C35 1_555 1_555
O23 C35 1_555 1_555
O24 C36 1_555 1_555
O25 C36 1_555 1_555
O26 Cu3 1_555 1_555
O27 Cu3 1_555 1_555
O28 Cu3 1_555 1_555
O29 Cu4 1_555 1_555
O30 Cu4 1_555 1_555
O31 Cu4 1_555 1_555
O32 Cu5 1_555 1_555
O33 Cu5 1_555 1_555
O34 Cu5 1_555 1_555
O35 Cu6 1_555 1_555
O36 Cu6 1_555 1_555
O37 Cu6 1_555 1_555
O38 Cu2 1_555 1_555
O39 Cu3 1_555 1_555
O40 Cu4 1_555 1_555
O41 Cu5 1_555 1_555
O42 Cu6 1_555 1_555
C4 C15 1_555 1_555
C5 C2 1_555 1_555
C6 C17 1_555 1_555
C7 C18 1_555 1_555
C8 C17 1_555 1_555
C9 C20 1_555 1_555
C10 C21 1_555 1_555
C11 C20 1_555 1_555
C12 C23 1_555 1_555
C13 C24 1_555 1_555
C14 C23 1_555 1_555
C15 C1 1_555 1_555
C16 C4 1_555 1_555
C17 C28 1_555 1_555
C18 C6 1_555 1_555
C19 C7 1_555 1_555
C20 C31 1_555 1_555
C21 C9 1_555 1_555
C22 C10 1_555 1_555
C23 C34 1_555 1_555
C24 C12 1_555 1_555
C25 C13 1_555 1_555
C26 C16 1_555 1_555
C27 C15 1_555 1_555
C28 O8 1_555 1_555
C29 C19 1_555 1_555
C30 C18 1_555 1_555
C31 O14 1_555 1_555
C32 C22 1_555 1_555
C33 C21 1_555 1_555
C34 O20 1_555 1_555
C35 C25 1_555 1_555
C36 C24 1_555 1_555
H2 C4 1_555 1_555
H3 C5 1_555 1_555
H4 C6 1_555 1_555
H5 C7 1_555 1_555
H6 C8 1_555 1_555
H7 C9 1_555 1_555
H8 C10 1_555 1_555
H9 C11 1_555 1_555
H10 C12 1_555 1_555
H11 C13 1_555 1_555
H12 C14 1_555 1_555
O9 C28 1_555 1_555
O15 C31 1_555 1_555
O21 C34 1_555 1_555
C5 C16 1_555 1_555
C8 C19 1_555 1_555
C11 C22 1_555 1_555
C14 C25 1_555 1_555
O26_2 Cu3_2 1_555 1_555
O27_2 Cu3_2 1_555 1_555
O29_2 Cu4_2 1_555 1_555
O30_2 Cu4_2 1_555 1_555
O39_2 Cu3_2 1_555 1_555
O40_2 Cu4_2 1_555 1_555
O32_2 Cu5_2 1_555 1_555
O33_2 Cu5_2 1_555 1_555
O35_2 Cu6_2 1_555 1_555
O36_2 Cu6_2 1_555 1_555
O41_2 Cu5_2 1_555 1_555
O42_2 Cu6_2 1_555 1_555
Cu1_2 O1_2 1_555 1_555
O1_2 C3_2 1_555 1_555
O2_2 Cu1_2 1_555 1_555
C1_2 C2_2 1_555 1_555
C2_2 C3_2 1_555 1_555
C3_2 O3_2 1_555 1_555
H1_2 C1_2 1_555 1_555
Cu2_2 O3_2 1_555 1_555
Cu3_3 O4_2 1_555 1_555
Cu4_3 O5_2 1_555 1_555
Cu5_3 O6_2 1_555 1_555
Cu6_3 O7_2 1_555 1_555
Cu7_3 O10_2 1_555 1_555
Cu8_3 O11_2 1_555 1_555
Cu9_3 O12_2 1_555 1_555
Cu10_3 O13_2 1_555 1_555
Cu11_3 O16_2 1_555 1_555
Cu12_3 O17_2 1_555 1_555
Cu13_3 O18_2 1_555 1_555
Cu14_3 O19_2 1_555 1_555
Cu15_3 O22_2 1_555 1_555
Cu16_3 O23_2 1_555 1_555
Cu17_3 O24_2 1_555 1_555
Cu18_3 O25_2 1_555 1_555
O4_2 C26_2 1_555 1_555
O5_2 C26_2 1_555 1_555
O6_2 C27_2 1_555 1_555
O7_2 C27_2 1_555 1_555
O8_2 Cu1_2 1_555 1_555
O9_2 Cu2_2 1_555 1_555
O10_2 C29_2 1_555 1_555
O11_2 C29_2 1_555 1_555
O12_2 C30_2 1_555 1_555
O13_2 C30_2 1_555 1_555
O14_2 Cu1_2 1_555 1_555
O15_2 Cu2_2 1_555 1_555
O16_2 C32_2 1_555 1_555
O17_2 C32_2 1_555 1_555
O18_2 C33_2 1_555 1_555
O19_2 C33_2 1_555 1_555
O20_2 Cu1_2 1_555 1_555
O21_2 Cu2_2 1_555 1_555
O22_2 C35_2 1_555 1_555
O23_2 C35_2 1_555 1_555
O24_2 C36_2 1_555 1_555
O25_2 C36_2 1_555 1_555
O28_2 Cu3_3 1_555 1_555
O31_2 Cu4_3 1_555 1_555
O34_2 Cu5_3 1_555 1_555
O37_2 Cu6_3 1_555 1_555
O38_2 Cu2_2 1_555 1_555
O39_3 Cu3_3 1_555 1_555
O40_3 Cu4_3 1_555 1_555
O41_3 Cu5_3 1_555 1_555
O42_3 Cu6_3 1_555 1_555
C4_2 C15_2 1_555 1_555
C5_2 C2_2 1_555 1_555
C6_2 C17_2 1_555 1_555
C7_2 C18_2 1_555 1_555
C8_2 C17_2 1_555 1_555
C9_2 C20_2 1_555 1_555
C10_2 C21_2 1_555 1_555
C11_2 C20_2 1_555 1_555
C12_2 C23_2 1_555 1_555
C13_2 C24_2 1_555 1_555
C14_2 C23_2 1_555 1_555
C15_2 C1_2 1_555 1_555
C16_2 C4_2 1_555 1_555
C17_2 C28_2 1_555 1_555
C18_2 C6_2 1_555 1_555
C19_2 C7_2 1_555 1_555
C20_2 C31_2 1_555 1_555
C21_2 C9_2 1_555 1_555
C22_2 C10_2 1_555 1_555
C23_2 C34_2 1_555 1_555
C24_2 C12_2 1_555 1_555
C25_2 C13_2 1_555 1_555
C26_2 C16_2 1_555 1_555
C27_2 C15_2 1_555 1_555
C28_2 O8_2 1_555 1_555
C29_2 C19_2 1_555 1_555
C30_2 C18_2 1_555 1_555
C31_2 O14_2 1_555 1_555
C32_2 C22_2 1_555 1_555
C33_2 C21_2 1_555 1_555
C34_2 O20_2 1_555 1_555
C35_2 C25_2 1_555 1_555
C36_2 C24_2 1_555 1_555
H2_2 C4_2 1_555 1_555
H3_2 C5_2 1_555 1_555
H4_2 C6_2 1_555 1_555
H5_2 C7_2 1_555 1_555
H6_2 C8_2 1_555 1_555
H7_2 C9_2 1_555 1_555
H8_2 C10_2 1_555 1_555
H9_2 C11_2 1_555 1_555
H10_2 C12_2 1_555 1_555
H11_2 C13_2 1_555 1_555
H12_2 C14_2 1_555 1_555
O9_2 C28_2 1_555 1_555
O15_2 C31_2 1_555 1_555
O21_2 C34_2 1_555 1_555
C5_2 C16_2 1_555 1_555
C8_2 C19_2 1_555 1_555
C11_2 C22_2 1_555 1_555
C14_2 C25_2 1_555 1_555
O2_3 Cu1_3 1_555 1_555
Cu17_3 O16_3 1_555 1_555
Cu18_3 O17_3 1_555 1_555
Cu15_2 O18_3 1_555 1_555
Cu16_2 O19_3 1_555 1_555
O8_3 Cu1_3 1_555 1_555
O9_3 Cu2_3 1_555 1_555
O32 C29_3 1_555 1_555
O35 C29_3 1_555 1_555
O26_2 C30_3 1_555 1_555
O29_2 C30_3 1_555 1_555
O14_3 Cu1_3 1_555 1_555
O15_3 Cu2_3 1_555 1_555
O16_3 C32_3 1_555 1_555
O17_3 C32_3 1_555 1_555
O18_3 C33_3 1_555 1_555
O19_3 C33_3 1_555 1_555
O38_3 Cu2_3 1_555 1_555
C6_3 C17_3 1_555 1_555
C7_3 C18_3 1_555 1_555
C8_3 C17_3 1_555 1_555
C9_3 C20_3 1_555 1_555
C10_3 C21_3 1_555 1_555
C11_3 C20_3 1_555 1_555
C17_3 C28_3 1_555 1_555
C18_3 C6_3 1_555 1_555
C19_3 C7_3 1_555 1_555
C20_3 C31_3 1_555 1_555
C21_3 C9_3 1_555 1_555
C22_3 C10_3 1_555 1_555
C28_3 O8_3 1_555 1_555
C29_3 C19_3 1_555 1_555
C30_3 C18_3 1_555 1_555
C31_3 O14_3 1_555 1_555
C32_3 C22_3 1_555 1_555
C33_3 C21_3 1_555 1_555
H4_3 C6_3 1_555 1_555
H5_3 C7_3 1_555 1_555
H6_3 C8_3 1_555 1_555
H7_3 C9_3 1_555 1_555
H8_3 C10_3 1_555 1_555
H9_3 C11_3 1_555 1_555
O9_3 C28_3 1_555 1_555
O15_3 C31_3 1_555 1_555
C8_3 C19_3 1_555 1_555
C11_3 C22_3 1_555 1_555
O33_3 Cu7 1_555 1_555
O36_3 Cu8 1_555 1_555
O41_4 Cu7 1_555 1_555
O42_4 Cu8 1_555 1_555
Cu1_4 O1_3 1_555 1_555
O1_3 C3_3 1_555 1_555
O2_4 Cu1_4 1_555 1_555
C1_3 C2_3 1_555 1_555
C2_3 C3_3 1_555 1_555
C3_3 O3_3 1_555 1_555
H1_3 C1_3 1_555 1_555
Cu2_4 O3_3 1_555 1_555
Cu9_3 O4_3 1_555 1_555
Cu10_3 O5_3 1_555 1_555
Cu7_2 O6_3 1_555 1_555
Cu8_2 O7_3 1_555 1_555
Cu13 O22_3 1_555 1_555
Cu14 O23_3 1_555 1_555
Cu11_2 O24_3 1_555 1_555
Cu12_2 O25_3 1_555 1_555
O4_3 C26_3 1_555 1_555
O5_3 C26_3 1_555 1_555
O6_3 C27_3 1_555 1_555
O7_3 C27_3 1_555 1_555
O20_3 Cu1_4 1_555 1_555
O21_3 Cu2_4 1_555 1_555
O22_3 C35_3 1_555 1_555
O23_3 C35_3 1_555 1_555
O24_3 C36_3 1_555 1_555
O25_3 C36_3 1_555 1_555
O27_3 Cu9_3 1_555 1_555
O28_3 Cu9_3 1_555 1_555
O30_3 Cu10_3 1_555 1_555
O31_3 Cu10_3 1_555 1_555
O34_3 Cu7_2 1_555 1_555
O37_3 Cu8_2 1_555 1_555
O38_4 Cu2_4 1_555 1_555
O39_4 Cu9_3 1_555 1_555
O40_4 Cu10_3 1_555 1_555
O41_5 Cu7_2 1_555 1_555
O42_5 Cu8_2 1_555 1_555
C4_3 C15_3 1_555 1_555
C5_3 C2_3 1_555 1_555
C12_3 C23_3 1_555 1_555
C13_3 C24_3 1_555 1_555
C14_3 C23_3 1_555 1_555
C15_3 C1_3 1_555 1_555
C16_3 C4_3 1_555 1_555
C23_3 C34_3 1_555 1_555
C24_3 C12_3 1_555 1_555
C25_3 C13_3 1_555 1_555
C26_3 C16_3 1_555 1_555
C27_3 C15_3 1_555 1_555
C34_3 O20_3 1_555 1_555
C35_3 C25_3 1_555 1_555
C36_3 C24_3 1_555 1_555
H2_3 C4_3 1_555 1_555
H3_3 C5_3 1_555 1_555
H10_3 C12_3 1_555 1_555
H11_3 C13_3 1_555 1_555
H12_3 C14_3 1_555 1_555
O21_3 C34_3 1_555 1_555
C5_3 C16_3 1_555 1_555
C14_3 C25_3 1_555 1_555
O2_5 Cu1_5 1_555 1_555
Cu17_2 O16_4 1_555 1_555
Cu18_2 O17_4 1_555 1_555
Cu15_3 O18_4 1_555 1_555
Cu16_3 O19_4 1_555 1_555
O8_4 Cu1_5 1_555 1_555
O9_4 Cu2_5 1_555 1_555
O32_2 C29_4 1_555 1_555
O35_2 C29_4 1_555 1_555
O26 C30_4 1_555 1_555
O29 C30_4 1_555 1_555
O14_4 Cu1_5 1_555 1_555
O15_4 Cu2_5 1_555 1_555
O16_4 C32_4 1_555 1_555
O17_4 C32_4 1_555 1_555
O18_4 C33_4 1_555 1_555
O19_4 C33_4 1_555 1_555
O38_5 Cu2_5 1_555 1_555
C6_4 C17_4 1_555 1_555
C7_4 C18_4 1_555 1_555
C8_4 C17_4 1_555 1_555
C9_4 C20_4 1_555 1_555
C10_4 C21_4 1_555 1_555
C11_4 C20_4 1_555 1_555
C17_4 C28_4 1_555 1_555
C18_4 C6_4 1_555 1_555
C19_4 C7_4 1_555 1_555
C20_4 C31_4 1_555 1_555
C21_4 C9_4 1_555 1_555
C22_4 C10_4 1_555 1_555
C28_4 O8_4 1_555 1_555
C29_4 C19_4 1_555 1_555
C30_4 C18_4 1_555 1_555
C31_4 O14_4 1_555 1_555
C32_4 C22_4 1_555 1_555
C33_4 C21_4 1_555 1_555
H4_4 C6_4 1_555 1_555
H5_4 C7_4 1_555 1_555
H6_4 C8_4 1_555 1_555
H7_4 C9_4 1_555 1_555
H8_4 C10_4 1_555 1_555
H9_4 C11_4 1_555 1_555
O9_4 C28_4 1_555 1_555
O15_4 C31_4 1_555 1_555
C8_4 C19_4 1_555 1_555
C11_4 C22_4 1_555 1_555
O27_4 Cu9 1_555 1_555
O30_4 Cu10 1_555 1_555
O39_5 Cu9 1_555 1_555
O40_5 Cu10 1_555 1_555
Cu1_6 O1_4 1_555 1_555
O1_4 C3_4 1_555 1_555
O2_6 Cu1_6 1_555 1_555
C1_4 C2_4 1_555 1_555
C2_4 C3_4 1_555 1_555
C3_4 O3_4 1_555 1_555
H1_4 C1_4 1_555 1_555
Cu2_6 O3_4 1_555 1_555
Cu9_2 O4_4 1_555 1_555
Cu10_2 O5_4 1_555 1_555
Cu7_3 O6_4 1_555 1_555
Cu8_3 O7_4 1_555 1_555
Cu13_2 O22_4 1_555 1_555
Cu14_2 O23_4 1_555 1_555
Cu11 O24_4 1_555 1_555
Cu12 O25_4 1_555 1_555
O4_4 C26_4 1_555 1_555
O5_4 C26_4 1_555 1_555
O6_4 C27_4 1_555 1_555
O7_4 C27_4 1_555 1_555
O20_4 Cu1_6 1_555 1_555
O21_4 Cu2_6 1_555 1_555
O22_4 C35_4 1_555 1_555
O23_4 C35_4 1_555 1_555
O24_4 C36_4 1_555 1_555
O25_4 C36_4 1_555 1_555
O28_4 Cu9_2 1_555 1_555
O31_4 Cu10_2 1_555 1_555
O33_4 Cu7_3 1_555 1_555
O34_4 Cu7_3 1_555 1_555
O36_4 Cu8_3 1_555 1_555
O37_4 Cu8_3 1_555 1_555
O38_6 Cu2_6 1_555 1_555
O39_6 Cu9_2 1_555 1_555
O40_6 Cu10_2 1_555 1_555
O41_6 Cu7_3 1_555 1_555
O42_6 Cu8_3 1_555 1_555
C4_4 C15_4 1_555 1_555
C5_4 C2_4 1_555 1_555
C12_4 C23_4 1_555 1_555
C13_4 C24_4 1_555 1_555
C14_4 C23_4 1_555 1_555
C15_4 C1_4 1_555 1_555
C16_4 C4_4 1_555 1_555
C23_4 C34_4 1_555 1_555
C24_4 C12_4 1_555 1_555
C25_4 C13_4 1_555 1_555
C26_4 C16_4 1_555 1_555
C27_4 C15_4 1_555 1_555
C34_4 O20_4 1_555 1_555
C35_4 C25_4 1_555 1_555
C36_4 C24_4 1_555 1_555
H2_4 C4_4 1_555 1_555
H3_4 C5_4 1_555 1_555
H10_4 C12_4 1_555 1_555
H11_4 C13_4 1_555 1_555
H12_4 C14_4 1_555 1_555
O21_4 C34_4 1_555 1_555
C5_4 C16_4 1_555 1_555
C14_4 C25_4 1_555 1_555
Cu11_4 O16_5 1_555 1_555
Cu12_4 O17_5 1_555 1_555
Cu18_3 O18_5 1_555 1_555
Cu17_3 O19_5 1_555 1_555
Cu18 O22_5 1_555 1_555
Cu17 O23_5 1_555 1_555
Cu17_4 O24_5 1_555 1_555
Cu18_4 O25_5 1_555 1_555
O16_5 C32_5 1_555 1_555
