
###############################################################################
#
# This file contains modified crystal structure data generated from the
# MOF subset of the Cambridge Structural Database (CSD) v543 
# hosted by the Cambridge Crystallographic Data Centre (CCDC).
#
# This work is licensed under the Creative Commons
# Attribution-NonCommercial-ShareAlike 4.0 International License.
# To view a copy of this license, visit
# http://creativecommons.org/licenses/by-nc-sa/4.0/
# or send a letter to
# Creative Commons, PO Box 1866, Mountain View, CA 94042, USA.
#
# CIF created using the CSD Python API on 29 September 2022
# The structure has been converted into the P1 space group
# The structure has a 3D framework
# The original CSD entry ZIGFEC is in the cubic crystal system
# The framework has been calculated to contain at least 10.0% void space
# The void calculation uses a probe of radius 1.32A, grid spacing 0.4
#
###############################################################################

data_ZIGFEC
_chemical_formula_moiety         '(C288 H96 Cr39 O192)n'
_symmetry_cell_setting           triclinic
_symmetry_space_group_name_H-M   'P 1'
_symmetry_Int_Tables_number      1
_space_group_name_Hall           'P 1'
loop_
_symmetry_equiv_pos_site_id
_symmetry_equiv_pos_as_xyz
1 x,y,z
_cell_length_a                   26.66522(35)
_cell_length_b                   26.66522(35)
_cell_length_c                   26.66522(35)
_cell_angle_alpha                90
_cell_angle_beta                 90
_cell_angle_gamma                90
_cell_volume                     18959.9
loop_
_atom_site_label
_atom_site_type_symbol
_atom_site_fract_x
_atom_site_fract_y
_atom_site_fract_z
_atom_site_U_iso_or_equiv
_atom_site_thermal_displace_type
Cr1 Cr 0.27729(23) 0.27729(23) 0.000 0.0040 Uiso
Cr2 Cr 0.22271(23) 0.22271(23) 0.000 0.0040 Uiso
O13 O 0.24336(12) 0.31684(11) 0.05248(11) 0.0177 Uiso
O14 O 0.25664(12) 0.18316(11) 0.05248(11) 0.0177 Uiso
O16 O 0.18316(11) 0.25664(12) 0.05248(11) 0.0177 Uiso
O17 O 0.31684(11) 0.24336(12) 0.05248(11) 0.0177 Uiso
Cr1_2 Cr 0.27729(23) 0.27729(23) 1.000 0.0040 Uiso
O1 O 0.31684(11) 0.24336(12) 0.94752(11) 0.0177 Uiso
C1 C 0.29671(10) 0.20329(10) 0.92915(15) 0.0224 Uiso
C2 C 0.32224(12) 0.17776(12) 0.88596(15) 0.0224 Uiso
C3 C 0.36461(11) 0.20056(18) 0.86461(11) 0.0224 Uiso
H1 H 0.37921(19) 0.23369(26) 0.87921(19) 0.0224 Uiso
O2 O 0.25664(12) 0.05248(11) 0.81684(11) 0.0177 Uiso
C4 C 0.29671(10) 0.07085(15) 0.79671(10) 0.0224 Uiso
C5 C 0.32224(12) 0.11404(15) 0.82224(12) 0.0224 Uiso
C6 C 0.29944(18) 0.13539(11) 0.86461(11) 0.0224 Uiso
H2 H 0.26631(26) 0.12079(19) 0.87921(19) 0.0224 Uiso
O3 O 0.44752(11) 0.18316(11) 0.75664(12) 0.0177 Uiso
C7 C 0.42915(15) 0.20329(10) 0.79671(10) 0.0224 Uiso
C8 C 0.38596(15) 0.17776(12) 0.82224(12) 0.0224 Uiso
C9 C 0.36461(11) 0.13539(11) 0.79944(18) 0.0224 Uiso
H3 H 0.37921(19) 0.12079(19) 0.76631(26) 0.0224 Uiso
O4 O 0.25664(12) 0.18316(11) 0.94752(11) 0.0177 Uiso
O5 O 0.31684(11) 0.05248(11) 0.75664(12) 0.0177 Uiso
O6 O 0.44752(11) 0.24336(12) 0.81684(11) 0.0177 Uiso
Cr2_2 Cr 0.22271(23) 0.22271(23) 1.000 0.0040 Uiso
O7 O 0.18316(11) 0.25664(12) 0.94752(11) 0.0177 Uiso
C10 C 0.20329(10) 0.29671(10) 0.92915(15) 0.0224 Uiso
C11 C 0.17776(12) 0.32224(12) 0.88596(15) 0.0224 Uiso
C12 C 0.13539(11) 0.29944(18) 0.86461(11) 0.0224 Uiso
H4 H 0.12079(19) 0.26631(26) 0.87921(19) 0.0224 Uiso
O8 O 0.24336(12) 0.44752(11) 0.81684(11) 0.0177 Uiso
C13 C 0.20329(10) 0.42915(15) 0.79671(10) 0.0224 Uiso
C14 C 0.17776(12) 0.38596(15) 0.82224(12) 0.0224 Uiso
C15 C 0.20056(18) 0.36461(11) 0.86461(11) 0.0224 Uiso
H5 H 0.23369(26) 0.37921(19) 0.87921(19) 0.0224 Uiso
O9 O 0.05248(11) 0.31684(11) 0.75664(12) 0.0177 Uiso
C16 C 0.07085(15) 0.29671(10) 0.79671(10) 0.0224 Uiso
C17 C 0.11404(15) 0.32224(12) 0.82224(12) 0.0224 Uiso
C18 C 0.13539(11) 0.36461(11) 0.79944(18) 0.0224 Uiso
H6 H 0.12079(19) 0.37921(19) 0.76631(26) 0.0224 Uiso
O10 O 0.24336(12) 0.31684(11) 0.94752(11) 0.0177 Uiso
O11 O 0.18316(11) 0.44752(11) 0.75664(12) 0.0177 Uiso
O12 O 0.05248(11) 0.25664(12) 0.81684(11) 0.0177 Uiso
Cr3 Cr 0.000 0.27729(23) 0.72271(23) 0.0040 Uiso
Cr4 Cr 0.27729(23) 0.000 0.72271(23) 0.0040 Uiso
Cr5 Cr 0.000 0.22271(23) 0.77729(23) 0.0040 Uiso
Cr6 Cr 0.27729(23) 0.500 0.77729(23) 0.0040 Uiso
Cr7 Cr 0.500 0.27729(23) 0.77729(23) 0.0040 Uiso
Cr8 Cr 0.22271(23) 0.000 0.77729(23) 0.0040 Uiso
Cr9 Cr 0.500 0.22271(23) 0.72271(23) 0.0040 Uiso
Cr10 Cr 0.22271(23) 0.500 0.72271(23) 0.0040 Uiso
O19 O 0.05248(11) 0.24336(12) 0.68316(11) 0.0177 Uiso
Cr4_2 Cr 0.27729(23) 1.000 0.72271(23) 0.0040 Uiso
Cr8_2 Cr 0.22271(23) 1.000 0.77729(23) 0.0040 Uiso
Cr3_2 Cr 1.000 0.27729(23) 0.72271(23) 0.0040 Uiso
Cr5_2 Cr 1.000 0.22271(23) 0.77729(23) 0.0040 Uiso
O15 O 0.94752(11) 0.24336(12) 0.68316(11) 0.0177 Uiso
O18 O 0.94752(11) 0.31684(11) 0.75664(12) 0.0177 Uiso
Cr6_2 Cr 0.27729(23) 0.000 0.27729(23) 0.0040 Uiso
Cr10_2 Cr 0.22271(23) 0.000 0.22271(23) 0.0040 Uiso
Cr1_3 Cr 0.27729(23) 0.77729(23) 0.500 0.0040 Uiso
O1_2 O 0.31684(11) 0.74336(12) 0.44752(11) 0.0177 Uiso
C1_2 C 0.29671(10) 0.70329(10) 0.42915(15) 0.0224 Uiso
C2_2 C 0.32224(12) 0.67776(12) 0.38596(15) 0.0224 Uiso
C3_2 C 0.36461(11) 0.70056(18) 0.36461(11) 0.0224 Uiso
H1_2 H 0.37921(19) 0.73369(26) 0.37921(19) 0.0224 Uiso
O2_2 O 0.25664(12) 0.55248(11) 0.31684(11) 0.0177 Uiso
C4_2 C 0.29671(10) 0.57085(15) 0.29671(10) 0.0224 Uiso
C5_2 C 0.32224(12) 0.61404(15) 0.32224(12) 0.0224 Uiso
C6_2 C 0.29944(18) 0.63539(11) 0.36461(11) 0.0224 Uiso
H2_2 H 0.26631(26) 0.62079(19) 0.37921(19) 0.0224 Uiso
O3_2 O 0.44752(11) 0.68316(11) 0.25664(12) 0.0177 Uiso
C7_2 C 0.42915(15) 0.70329(10) 0.29671(10) 0.0224 Uiso
C8_2 C 0.38596(15) 0.67776(12) 0.32224(12) 0.0224 Uiso
C9_2 C 0.36461(11) 0.63539(11) 0.29944(18) 0.0224 Uiso
H3_2 H 0.37921(19) 0.62079(19) 0.26631(26) 0.0224 Uiso
O4_2 O 0.25664(12) 0.68316(11) 0.44752(11) 0.0177 Uiso
O5_2 O 0.31684(11) 0.55248(11) 0.25664(12) 0.0177 Uiso
O6_2 O 0.44752(11) 0.74336(12) 0.31684(11) 0.0177 Uiso
Cr2_3 Cr 0.22271(23) 0.72271(23) 0.500 0.0040 Uiso
O7_2 O 0.18316(11) 0.75664(12) 0.44752(11) 0.0177 Uiso
C10_2 C 0.20329(10) 0.79671(10) 0.42915(15) 0.0224 Uiso
C11_2 C 0.17776(12) 0.82224(12) 0.38596(15) 0.0224 Uiso
C12_2 C 0.13539(11) 0.79944(18) 0.36461(11) 0.0224 Uiso
H4_2 H 0.12079(19) 0.76631(26) 0.37921(19) 0.0224 Uiso
O8_2 O 0.24336(12) 0.94752(11) 0.31684(11) 0.0177 Uiso
C13_2 C 0.20329(10) 0.92915(15) 0.29671(10) 0.0224 Uiso
C14_2 C 0.17776(12) 0.88596(15) 0.32224(12) 0.0224 Uiso
C15_2 C 0.20056(18) 0.86461(11) 0.36461(11) 0.0224 Uiso
H5_2 H 0.23369(26) 0.87921(19) 0.37921(19) 0.0224 Uiso
O9_2 O 0.05248(11) 0.81684(11) 0.25664(12) 0.0177 Uiso
C16_2 C 0.07085(15) 0.79671(10) 0.29671(10) 0.0224 Uiso
C17_2 C 0.11404(15) 0.82224(12) 0.32224(12) 0.0224 Uiso
C18_2 C 0.13539(11) 0.86461(11) 0.29944(18) 0.0224 Uiso
H6_2 H 0.12079(19) 0.87921(19) 0.26631(26) 0.0224 Uiso
O10_2 O 0.24336(12) 0.81684(11) 0.44752(11) 0.0177 Uiso
O11_2 O 0.18316(11) 0.94752(11) 0.25664(12) 0.0177 Uiso
O12_2 O 0.05248(11) 0.75664(12) 0.31684(11) 0.0177 Uiso
Cr3_3 Cr 0.000 0.77729(23) 0.22271(23) 0.0040 Uiso
Cr4_3 Cr 0.27729(23) 0.500 0.22271(23) 0.0040 Uiso
Cr5_3 Cr 0.000 0.72271(23) 0.27729(23) 0.0040 Uiso
Cr6_3 Cr 0.27729(23) 1.000 0.27729(23) 0.0040 Uiso
Cr7_2 Cr 0.500 0.77729(23) 0.27729(23) 0.0040 Uiso
Cr8_3 Cr 0.22271(23) 0.500 0.27729(23) 0.0040 Uiso
Cr9_2 Cr 0.500 0.72271(23) 0.22271(23) 0.0040 Uiso
Cr10_3 Cr 0.22271(23) 1.000 0.22271(23) 0.0040 Uiso
O13_2 O 0.24336(12) 0.81684(11) 0.55248(11) 0.0177 Uiso
O14_2 O 0.25664(12) 0.68316(11) 0.55248(11) 0.0177 Uiso
O16_2 O 0.18316(11) 0.75664(12) 0.55248(11) 0.0177 Uiso
O17_2 O 0.31684(11) 0.74336(12) 0.55248(11) 0.0177 Uiso
O19_2 O 0.05248(11) 0.74336(12) 0.18316(11) 0.0177 Uiso
Cr3_4 Cr 1.000 0.77729(23) 0.22271(23) 0.0040 Uiso
Cr5_4 Cr 1.000 0.72271(23) 0.27729(23) 0.0040 Uiso
O15_2 O 0.94752(11) 0.74336(12) 0.18316(11) 0.0177 Uiso
O18_2 O 0.94752(11) 0.81684(11) 0.25664(12) 0.0177 Uiso
Cr7_3 Cr 0.000 0.27729(23) 0.27729(23) 0.0040 Uiso
Cr9_3 Cr 0.000 0.22271(23) 0.22271(23) 0.0040 Uiso
Cr1_4 Cr 0.77729(23) 0.27729(23) 0.500 0.0040 Uiso
O1_3 O 0.81684(11) 0.24336(12) 0.44752(11) 0.0177 Uiso
C1_3 C 0.79671(10) 0.20329(10) 0.42915(15) 0.0224 Uiso
C2_3 C 0.82224(12) 0.17776(12) 0.38596(15) 0.0224 Uiso
C3_3 C 0.86461(11) 0.20056(18) 0.36461(11) 0.0224 Uiso
H1_3 H 0.87921(19) 0.23369(26) 0.37921(19) 0.0224 Uiso
O2_3 O 0.75664(12) 0.05248(11) 0.31684(11) 0.0177 Uiso
C4_3 C 0.79671(10) 0.07085(15) 0.29671(10) 0.0224 Uiso
C5_3 C 0.82224(12) 0.11404(15) 0.32224(12) 0.0224 Uiso
C6_3 C 0.79944(18) 0.13539(11) 0.36461(11) 0.0224 Uiso
H2_3 H 0.76631(26) 0.12079(19) 0.37921(19) 0.0224 Uiso
O3_3 O 0.94752(11) 0.18316(11) 0.25664(12) 0.0177 Uiso
C7_3 C 0.92915(15) 0.20329(10) 0.29671(10) 0.0224 Uiso
C8_3 C 0.88596(15) 0.17776(12) 0.32224(12) 0.0224 Uiso
C9_3 C 0.86461(11) 0.13539(11) 0.29944(18) 0.0224 Uiso
H3_3 H 0.87921(19) 0.12079(19) 0.26631(26) 0.0224 Uiso
O4_3 O 0.75664(12) 0.18316(11) 0.44752(11) 0.0177 Uiso
O5_3 O 0.81684(11) 0.05248(11) 0.25664(12) 0.0177 Uiso
O6_3 O 0.94752(11) 0.24336(12) 0.31684(11) 0.0177 Uiso
Cr2_4 Cr 0.72271(23) 0.22271(23) 0.500 0.0040 Uiso
O7_3 O 0.68316(11) 0.25664(12) 0.44752(11) 0.0177 Uiso
C10_3 C 0.70329(10) 0.29671(10) 0.42915(15) 0.0224 Uiso
C11_3 C 0.67776(12) 0.32224(12) 0.38596(15) 0.0224 Uiso
C12_3 C 0.63539(11) 0.29944(18) 0.36461(11) 0.0224 Uiso
H4_3 H 0.62079(19) 0.26631(26) 0.37921(19) 0.0224 Uiso
O8_3 O 0.74336(12) 0.44752(11) 0.31684(11) 0.0177 Uiso
C13_3 C 0.70329(10) 0.42915(15) 0.29671(10) 0.0224 Uiso
C14_3 C 0.67776(12) 0.38596(15) 0.32224(12) 0.0224 Uiso
C15_3 C 0.70056(18) 0.36461(11) 0.36461(11) 0.0224 Uiso
H5_3 H 0.73369(26) 0.37921(19) 0.37921(19) 0.0224 Uiso
O9_3 O 0.55248(11) 0.31684(11) 0.25664(12) 0.0177 Uiso
C16_3 C 0.57085(15) 0.29671(10) 0.29671(10) 0.0224 Uiso
C17_3 C 0.61404(15) 0.32224(12) 0.32224(12) 0.0224 Uiso
C18_3 C 0.63539(11) 0.36461(11) 0.29944(18) 0.0224 Uiso
H6_3 H 0.62079(19) 0.37921(19) 0.26631(26) 0.0224 Uiso
O10_3 O 0.74336(12) 0.31684(11) 0.44752(11) 0.0177 Uiso
O11_3 O 0.68316(11) 0.44752(11) 0.25664(12) 0.0177 Uiso
O12_3 O 0.55248(11) 0.25664(12) 0.31684(11) 0.0177 Uiso
Cr3_5 Cr 0.500 0.27729(23) 0.22271(23) 0.0040 Uiso
Cr4_4 Cr 0.77729(23) -0.000 0.22271(23) 0.0040 Uiso
Cr5_5 Cr 0.500 0.22271(23) 0.27729(23) 0.0040 Uiso
Cr6_4 Cr 0.77729(23) 0.500 0.27729(23) 0.0040 Uiso
Cr7_4 Cr 1.000 0.27729(23) 0.27729(23) 0.0040 Uiso
Cr8_4 Cr 0.72271(23) 0.000 0.27729(23) 0.0040 Uiso
Cr9_4 Cr 1.000 0.22271(23) 0.22271(23) 0.0040 Uiso
Cr10_4 Cr 0.72271(23) 0.500 0.22271(23) 0.0040 Uiso
O13_3 O 0.74336(12) 0.31684(11) 0.55248(11) 0.0177 Uiso
O14_3 O 0.75664(12) 0.18316(11) 0.55248(11) 0.0177 Uiso
O15_3 O 0.44752(11) 0.24336(12) 0.18316(11) 0.0177 Uiso
O16_3 O 0.68316(11) 0.25664(12) 0.55248(11) 0.0177 Uiso
O17_3 O 0.81684(11) 0.24336(12) 0.55248(11) 0.0177 Uiso
O18_3 O 0.44752(11) 0.31684(11) 0.25664(12) 0.0177 Uiso
O19_3 O 0.55248(11) 0.24336(12) 0.18316(11) 0.0177 Uiso
Cr4_5 Cr 0.77729(23) 1.000 0.22271(23) 0.0040 Uiso
Cr8_5 Cr 0.72271(23) 1.000 0.27729(23) 0.0040 Uiso
Cr7_5 Cr 0.000 0.77729(23) 0.77729(23) 0.0040 Uiso
Cr9_5 Cr 0.000 0.72271(23) 0.72271(23) 0.0040 Uiso
Cr6_5 Cr 0.77729(23) 0.000 0.77729(23) 0.0040 Uiso
Cr10_5 Cr 0.72271(23) 0.000 0.72271(23) 0.0040 Uiso
Cr1_5 Cr 0.77729(23) 0.77729(23) 0.000 0.0040 Uiso
Cr2_5 Cr 0.72271(23) 0.72271(23) 0.000 0.0040 Uiso
O13_4 O 0.74336(12) 0.81684(11) 0.05248(11) 0.0177 Uiso
O14_4 O 0.75664(12) 0.68316(11) 0.05248(11) 0.0177 Uiso
O16_4 O 0.68316(11) 0.75664(12) 0.05248(11) 0.0177 Uiso
O17_4 O 0.81684(11) 0.74336(12) 0.05248(11) 0.0177 Uiso
Cr1_6 Cr 0.77729(23) 0.77729(23) 1.000 0.0040 Uiso
O1_4 O 0.81684(11) 0.74336(12) 0.94752(11) 0.0177 Uiso
C1_4 C 0.79671(10) 0.70329(10) 0.92915(15) 0.0224 Uiso
C2_4 C 0.82224(12) 0.67776(12) 0.88596(15) 0.0224 Uiso
C3_4 C 0.86461(11) 0.70056(18) 0.86461(11) 0.0224 Uiso
H1_4 H 0.87921(19) 0.73369(26) 0.87921(19) 0.0224 Uiso
O2_4 O 0.75664(12) 0.55248(11) 0.81684(11) 0.0177 Uiso
C4_4 C 0.79671(10) 0.57085(15) 0.79671(10) 0.0224 Uiso
C5_4 C 0.82224(12) 0.61404(15) 0.82224(12) 0.0224 Uiso
C6_4 C 0.79944(18) 0.63539(11) 0.86461(11) 0.0224 Uiso
H2_4 H 0.76631(26) 0.62079(19) 0.87921(19) 0.0224 Uiso
O3_4 O 0.94752(11) 0.68316(11) 0.75664(12) 0.0177 Uiso
C7_4 C 0.92915(15) 0.70329(10) 0.79671(10) 0.0224 Uiso
C8_4 C 0.88596(15) 0.67776(12) 0.82224(12) 0.0224 Uiso
C9_4 C 0.86461(11) 0.63539(11) 0.79944(18) 0.0224 Uiso
H3_4 H 0.87921(19) 0.62079(19) 0.76631(26) 0.0224 Uiso
O4_4 O 0.75664(12) 0.68316(11) 0.94752(11) 0.0177 Uiso
O5_4 O 0.81684(11) 0.55248(11) 0.75664(12) 0.0177 Uiso
O6_4 O 0.94752(11) 0.74336(12) 0.81684(11) 0.0177 Uiso
Cr2_6 Cr 0.72271(23) 0.72271(23) 1.000 0.0040 Uiso
O7_4 O 0.68316(11) 0.75664(12) 0.94752(11) 0.0177 Uiso
C10_4 C 0.70329(10) 0.79671(10) 0.92915(15) 0.0224 Uiso
C11_4 C 0.67776(12) 0.82224(12) 0.88596(15) 0.0224 Uiso
C12_4 C 0.63539(11) 0.79944(18) 0.86461(11) 0.0224 Uiso
H4_4 H 0.62079(19) 0.76631(26) 0.87921(19) 0.0224 Uiso
O8_4 O 0.74336(12) 0.94752(11) 0.81684(11) 0.0177 Uiso
C13_4 C 0.70329(10) 0.92915(15) 0.79671(10) 0.0224 Uiso
C14_4 C 0.67776(12) 0.88596(15) 0.82224(12) 0.0224 Uiso
C15_4 C 0.70056(18) 0.86461(11) 0.86461(11) 0.0224 Uiso
H5_4 H 0.73369(26) 0.87921(19) 0.87921(19) 0.0224 Uiso
O9_4 O 0.55248(11) 0.81684(11) 0.75664(12) 0.0177 Uiso
C16_4 C 0.57085(15) 0.79671(10) 0.79671(10) 0.0224 Uiso
C17_4 C 0.61404(15) 0.82224(12) 0.82224(12) 0.0224 Uiso
C18_4 C 0.63539(11) 0.86461(11) 0.79944(18) 0.0224 Uiso
H6_4 H 0.62079(19) 0.87921(19) 0.76631(26) 0.0224 Uiso
O10_4 O 0.74336(12) 0.81684(11) 0.94752(11) 0.0177 Uiso
O11_4 O 0.68316(11) 0.94752(11) 0.75664(12) 0.0177 Uiso
O12_4 O 0.55248(11) 0.75664(12) 0.81684(11) 0.0177 Uiso
Cr3_6 Cr 0.500 0.77729(23) 0.72271(23) 0.0040 Uiso
Cr4_6 Cr 0.77729(23) 0.500 0.72271(23) 0.0040 Uiso
Cr5_6 Cr 0.500 0.72271(23) 0.77729(23) 0.0040 Uiso
Cr6_6 Cr 0.77729(23) 1.000 0.77729(23) 0.0040 Uiso
Cr7_6 Cr 1.000 0.77729(23) 0.77729(23) 0.0040 Uiso
Cr8_6 Cr 0.72271(23) 0.500 0.77729(23) 0.0040 Uiso
Cr9_6 Cr 1.000 0.72271(23) 0.72271(23) 0.0040 Uiso
Cr10_6 Cr 0.72271(23) 1.000 0.72271(23) 0.0040 Uiso
O15_4 O 0.44752(11) 0.74336(12) 0.68316(11) 0.0177 Uiso
O18_4 O 0.44752(11) 0.81684(11) 0.75664(12) 0.0177 Uiso
O19_4 O 0.55248(11) 0.74336(12) 0.68316(11) 0.0177 Uiso
O15_5 O 0.05248(11) 0.24336(12) 0.31684(11) 0.0177 Uiso
O18_5 O 0.05248(11) 0.31684(11) 0.24336(12) 0.0177 Uiso
Cr1_7 Cr 0.72271(23) 0.27729(23) 0.000 0.0040 Uiso
O1_5 O 0.68316(11) 0.24336(12) 0.05248(11) 0.0177 Uiso
C1_5 C 0.70329(10) 0.20329(10) 0.07085(15) 0.0224 Uiso
C2_5 C 0.67776(12) 0.17776(12) 0.11404(15) 0.0224 Uiso
C3_5 C 0.63539(11) 0.20056(18) 0.13539(11) 0.0224 Uiso
H1_5 H 0.62079(19) 0.23369(26) 0.12079(19) 0.0224 Uiso
O2_5 O 0.74336(12) 0.05248(11) 0.18316(11) 0.0177 Uiso
C4_5 C 0.70329(10) 0.07085(15) 0.20329(10) 0.0224 Uiso
C5_5 C 0.67776(12) 0.11404(15) 0.17776(12) 0.0224 Uiso
C6_5 C 0.70056(18) 0.13539(11) 0.13539(11) 0.0224 Uiso
H2_5 H 0.73369(26) 0.12079(19) 0.12079(19) 0.0224 Uiso
O3_5 O 0.55248(11) 0.18316(11) 0.24336(12) 0.0177 Uiso
C7_5 C 0.57085(15) 0.20329(10) 0.20329(10) 0.0224 Uiso
C8_5 C 0.61404(15) 0.17776(12) 0.17776(12) 0.0224 Uiso
C9_5 C 0.63539(11) 0.13539(11) 0.20056(18) 0.0224 Uiso
H3_5 H 0.62079(19) 0.12079(19) 0.23369(26) 0.0224 Uiso
O4_5 O 0.74336(12) 0.18316(11) 0.05248(11) 0.0177 Uiso
O5_5 O 0.68316(11) 0.05248(11) 0.24336(12) 0.0177 Uiso
Cr2_7 Cr 0.77729(23) 0.22271(23) 0.000 0.0040 Uiso
O7_5 O 0.81684(11) 0.25664(12) 0.05248(11) 0.0177 Uiso
C10_5 C 0.79671(10) 0.29671(10) 0.07085(15) 0.0224 Uiso
C11_5 C 0.82224(12) 0.32224(12) 0.11404(15) 0.0224 Uiso
C12_5 C 0.86461(11) 0.29944(18) 0.13539(11) 0.0224 Uiso
H4_5 H 0.87921(19) 0.26631(26) 0.12079(19) 0.0224 Uiso
O8_5 O 0.75664(12) 0.44752(11) 0.18316(11) 0.0177 Uiso
C13_5 C 0.79671(10) 0.42915(15) 0.20329(10) 0.0224 Uiso
C14_5 C 0.82224(12) 0.38596(15) 0.17776(12) 0.0224 Uiso
C15_5 C 0.79944(18) 0.36461(11) 0.13539(11) 0.0224 Uiso
H5_5 H 0.76631(26) 0.37921(19) 0.12079(19) 0.0224 Uiso
O9_5 O 0.94752(11) 0.31684(11) 0.24336(12) 0.0177 Uiso
C16_5 C 0.92915(15) 0.29671(10) 0.20329(10) 0.0224 Uiso
C17_5 C 0.88596(15) 0.32224(12) 0.17776(12) 0.0224 Uiso
C18_5 C 0.86461(11) 0.36461(11) 0.20056(18) 0.0224 Uiso
H6_5 H 0.87921(19) 0.37921(19) 0.23369(26) 0.0224 Uiso
O10_5 O 0.75664(12) 0.31684(11) 0.05248(11) 0.0177 Uiso
O11_5 O 0.81684(11) 0.44752(11) 0.24336(12) 0.0177 Uiso
O12_5 O 0.94752(11) 0.25664(12) 0.18316(11) 0.0177 Uiso
Cr1_8 Cr 0.72271(23) 0.27729(23) 1.000 0.0040 Uiso
Cr2_8 Cr 0.77729(23) 0.22271(23) 1.000 0.0040 Uiso
O13_5 O 0.75664(12) 0.31684(11) 0.94752(11) 0.0177 Uiso
O14_5 O 0.74336(12) 0.18316(11) 0.94752(11) 0.0177 Uiso
O16_5 O 0.81684(11) 0.25664(12) 0.94752(11) 0.0177 Uiso
O17_5 O 0.68316(11) 0.24336(12) 0.94752(11) 0.0177 Uiso
O15_6 O 0.05248(11) 0.75664(12) 0.68316(11) 0.0177 Uiso
O18_6 O 0.05248(11) 0.68316(11) 0.75664(12) 0.0177 Uiso
O19_5 O 0.94752(11) 0.75664(12) 0.68316(11) 0.0177 Uiso
Cr1_9 Cr 0.22271(23) 0.27729(23) 0.500 0.0040 Uiso
O1_6 O 0.18316(11) 0.24336(12) 0.55248(11) 0.0177 Uiso
C1_6 C 0.20329(10) 0.20329(10) 0.57085(15) 0.0224 Uiso
C2_6 C 0.17776(12) 0.17776(12) 0.61404(15) 0.0224 Uiso
C3_6 C 0.13539(11) 0.20056(18) 0.63539(11) 0.0224 Uiso
H1_6 H 0.12079(19) 0.23369(26) 0.62079(19) 0.0224 Uiso
O2_6 O 0.24336(12) 0.05248(11) 0.68316(11) 0.0177 Uiso
C4_6 C 0.20329(10) 0.07085(15) 0.70329(10) 0.0224 Uiso
C5_6 C 0.17776(12) 0.11404(15) 0.67776(12) 0.0224 Uiso
C6_6 C 0.20056(18) 0.13539(11) 0.63539(11) 0.0224 Uiso
H2_6 H 0.23369(26) 0.12079(19) 0.62079(19) 0.0224 Uiso
O3_6 O 0.05248(11) 0.18316(11) 0.74336(12) 0.0177 Uiso
C7_6 C 0.07085(15) 0.20329(10) 0.70329(10) 0.0224 Uiso
C8_6 C 0.11404(15) 0.17776(12) 0.67776(12) 0.0224 Uiso
C9_6 C 0.13539(11) 0.13539(11) 0.70056(18) 0.0224 Uiso
H3_6 H 0.12079(19) 0.12079(19) 0.73369(26) 0.0224 Uiso
O4_6 O 0.24336(12) 0.18316(11) 0.55248(11) 0.0177 Uiso
O5_6 O 0.18316(11) 0.05248(11) 0.74336(12) 0.0177 Uiso
Cr2_9 Cr 0.27729(23) 0.22271(23) 0.500 0.0040 Uiso
O7_6 O 0.31684(11) 0.25664(12) 0.55248(11) 0.0177 Uiso
C10_6 C 0.29671(10) 0.29671(10) 0.57085(15) 0.0224 Uiso
C11_6 C 0.32224(12) 0.32224(12) 0.61404(15) 0.0224 Uiso
C12_6 C 0.36461(11) 0.29944(18) 0.63539(11) 0.0224 Uiso
H4_6 H 0.37921(19) 0.26631(26) 0.62079(19) 0.0224 Uiso
O8_6 O 0.25664(12) 0.44752(11) 0.68316(11) 0.0177 Uiso
C13_6 C 0.29671(10) 0.42915(15) 0.70329(10) 0.0224 Uiso
C14_6 C 0.32224(12) 0.38596(15) 0.67776(12) 0.0224 Uiso
C15_6 C 0.29944(18) 0.36461(11) 0.63539(11) 0.0224 Uiso
H5_6 H 0.26631(26) 0.37921(19) 0.62079(19) 0.0224 Uiso
O9_6 O 0.44752(11) 0.31684(11) 0.74336(12) 0.0177 Uiso
C16_6 C 0.42915(15) 0.29671(10) 0.70329(10) 0.0224 Uiso
C17_6 C 0.38596(15) 0.32224(12) 0.67776(12) 0.0224 Uiso
C18_6 C 0.36461(11) 0.36461(11) 0.70056(18) 0.0224 Uiso
H6_6 H 0.37921(19) 0.37921(19) 0.73369(26) 0.0224 Uiso
O10_6 O 0.25664(12) 0.31684(11) 0.55248(11) 0.0177 Uiso
O11_6 O 0.31684(11) 0.44752(11) 0.74336(12) 0.0177 Uiso
O12_6 O 0.44752(11) 0.25664(12) 0.68316(11) 0.0177 Uiso
O13_6 O 0.25664(12) 0.31684(11) 0.44752(11) 0.0177 Uiso
O14_6 O 0.24336(12) 0.18316(11) 0.44752(11) 0.0177 Uiso
O15_7 O 0.55248(11) 0.24336(12) 0.81684(11) 0.0177 Uiso
O16_6 O 0.31684(11) 0.25664(12) 0.44752(11) 0.0177 Uiso
O17_6 O 0.18316(11) 0.24336(12) 0.44752(11) 0.0177 Uiso
O18_7 O 0.55248(11) 0.31684(11) 0.74336(12) 0.0177 Uiso
Cr1_10 Cr 0.27729(23) 0.72271(23) 0.000 0.0040 Uiso
O1_7 O 0.31684(11) 0.75664(12) 0.05248(11) 0.0177 Uiso
C1_7 C 0.29671(10) 0.79671(10) 0.07085(15) 0.0224 Uiso
C2_7 C 0.32224(12) 0.82224(12) 0.11404(15) 0.0224 Uiso
C3_7 C 0.36461(11) 0.79944(18) 0.13539(11) 0.0224 Uiso
H1_7 H 0.37921(19) 0.76631(26) 0.12079(19) 0.0224 Uiso
O2_7 O 0.25664(12) 0.94752(11) 0.18316(11) 0.0177 Uiso
C4_7 C 0.29671(10) 0.92915(15) 0.20329(10) 0.0224 Uiso
C5_7 C 0.32224(12) 0.88596(15) 0.17776(12) 0.0224 Uiso
C6_7 C 0.29944(18) 0.86461(11) 0.13539(11) 0.0224 Uiso
H2_7 H 0.26631(26) 0.87921(19) 0.12079(19) 0.0224 Uiso
O3_7 O 0.44752(11) 0.81684(11) 0.24336(12) 0.0177 Uiso
C7_7 C 0.42915(15) 0.79671(10) 0.20329(10) 0.0224 Uiso
C8_7 C 0.38596(15) 0.82224(12) 0.17776(12) 0.0224 Uiso
C9_7 C 0.36461(11) 0.86461(11) 0.20056(18) 0.0224 Uiso
H3_7 H 0.37921(19) 0.87921(19) 0.23369(26) 0.0224 Uiso
O4_7 O 0.25664(12) 0.81684(11) 0.05248(11) 0.0177 Uiso
O5_7 O 0.31684(11) 0.94752(11) 0.24336(12) 0.0177 Uiso
O6_5 O 0.44752(11) 0.75664(12) 0.18316(11) 0.0177 Uiso
Cr2_10 Cr 0.22271(23) 0.77729(23) 0.000 0.0040 Uiso
O7_7 O 0.18316(11) 0.74336(12) 0.05248(11) 0.0177 Uiso
C10_7 C 0.20329(10) 0.70329(10) 0.07085(15) 0.0224 Uiso
C11_7 C 0.17776(12) 0.67776(12) 0.11404(15) 0.0224 Uiso
C12_7 C 0.13539(11) 0.70056(18) 0.13539(11) 0.0224 Uiso
H4_7 H 0.12079(19) 0.73369(26) 0.12079(19) 0.0224 Uiso
O8_7 O 0.24336(12) 0.55248(11) 0.18316(11) 0.0177 Uiso
C13_7 C 0.20329(10) 0.57085(15) 0.20329(10) 0.0224 Uiso
C14_7 C 0.17776(12) 0.61404(15) 0.17776(12) 0.0224 Uiso
C15_7 C 0.20056(18) 0.63539(11) 0.13539(11) 0.0224 Uiso
H5_7 H 0.23369(26) 0.62079(19) 0.12079(19) 0.0224 Uiso
O9_7 O 0.05248(11) 0.68316(11) 0.24336(12) 0.0177 Uiso
C16_7 C 0.07085(15) 0.70329(10) 0.20329(10) 0.0224 Uiso
C17_7 C 0.11404(15) 0.67776(12) 0.17776(12) 0.0224 Uiso
C18_7 C 0.13539(11) 0.63539(11) 0.20056(18) 0.0224 Uiso
H6_7 H 0.12079(19) 0.62079(19) 0.23369(26) 0.0224 Uiso
O10_7 O 0.24336(12) 0.68316(11) 0.05248(11) 0.0177 Uiso
O11_7 O 0.18316(11) 0.55248(11) 0.24336(12) 0.0177 Uiso
Cr1_11 Cr 0.27729(23) 0.72271(23) 1.000 0.0040 Uiso
Cr2_11 Cr 0.22271(23) 0.77729(23) 1.000 0.0040 Uiso
O13_7 O 0.24336(12) 0.68316(11) 0.94752(11) 0.0177 Uiso
O14_7 O 0.25664(12) 0.81684(11) 0.94752(11) 0.0177 Uiso
O16_7 O 0.18316(11) 0.74336(12) 0.94752(11) 0.0177 Uiso
O17_7 O 0.31684(11) 0.75664(12) 0.94752(11) 0.0177 Uiso
O15_8 O 0.94752(11) 0.75664(12) 0.31684(11) 0.0177 Uiso
O18_8 O 0.94752(11) 0.68316(11) 0.24336(12) 0.0177 Uiso
O15_9 O 0.55248(11) 0.75664(12) 0.18316(11) 0.0177 Uiso
O18_9 O 0.55248(11) 0.68316(11) 0.25664(12) 0.0177 Uiso
O15_10 O 0.05248(11) 0.25664(12) 0.18316(11) 0.0177 Uiso
O18_10 O 0.05248(11) 0.18316(11) 0.25664(12) 0.0177 Uiso
O15_11 O 0.05248(11) 0.74336(12) 0.81684(11) 0.0177 Uiso
O18_11 O 0.05248(11) 0.81684(11) 0.74336(12) 0.0177 Uiso
Cr1_12 Cr 0.72271(23) 0.77729(23) 0.500 0.0040 Uiso
O1_8 O 0.68316(11) 0.74336(12) 0.55248(11) 0.0177 Uiso
C1_8 C 0.70329(10) 0.70329(10) 0.57085(15) 0.0224 Uiso
C2_8 C 0.67776(12) 0.67776(12) 0.61404(15) 0.0224 Uiso
C3_8 C 0.63539(11) 0.70056(18) 0.63539(11) 0.0224 Uiso
H1_8 H 0.62079(19) 0.73369(26) 0.62079(19) 0.0224 Uiso
O2_8 O 0.74336(12) 0.55248(11) 0.68316(11) 0.0177 Uiso
C4_8 C 0.70329(10) 0.57085(15) 0.70329(10) 0.0224 Uiso
C5_8 C 0.67776(12) 0.61404(15) 0.67776(12) 0.0224 Uiso
C6_8 C 0.70056(18) 0.63539(11) 0.63539(11) 0.0224 Uiso
H2_8 H 0.73369(26) 0.62079(19) 0.62079(19) 0.0224 Uiso
O3_8 O 0.55248(11) 0.68316(11) 0.74336(12) 0.0177 Uiso
C7_8 C 0.57085(15) 0.70329(10) 0.70329(10) 0.0224 Uiso
C8_8 C 0.61404(15) 0.67776(12) 0.67776(12) 0.0224 Uiso
C9_8 C 0.63539(11) 0.63539(11) 0.70056(18) 0.0224 Uiso
H3_8 H 0.62079(19) 0.62079(19) 0.73369(26) 0.0224 Uiso
O4_8 O 0.74336(12) 0.68316(11) 0.55248(11) 0.0177 Uiso
O5_8 O 0.68316(11) 0.55248(11) 0.74336(12) 0.0177 Uiso
Cr2_12 Cr 0.77729(23) 0.72271(23) 0.500 0.0040 Uiso
O7_8 O 0.81684(11) 0.75664(12) 0.55248(11) 0.0177 Uiso
C10_8 C 0.79671(10) 0.79671(10) 0.57085(15) 0.0224 Uiso
C11_8 C 0.82224(12) 0.82224(12) 0.61404(15) 0.0224 Uiso
C12_8 C 0.86461(11) 0.79944(18) 0.63539(11) 0.0224 Uiso
H4_8 H 0.87921(19) 0.76631(26) 0.62079(19) 0.0224 Uiso
O8_8 O 0.75664(12) 0.94752(11) 0.68316(11) 0.0177 Uiso
C13_8 C 0.79671(10) 0.92915(15) 0.70329(10) 0.0224 Uiso
C14_8 C 0.82224(12) 0.88596(15) 0.67776(12) 0.0224 Uiso
C15_8 C 0.79944(18) 0.86461(11) 0.63539(11) 0.0224 Uiso
H5_8 H 0.76631(26) 0.87921(19) 0.62079(19) 0.0224 Uiso
O9_8 O 0.94752(11) 0.81684(11) 0.74336(12) 0.0177 Uiso
C16_8 C 0.92915(15) 0.79671(10) 0.70329(10) 0.0224 Uiso
C17_8 C 0.88596(15) 0.82224(12) 0.67776(12) 0.0224 Uiso
C18_8 C 0.86461(11) 0.86461(11) 0.70056(18) 0.0224 Uiso
H6_8 H 0.87921(19) 0.87921(19) 0.73369(26) 0.0224 Uiso
O10_8 O 0.75664(12) 0.81684(11) 0.55248(11) 0.0177 Uiso
O11_8 O 0.81684(11) 0.94752(11) 0.74336(12) 0.0177 Uiso
O13_8 O 0.75664(12) 0.81684(11) 0.44752(11) 0.0177 Uiso
O14_8 O 0.74336(12) 0.68316(11) 0.44752(11) 0.0177 Uiso
O16_8 O 0.81684(11) 0.75664(12) 0.44752(11) 0.0177 Uiso
O17_8 O 0.68316(11) 0.74336(12) 0.44752(11) 0.0177 Uiso
O15_12 O 0.55248(11) 0.74336(12) 0.31684(11) 0.0177 Uiso
O18_12 O 0.55248(11) 0.81684(11) 0.24336(12) 0.0177 Uiso
O15_13 O 0.44752(11) 0.25664(12) 0.31684(11) 0.0177 Uiso
O18_13 O 0.44752(11) 0.18316(11) 0.24336(12) 0.0177 Uiso
O15_14 O 0.44752(11) 0.75664(12) 0.81684(11) 0.0177 Uiso
O18_14 O 0.44752(11) 0.68316(11) 0.74336(12) 0.0177 Uiso
O15_15 O 0.55248(11) 0.25664(12) 0.68316(11) 0.0177 Uiso
O18_15 O 0.55248(11) 0.18316(11) 0.75664(12) 0.0177 Uiso
O15_16 O 0.94752(11) 0.25664(12) 0.81684(11) 0.0177 Uiso
O18_16 O 0.94752(11) 0.18316(11) 0.74336(12) 0.0177 Uiso
C1_9 C 0.79671(10) 0.29671(10) 0.92915(15) 0.0224 Uiso
C2_9 C 0.82224(12) 0.32224(12) 0.88596(15) 0.0224 Uiso
C3_9 C 0.79944(18) 0.36461(11) 0.86461(11) 0.0224 Uiso
H1_9 H 0.76631(26) 0.37921(19) 0.87921(19) 0.0224 Uiso
C4_9 C 0.92915(15) 0.29671(10) 0.79671(10) 0.0224 Uiso
C5_9 C 0.88596(15) 0.32224(12) 0.82224(12) 0.0224 Uiso
C6_9 C 0.86461(11) 0.29944(18) 0.86461(11) 0.0224 Uiso
H2_9 H 0.87921(19) 0.26631(26) 0.87921(19) 0.0224 Uiso
O3_9 O 0.81684(11) 0.44752(11) 0.75664(12) 0.0177 Uiso
C7_9 C 0.79671(10) 0.42915(15) 0.79671(10) 0.0224 Uiso
C8_9 C 0.82224(12) 0.38596(15) 0.82224(12) 0.0224 Uiso
C9_9 C 0.86461(11) 0.36461(11) 0.79944(18) 0.0224 Uiso
H3_9 H 0.87921(19) 0.37921(19) 0.76631(26) 0.0224 Uiso
O6_6 O 0.75664(12) 0.44752(11) 0.81684(11) 0.0177 Uiso
C10_9 C 0.70329(10) 0.20329(10) 0.92915(15) 0.0224 Uiso
C11_9 C 0.67776(12) 0.17776(12) 0.88596(15) 0.0224 Uiso
C12_9 C 0.70056(18) 0.13539(11) 0.86461(11) 0.0224 Uiso
H4_9 H 0.73369(26) 0.12079(19) 0.87921(19) 0.0224 Uiso
C13_9 C 0.57085(15) 0.20329(10) 0.79671(10) 0.0224 Uiso
C14_9 C 0.61404(15) 0.17776(12) 0.82224(12) 0.0224 Uiso
C15_9 C 0.63539(11) 0.20056(18) 0.86461(11) 0.0224 Uiso
H5_9 H 0.62079(19) 0.23369(26) 0.87921(19) 0.0224 Uiso
O9_9 O 0.68316(11) 0.05248(11) 0.75664(12) 0.0177 Uiso
C16_9 C 0.70329(10) 0.07085(15) 0.79671(10) 0.0224 Uiso
C17_9 C 0.67776(12) 0.11404(15) 0.82224(12) 0.0224 Uiso
C18_9 C 0.63539(11) 0.13539(11) 0.79944(18) 0.0224 Uiso
H6_9 H 0.62079(19) 0.12079(19) 0.76631(26) 0.0224 Uiso
O12_7 O 0.74336(12) 0.05248(11) 0.81684(11) 0.0177 Uiso
O19_6 O 0.75664(12) 0.05248(11) 0.68316(11) 0.0177 Uiso
C1_10 C 0.20329(10) 0.70329(10) 0.92915(15) 0.0224 Uiso
C2_10 C 0.17776(12) 0.67776(12) 0.88596(15) 0.0224 Uiso
C3_10 C 0.20056(18) 0.63539(11) 0.86461(11) 0.0224 Uiso
H1_10 H 0.23369(26) 0.62079(19) 0.87921(19) 0.0224 Uiso
C4_10 C 0.07085(15) 0.70329(10) 0.79671(10) 0.0224 Uiso
C5_10 C 0.11404(15) 0.67776(12) 0.82224(12) 0.0224 Uiso
C6_10 C 0.13539(11) 0.70056(18) 0.86461(11) 0.0224 Uiso
H2_10 H 0.12079(19) 0.73369(26) 0.87921(19) 0.0224 Uiso
O3_10 O 0.18316(11) 0.55248(11) 0.75664(12) 0.0177 Uiso
C7_10 C 0.20329(10) 0.57085(15) 0.79671(10) 0.0224 Uiso
C8_10 C 0.17776(12) 0.61404(15) 0.82224(12) 0.0224 Uiso
C9_10 C 0.13539(11) 0.63539(11) 0.79944(18) 0.0224 Uiso
H3_10 H 0.12079(19) 0.62079(19) 0.76631(26) 0.0224 Uiso
O6_7 O 0.24336(12) 0.55248(11) 0.81684(11) 0.0177 Uiso
C10_10 C 0.29671(10) 0.79671(10) 0.92915(15) 0.0224 Uiso
C11_10 C 0.32224(12) 0.82224(12) 0.88596(15) 0.0224 Uiso
C12_10 C 0.29944(18) 0.86461(11) 0.86461(11) 0.0224 Uiso
H4_10 H 0.26631(26) 0.87921(19) 0.87921(19) 0.0224 Uiso
C13_10 C 0.42915(15) 0.79671(10) 0.79671(10) 0.0224 Uiso
C14_10 C 0.38596(15) 0.82224(12) 0.82224(12) 0.0224 Uiso
C15_10 C 0.36461(11) 0.79944(18) 0.86461(11) 0.0224 Uiso
H5_10 H 0.37921(19) 0.76631(26) 0.87921(19) 0.0224 Uiso
O9_10 O 0.31684(11) 0.94752(11) 0.75664(12) 0.0177 Uiso
C16_10 C 0.29671(10) 0.92915(15) 0.79671(10) 0.0224 Uiso
C17_10 C 0.32224(12) 0.88596(15) 0.82224(12) 0.0224 Uiso
C18_10 C 0.36461(11) 0.86461(11) 0.79944(18) 0.0224 Uiso
H6_10 H 0.37921(19) 0.87921(19) 0.76631(26) 0.0224 Uiso
O12_8 O 0.25664(12) 0.94752(11) 0.81684(11) 0.0177 Uiso
O19_7 O 0.24336(12) 0.94752(11) 0.68316(11) 0.0177 Uiso
O19_8 O 0.25664(12) 0.55248(11) 0.68316(11) 0.0177 Uiso
O19_9 O 0.74336(12) 0.44752(11) 0.68316(11) 0.0177 Uiso
C1_11 C 0.79671(10) 0.79671(10) 0.42915(15) 0.0224 Uiso
C2_11 C 0.82224(12) 0.82224(12) 0.38596(15) 0.0224 Uiso
C3_11 C 0.79944(18) 0.86461(11) 0.36461(11) 0.0224 Uiso
H1_11 H 0.76631(26) 0.87921(19) 0.37921(19) 0.0224 Uiso
C4_11 C 0.92915(15) 0.79671(10) 0.29671(10) 0.0224 Uiso
C5_11 C 0.88596(15) 0.82224(12) 0.32224(12) 0.0224 Uiso
C6_11 C 0.86461(11) 0.79944(18) 0.36461(11) 0.0224 Uiso
H2_11 H 0.87921(19) 0.76631(26) 0.37921(19) 0.0224 Uiso
O3_11 O 0.81684(11) 0.94752(11) 0.25664(12) 0.0177 Uiso
C7_11 C 0.79671(10) 0.92915(15) 0.29671(10) 0.0224 Uiso
C8_11 C 0.82224(12) 0.88596(15) 0.32224(12) 0.0224 Uiso
C9_11 C 0.86461(11) 0.86461(11) 0.29944(18) 0.0224 Uiso
H3_11 H 0.87921(19) 0.87921(19) 0.26631(26) 0.0224 Uiso
O6_8 O 0.75664(12) 0.94752(11) 0.31684(11) 0.0177 Uiso
C10_11 C 0.70329(10) 0.70329(10) 0.42915(15) 0.0224 Uiso
C11_11 C 0.67776(12) 0.67776(12) 0.38596(15) 0.0224 Uiso
C12_11 C 0.70056(18) 0.63539(11) 0.36461(11) 0.0224 Uiso
H4_11 H 0.73369(26) 0.62079(19) 0.37921(19) 0.0224 Uiso
C13_11 C 0.57085(15) 0.70329(10) 0.29671(10) 0.0224 Uiso
C14_11 C 0.61404(15) 0.67776(12) 0.32224(12) 0.0224 Uiso
C15_11 C 0.63539(11) 0.70056(18) 0.36461(11) 0.0224 Uiso
H5_11 H 0.62079(19) 0.73369(26) 0.37921(19) 0.0224 Uiso
O9_11 O 0.68316(11) 0.55248(11) 0.25664(12) 0.0177 Uiso
C16_11 C 0.70329(10) 0.57085(15) 0.29671(10) 0.0224 Uiso
C17_11 C 0.67776(12) 0.61404(15) 0.32224(12) 0.0224 Uiso
C18_11 C 0.63539(11) 0.63539(11) 0.29944(18) 0.0224 Uiso
H6_11 H 0.62079(19) 0.62079(19) 0.26631(26) 0.0224 Uiso
O12_9 O 0.74336(12) 0.55248(11) 0.31684(11) 0.0177 Uiso
O19_10 O 0.75664(12) 0.55248(11) 0.18316(11) 0.0177 Uiso
O19_11 O 0.74336(12) 0.94752(11) 0.18316(11) 0.0177 Uiso
C1_12 C 0.20329(10) 0.20329(10) 0.42915(15) 0.0224 Uiso
C2_12 C 0.17776(12) 0.17776(12) 0.38596(15) 0.0224 Uiso
C3_12 C 0.20056(18) 0.13539(11) 0.36461(11) 0.0224 Uiso
H1_12 H 0.23369(26) 0.12079(19) 0.37921(19) 0.0224 Uiso
C4_12 C 0.07085(15) 0.20329(10) 0.29671(10) 0.0224 Uiso
C5_12 C 0.11404(15) 0.17776(12) 0.32224(12) 0.0224 Uiso
C6_12 C 0.13539(11) 0.20056(18) 0.36461(11) 0.0224 Uiso
H2_12 H 0.12079(19) 0.23369(26) 0.37921(19) 0.0224 Uiso
O3_12 O 0.18316(11) 0.05248(11) 0.25664(12) 0.0177 Uiso
C7_12 C 0.20329(10) 0.07085(15) 0.29671(10) 0.0224 Uiso
C8_12 C 0.17776(12) 0.11404(15) 0.32224(12) 0.0224 Uiso
C9_12 C 0.13539(11) 0.13539(11) 0.29944(18) 0.0224 Uiso
H3_12 H 0.12079(19) 0.12079(19) 0.26631(26) 0.0224 Uiso
O6_9 O 0.24336(12) 0.05248(11) 0.31684(11) 0.0177 Uiso
C10_12 C 0.29671(10) 0.29671(10) 0.42915(15) 0.0224 Uiso
C11_12 C 0.32224(12) 0.32224(12) 0.38596(15) 0.0224 Uiso
C12_12 C 0.29944(18) 0.36461(11) 0.36461(11) 0.0224 Uiso
H4_12 H 0.26631(26) 0.37921(19) 0.37921(19) 0.0224 Uiso
C13_12 C 0.42915(15) 0.29671(10) 0.29671(10) 0.0224 Uiso
C14_12 C 0.38596(15) 0.32224(12) 0.32224(12) 0.0224 Uiso
C15_12 C 0.36461(11) 0.29944(18) 0.36461(11) 0.0224 Uiso
H5_12 H 0.37921(19) 0.26631(26) 0.37921(19) 0.0224 Uiso
O9_12 O 0.31684(11) 0.44752(11) 0.25664(12) 0.0177 Uiso
C16_12 C 0.29671(10) 0.42915(15) 0.29671(10) 0.0224 Uiso
C17_12 C 0.32224(12) 0.38596(15) 0.32224(12) 0.0224 Uiso
C18_12 C 0.36461(11) 0.36461(11) 0.29944(18) 0.0224 Uiso
H6_12 H 0.37921(19) 0.37921(19) 0.26631(26) 0.0224 Uiso
O12_10 O 0.25664(12) 0.44752(11) 0.31684(11) 0.0177 Uiso
O19_12 O 0.24336(12) 0.44752(11) 0.18316(11) 0.0177 Uiso
O19_13 O 0.25664(12) 0.05248(11) 0.18316(11) 0.0177 Uiso
C1_13 C 0.42915(15) 0.70329(10) 0.70329(10) 0.0224 Uiso
C2_13 C 0.38596(15) 0.67776(12) 0.67776(12) 0.0224 Uiso
C3_13 C 0.36461(11) 0.70056(18) 0.63539(11) 0.0224 Uiso
H1_13 H 0.37921(19) 0.73369(26) 0.62079(19) 0.0224 Uiso
O2_9 O 0.31684(11) 0.55248(11) 0.74336(12) 0.0177 Uiso
C4_13 C 0.29671(10) 0.57085(15) 0.70329(10) 0.0224 Uiso
C5_13 C 0.32224(12) 0.61404(15) 0.67776(12) 0.0224 Uiso
C6_13 C 0.36461(11) 0.63539(11) 0.70056(18) 0.0224 Uiso
H2_13 H 0.37921(19) 0.62079(19) 0.73369(26) 0.0224 Uiso
C7_13 C 0.29671(10) 0.70329(10) 0.57085(15) 0.0224 Uiso
C8_13 C 0.32224(12) 0.67776(12) 0.61404(15) 0.0224 Uiso
C9_13 C 0.29944(18) 0.63539(11) 0.63539(11) 0.0224 Uiso
H3_13 H 0.26631(26) 0.62079(19) 0.62079(19) 0.0224 Uiso
C10_13 C 0.07085(15) 0.79671(10) 0.70329(10) 0.0224 Uiso
C11_13 C 0.11404(15) 0.82224(12) 0.67776(12) 0.0224 Uiso
C12_13 C 0.13539(11) 0.79944(18) 0.63539(11) 0.0224 Uiso
H4_13 H 0.12079(19) 0.76631(26) 0.62079(19) 0.0224 Uiso
O8_9 O 0.18316(11) 0.94752(11) 0.74336(12) 0.0177 Uiso
C13_13 C 0.20329(10) 0.92915(15) 0.70329(10) 0.0224 Uiso
C14_13 C 0.17776(12) 0.88596(15) 0.67776(12) 0.0224 Uiso
C15_13 C 0.13539(11) 0.86461(11) 0.70056(18) 0.0224 Uiso
H5_13 H 0.12079(19) 0.87921(19) 0.73369(26) 0.0224 Uiso
C16_13 C 0.20329(10) 0.79671(10) 0.57085(15) 0.0224 Uiso
C17_13 C 0.17776(12) 0.82224(12) 0.61404(15) 0.0224 Uiso
C18_13 C 0.20056(18) 0.86461(11) 0.63539(11) 0.0224 Uiso
H6_13 H 0.23369(26) 0.87921(19) 0.62079(19) 0.0224 Uiso
C1_14 C 0.20329(10) 0.29671(10) 0.07085(15) 0.0224 Uiso
C2_14 C 0.17776(12) 0.32224(12) 0.11404(15) 0.0224 Uiso
C3_14 C 0.20056(18) 0.36461(11) 0.13539(11) 0.0224 Uiso
H1_14 H 0.23369(26) 0.37921(19) 0.12079(19) 0.0224 Uiso
C4_14 C 0.07085(15) 0.29671(10) 0.20329(10) 0.0224 Uiso
C5_14 C 0.11404(15) 0.32224(12) 0.17776(12) 0.0224 Uiso
C6_14 C 0.13539(11) 0.29944(18) 0.13539(11) 0.0224 Uiso
H2_14 H 0.12079(19) 0.26631(26) 0.12079(19) 0.0224 Uiso
O3_13 O 0.18316(11) 0.44752(11) 0.24336(12) 0.0177 Uiso
C7_14 C 0.20329(10) 0.42915(15) 0.20329(10) 0.0224 Uiso
C8_14 C 0.17776(12) 0.38596(15) 0.17776(12) 0.0224 Uiso
C9_14 C 0.13539(11) 0.36461(11) 0.20056(18) 0.0224 Uiso
H3_14 H 0.12079(19) 0.37921(19) 0.23369(26) 0.0224 Uiso
C10_14 C 0.29671(10) 0.20329(10) 0.07085(15) 0.0224 Uiso
C11_14 C 0.32224(12) 0.17776(12) 0.11404(15) 0.0224 Uiso
C12_14 C 0.29944(18) 0.13539(11) 0.13539(11) 0.0224 Uiso
H4_14 H 0.26631(26) 0.12079(19) 0.12079(19) 0.0224 Uiso
C13_14 C 0.42915(15) 0.20329(10) 0.20329(10) 0.0224 Uiso
C14_14 C 0.38596(15) 0.17776(12) 0.17776(12) 0.0224 Uiso
C15_14 C 0.36461(11) 0.20056(18) 0.13539(11) 0.0224 Uiso
H5_14 H 0.37921(19) 0.23369(26) 0.12079(19) 0.0224 Uiso
O9_13 O 0.31684(11) 0.05248(11) 0.24336(12) 0.0177 Uiso
C16_14 C 0.29671(10) 0.07085(15) 0.20329(10) 0.0224 Uiso
C17_14 C 0.32224(12) 0.11404(15) 0.17776(12) 0.0224 Uiso
C18_14 C 0.36461(11) 0.13539(11) 0.20056(18) 0.0224 Uiso
H6_14 H 0.37921(19) 0.12079(19) 0.23369(26) 0.0224 Uiso
C1_15 C 0.79671(10) 0.70329(10) 0.07085(15) 0.0224 Uiso
C2_15 C 0.82224(12) 0.67776(12) 0.11404(15) 0.0224 Uiso
C3_15 C 0.79944(18) 0.63539(11) 0.13539(11) 0.0224 Uiso
H1_15 H 0.76631(26) 0.62079(19) 0.12079(19) 0.0224 Uiso
C4_15 C 0.92915(15) 0.70329(10) 0.20329(10) 0.0224 Uiso
C5_15 C 0.88596(15) 0.67776(12) 0.17776(12) 0.0224 Uiso
C6_15 C 0.86461(11) 0.70056(18) 0.13539(11) 0.0224 Uiso
H2_15 H 0.87921(19) 0.73369(26) 0.12079(19) 0.0224 Uiso
O3_14 O 0.81684(11) 0.55248(11) 0.24336(12) 0.0177 Uiso
C7_15 C 0.79671(10) 0.57085(15) 0.20329(10) 0.0224 Uiso
C8_15 C 0.82224(12) 0.61404(15) 0.17776(12) 0.0224 Uiso
C9_15 C 0.86461(11) 0.63539(11) 0.20056(18) 0.0224 Uiso
H3_15 H 0.87921(19) 0.62079(19) 0.23369(26) 0.0224 Uiso
C10_15 C 0.70329(10) 0.79671(10) 0.07085(15) 0.0224 Uiso
C11_15 C 0.67776(12) 0.82224(12) 0.11404(15) 0.0224 Uiso
C12_15 C 0.70056(18) 0.86461(11) 0.13539(11) 0.0224 Uiso
H4_15 H 0.73369(26) 0.87921(19) 0.12079(19) 0.0224 Uiso
C13_15 C 0.57085(15) 0.79671(10) 0.20329(10) 0.0224 Uiso
C14_15 C 0.61404(15) 0.82224(12) 0.17776(12) 0.0224 Uiso
C15_15 C 0.63539(11) 0.79944(18) 0.13539(11) 0.0224 Uiso
H5_15 H 0.62079(19) 0.76631(26) 0.12079(19) 0.0224 Uiso
O9_14 O 0.68316(11) 0.94752(11) 0.24336(12) 0.0177 Uiso
C16_15 C 0.70329(10) 0.92915(15) 0.20329(10) 0.0224 Uiso
C17_15 C 0.67776(12) 0.88596(15) 0.17776(12) 0.0224 Uiso
C18_15 C 0.63539(11) 0.86461(11) 0.20056(18) 0.0224 Uiso
H6_15 H 0.62079(19) 0.87921(19) 0.23369(26) 0.0224 Uiso
O7_9 O 0.81684(11) 0.05248(11) 0.74336(12) 0.0177 Uiso
C10_16 C 0.79671(10) 0.07085(15) 0.70329(10) 0.0224 Uiso
C11_16 C 0.82224(12) 0.11404(15) 0.67776(12) 0.0224 Uiso
C12_16 C 0.86461(11) 0.13539(11) 0.70056(18) 0.0224 Uiso
H4_16 H 0.87921(19) 0.12079(19) 0.73369(26) 0.0224 Uiso
C13_16 C 0.79671(10) 0.20329(10) 0.57085(15) 0.0224 Uiso
C14_16 C 0.82224(12) 0.17776(12) 0.61404(15) 0.0224 Uiso
C15_16 C 0.79944(18) 0.13539(11) 0.63539(11) 0.0224 Uiso
H5_16 H 0.76631(26) 0.12079(19) 0.62079(19) 0.0224 Uiso
C16_16 C 0.92915(15) 0.20329(10) 0.70329(10) 0.0224 Uiso
C17_16 C 0.88596(15) 0.17776(12) 0.67776(12) 0.0224 Uiso
C18_16 C 0.86461(11) 0.20056(18) 0.63539(11) 0.0224 Uiso
H6_16 H 0.87921(19) 0.23369(26) 0.62079(19) 0.0224 Uiso
O15_17 O 0.68316(11) 0.44752(11) 0.74336(12) 0.0177 Uiso
C1_16 C 0.70329(10) 0.42915(15) 0.70329(10) 0.0224 Uiso
C2_16 C 0.67776(12) 0.38596(15) 0.67776(12) 0.0224 Uiso
C3_16 C 0.63539(11) 0.36461(11) 0.70056(18) 0.0224 Uiso
H1_16 H 0.62079(19) 0.37921(19) 0.73369(26) 0.0224 Uiso
C4_16 C 0.70329(10) 0.29671(10) 0.57085(15) 0.0224 Uiso
C5_16 C 0.67776(12) 0.32224(12) 0.61404(15) 0.0224 Uiso
C6_16 C 0.70056(18) 0.36461(11) 0.63539(11) 0.0224 Uiso
H2_16 H 0.73369(26) 0.37921(19) 0.62079(19) 0.0224 Uiso
C7_16 C 0.57085(15) 0.29671(10) 0.70329(10) 0.0224 Uiso
C8_16 C 0.61404(15) 0.32224(12) 0.67776(12) 0.0224 Uiso
C9_16 C 0.63539(11) 0.29944(18) 0.63539(11) 0.0224 Uiso
H3_16 H 0.62079(19) 0.26631(26) 0.62079(19) 0.0224 Uiso
loop_
_geom_bond_atom_site_label_1
_geom_bond_atom_site_label_2
_geom_bond_site_symmetry_1
_geom_bond_site_symmetry_2
Cr2 Cr1 1_555 1_555
O13 Cr1 1_555 1_555
O14 Cr2 1_555 1_555
O16 Cr2 1_555 1_555
O17 Cr1 1_555 1_555
Cr1_2 O1 1_555 1_555
O1 C1 1_555 1_555
C1 C2 1_555 1_555
C2 C3 1_555 1_555
C3 H1 1_555 1_555
O2 C4 1_555 1_555
C4 C5 1_555 1_555
C5 C6 1_555 1_555
C6 C2 1_555 1_555
H2 C6 1_555 1_555
O3 C7 1_555 1_555
C7 C8 1_555 1_555
C8 C3 1_555 1_555
C9 C5 1_555 1_555
H3 C9 1_555 1_555
O4 C1 1_555 1_555
O5 C4 1_555 1_555
O6 C7 1_555 1_555
Cr2_2 Cr1_2 1_555 1_555
O7 Cr2_2 1_555 1_555
C10 O7 1_555 1_555
C11 C10 1_555 1_555
C12 C11 1_555 1_555
H4 C12 1_555 1_555
O8 C13 1_555 1_555
C13 C14 1_555 1_555
C14 C15 1_555 1_555
C15 C11 1_555 1_555
H5 C15 1_555 1_555
O9 C16 1_555 1_555
C16 C17 1_555 1_555
C17 C12 1_555 1_555
C18 C14 1_555 1_555
H6 C18 1_555 1_555
O10 Cr1_2 1_555 1_555
O11 C13 1_555 1_555
O12 C16 1_555 1_555
Cr3 O9 1_555 1_555
Cr4 O5 1_555 1_555
Cr5 O12 1_555 1_555
Cr6 O8 1_555 1_555
Cr7 O6 1_555 1_555
Cr8 O2 1_555 1_555
Cr9 O3 1_555 1_555
Cr10 O11 1_555 1_555
O19 Cr3 1_555 1_555
C8 C9 1_555 1_555
O4 Cr2_2 1_555 1_555
C10 O10 1_555 1_555
C17 C18 1_555 1_555
Cr3 Cr5 1_555 1_555
Cr4 Cr8 1_555 1_555
Cr6 Cr10 1_555 1_555
Cr7 Cr9 1_555 1_555
Cr4_2 Cr8_2 1_555 1_555
O15 Cr3_2 1_555 1_555
O18 Cr3_2 1_555 1_555
Cr3_2 Cr5_2 1_555 1_555
Cr6_2 Cr10_2 1_555 1_555
Cr1_3 O1_2 1_555 1_555
O1_2 C1_2 1_555 1_555
C1_2 C2_2 1_555 1_555
C2_2 C3_2 1_555 1_555
C3_2 H1_2 1_555 1_555
O2_2 C4_2 1_555 1_555
C4_2 C5_2 1_555 1_555
C5_2 C6_2 1_555 1_555
C6_2 C2_2 1_555 1_555
H2_2 C6_2 1_555 1_555
O3_2 C7_2 1_555 1_555
C7_2 C8_2 1_555 1_555
C8_2 C3_2 1_555 1_555
C9_2 C5_2 1_555 1_555
H3_2 C9_2 1_555 1_555
O4_2 C1_2 1_555 1_555
O5_2 C4_2 1_555 1_555
O6_2 C7_2 1_555 1_555
Cr2_3 Cr1_3 1_555 1_555
O7_2 Cr2_3 1_555 1_555
C10_2 O7_2 1_555 1_555
C11_2 C10_2 1_555 1_555
C12_2 C11_2 1_555 1_555
H4_2 C12_2 1_555 1_555
O8_2 C13_2 1_555 1_555
C13_2 C14_2 1_555 1_555
C14_2 C15_2 1_555 1_555
C15_2 C11_2 1_555 1_555
H5_2 C15_2 1_555 1_555
O9_2 C16_2 1_555 1_555
C16_2 C17_2 1_555 1_555
C17_2 C12_2 1_555 1_555
C18_2 C14_2 1_555 1_555
H6_2 C18_2 1_555 1_555
O10_2 Cr1_3 1_555 1_555
O11_2 C13_2 1_555 1_555
O12_2 C16_2 1_555 1_555
Cr3_3 O9_2 1_555 1_555
Cr4_3 O5_2 1_555 1_555
Cr5_3 O12_2 1_555 1_555
Cr6_3 O8_2 1_555 1_555
Cr7_2 O6_2 1_555 1_555
Cr8_3 O2_2 1_555 1_555
Cr9_2 O3_2 1_555 1_555
Cr10_3 O11_2 1_555 1_555
O13_2 Cr1_3 1_555 1_555
O14_2 Cr2_3 1_555 1_555
O16_2 Cr2_3 1_555 1_555
O17_2 Cr1_3 1_555 1_555
O19_2 Cr3_3 1_555 1_555
